19 11 132
99 4 255 128 33 105 10 2050 01 02 16 00 1
0      0      1      0      0     21
0 12 11 51144.00 2686.00 128 52249.70 4552.50 26000 15000 96
31.71 31.71 31.71 31.71 31.71 31.71 31.71 31.71 31.71 31.71 31.71 31.71 
31.71 31.71 31.71 31.71 31.71 31.71 31.71 31.71 31.71 31.71 31.71 31.71 
31.71 31.71 31.71 31.71 31.71 31.71 31.71 31.71 31.71 31.71 31.71 31.71 
31.71 31.71 31.71 31.71 31.71 31.71 31.71 31.71 31.71 31.71 31.71 31.71 
31.71 31.71 31.71 31.71 31.71 31.71 31.71 31.71 31.71 31.71 31.71 31.71 
31.71 31.71 31.71 31.71 31.71 31.71 30.72 31.43 31.43 31.43 31.46 31.49 
31.57 31.71 31.71 31.71 31.71 30.72 30.72 30.97 30.97 31.00 31.07 31.57 
31.57 31.71 31.71 31.71 30.72 30.72 30.72 30.51 30.57 31.07 31.07 31.57 
31.57 31.71 31.71 30.12 30.29 30.29 30.16 30.57 30.57 31.07 31.07 31.57 
31.57 31.71 30.12 30.12 30.12 30.12 30.12 30.12 30.57 31.07 31.07 31.57 
31.57 30.12 30.12 30.12 30.12 30.12 30.12 30.57 31.07 31.07 31.57 31.57 
