19 11 132
99 4 255 128 33 105 10 2050 01 03 10 30 1
0      0      1      0      0     21
0 12 11 51144.00 2686.00 128 52249.70 4552.50 26000 15000 96
12.85 12.85 12.85 12.85 12.85 12.85 12.85 12.85 12.85 12.85 12.85 12.85 
12.85 12.85 12.85 12.85 12.85 12.85 12.85 12.85 12.85 12.85 12.85 12.85 
12.85 12.85 12.85 12.85 12.85 12.85 12.85 12.85 12.85 12.85 12.85 12.85 
12.85 12.85 12.85 12.85 12.85 12.85 12.85 12.85 12.85 12.85 12.85 12.85 
12.85 12.85 12.85 12.85 12.85 12.85 12.85 12.85 12.85 12.85 12.85 12.85 
12.85 12.85 12.85 12.85 12.85 12.85 12.45 12.74 12.74 12.74 12.75 12.76 
12.80 12.85 12.85 12.85 12.85 12.45 12.45 12.55 12.55 12.57 12.59 12.80 
12.80 12.85 12.85 12.85 12.45 12.45 12.45 12.37 12.39 12.59 12.59 12.80 
12.80 12.85 12.85 12.21 12.28 12.28 12.23 12.39 12.39 12.59 12.59 12.80 
12.80 12.85 12.21 12.21 12.21 12.21 12.21 12.21 12.39 12.59 12.59 12.80 
12.80 12.21 12.21 12.21 12.21 12.21 12.21 12.39 12.59 12.59 12.80 12.80 
