19 11 132
99 4 255 128 33 105 10 2050 01 02 07 30 1
0      0      1      0      0     21
0 12 11 51144.00 2686.00 128 52249.70 4552.50 26000 15000 96
20.04 20.04 20.04 20.04 20.04 20.04 20.04 20.04 20.04 20.04 20.04 20.04 
20.04 20.04 20.04 20.04 20.04 20.04 20.04 20.04 20.04 20.04 20.04 20.04 
20.04 20.04 20.04 20.04 20.04 20.04 20.04 20.04 20.04 20.04 20.04 20.04 
20.04 20.04 20.04 20.04 20.04 20.04 20.04 20.04 20.04 20.04 20.04 20.04 
20.04 20.04 20.04 20.04 20.04 20.04 20.04 20.04 20.04 20.04 20.04 20.04 
20.04 20.04 20.04 20.04 20.04 20.04 19.42 19.87 19.87 19.87 19.89 19.91 
19.96 20.04 20.04 20.04 20.04 19.42 19.42 19.58 19.58 19.60 19.64 19.96 
19.96 20.04 20.04 20.04 19.42 19.42 19.42 19.29 19.32 19.64 19.64 19.96 
19.96 20.04 20.04 19.04 19.15 19.15 19.06 19.32 19.32 19.64 19.64 19.96 
19.96 20.04 19.04 19.04 19.04 19.04 19.04 19.04 19.32 19.64 19.64 19.96 
19.96 19.04 19.04 19.04 19.04 19.04 19.04 19.32 19.64 19.64 19.96 19.96 
