19 11 132
99 4 255 128 33 105 10 2050 01 02 18 00 1
0      0      1      0      0     21
0 12 11 51144.00 2686.00 128 52249.70 4552.50 26000 15000 96
28.74 28.74 28.74 28.74 28.74 28.74 28.74 28.74 28.74 28.74 28.74 28.74 
28.74 28.74 28.74 28.74 28.74 28.74 28.74 28.74 28.74 28.74 28.74 28.74 
28.74 28.74 28.74 28.74 28.74 28.74 28.74 28.74 28.74 28.74 28.74 28.74 
28.74 28.74 28.74 28.74 28.74 28.74 28.74 28.74 28.74 28.74 28.74 28.74 
28.74 28.74 28.74 28.74 28.74 28.74 28.74 28.74 28.74 28.74 28.74 28.74 
28.74 28.74 28.74 28.74 28.74 28.74 27.85 28.49 28.49 28.49 28.51 28.54 
28.61 28.74 28.74 28.74 28.74 27.85 27.85 28.07 28.07 28.10 28.16 28.61 
28.61 28.74 28.74 28.74 27.85 27.85 27.85 27.65 27.71 28.16 28.16 28.61 
28.61 28.74 28.74 27.30 27.45 27.45 27.34 27.71 27.71 28.16 28.16 28.61 
28.61 28.74 27.30 27.30 27.30 27.30 27.30 27.30 27.71 28.16 28.16 28.61 
28.61 27.30 27.30 27.30 27.30 27.30 27.30 27.71 28.16 28.16 28.61 28.61 
