19 11 132
99 4 255 128 33 105 10 2050 01 01 23 30 1
0      0      1      0      0     21
0 12 11 51144.00 2686.00 128 52249.70 4552.50 26000 15000 96
13.90 13.90 13.90 13.90 13.90 13.90 13.90 13.90 13.90 13.90 13.90 13.90 
13.90 13.90 13.90 13.90 13.90 13.90 13.90 13.90 13.90 13.90 13.90 13.90 
13.90 13.90 13.90 13.90 13.90 13.90 13.90 13.90 13.90 13.90 13.90 13.90 
13.90 13.90 13.90 13.90 13.90 13.90 13.90 13.90 13.90 13.90 13.90 13.90 
13.90 13.90 13.90 13.90 13.90 13.90 13.90 13.90 13.90 13.90 13.90 13.90 
13.90 13.90 13.90 13.90 13.90 13.90 13.47 13.78 13.78 13.78 13.79 13.80 
13.84 13.90 13.90 13.90 13.90 13.47 13.47 13.58 13.58 13.59 13.62 13.84 
13.84 13.90 13.90 13.90 13.47 13.47 13.47 13.37 13.40 13.62 13.62 13.84 
13.84 13.90 13.90 13.20 13.28 13.28 13.22 13.40 13.40 13.62 13.62 13.84 
13.84 13.90 13.20 13.20 13.20 13.20 13.20 13.20 13.40 13.62 13.62 13.84 
13.84 13.20 13.20 13.20 13.20 13.20 13.20 13.40 13.62 13.62 13.84 13.84 
