19 11 132
99 4 255 128 33 105 10 2050 01 03 14 30 1
0      0      1      0      0     21
0 12 11 51144.00 2686.00 128 52249.70 4552.50 26000 15000 96
11.12 11.12 11.12 11.12 11.12 11.12 11.12 11.12 11.12 11.12 11.12 11.12 
11.12 11.12 11.12 11.12 11.12 11.12 11.12 11.12 11.12 11.12 11.12 11.12 
11.12 11.12 11.12 11.12 11.12 11.12 11.12 11.12 11.12 11.12 11.12 11.12 
11.12 11.12 11.12 11.12 11.12 11.12 11.12 11.12 11.12 11.12 11.12 11.12 
11.12 11.12 11.12 11.12 11.12 11.12 11.12 11.12 11.12 11.12 11.12 11.12 
11.12 11.12 11.12 11.12 11.12 11.12 10.77 11.02 11.02 11.02 11.03 11.04 
11.07 11.12 11.12 11.12 11.12 10.77 10.77 10.86 10.86 10.87 10.89 11.07 
11.07 11.12 11.12 11.12 10.77 10.77 10.77 10.70 10.72 10.89 10.89 11.07 
11.07 11.12 11.12 10.56 10.62 10.62 10.57 10.72 10.72 10.89 10.89 11.07 
11.07 11.12 10.56 10.56 10.56 10.56 10.56 10.56 10.72 10.89 10.89 11.07 
11.07 10.56 10.56 10.56 10.56 10.56 10.56 10.72 10.89 10.89 11.07 11.07 
