19 11 132
99 4 255 128 33 105 10 2050 01 04 14 00 1
0      0      1      0      0     21
0 12 11 51144.00 2686.00 128 52249.70 4552.50 26000 15000 96
5.94 5.94 5.94 5.94 5.94 5.94 5.94 5.94 5.94 5.94 5.94 5.94 
5.94 5.94 5.94 5.94 5.94 5.94 5.94 5.94 5.94 5.94 5.94 5.94 
5.94 5.94 5.94 5.94 5.94 5.94 5.94 5.94 5.94 5.94 5.94 5.94 
5.94 5.94 5.94 5.94 5.94 5.94 5.94 5.94 5.94 5.94 5.94 5.94 
5.94 5.94 5.94 5.94 5.94 5.94 5.94 5.94 5.94 5.94 5.94 5.94 
5.94 5.94 5.94 5.94 5.94 5.94 5.75 5.89 5.89 5.89 5.89 5.90 
5.91 5.94 5.94 5.94 5.94 5.75 5.75 5.80 5.80 5.80 5.82 5.91 
5.91 5.94 5.94 5.94 5.75 5.75 5.75 5.71 5.72 5.82 5.82 5.91 
5.91 5.94 5.94 5.64 5.67 5.67 5.65 5.72 5.72 5.82 5.82 5.91 
5.91 5.94 5.64 5.64 5.64 5.64 5.64 5.64 5.72 5.82 5.82 5.91 
5.91 5.64 5.64 5.64 5.64 5.64 5.64 5.72 5.82 5.82 5.91 5.91 
