19 11 132
99 4 255 128 33 105 10 2050 01 02 05 00 1
0      0      1      0      0     21
0 12 11 51144.00 2686.00 128 52249.70 4552.50 26000 15000 96
17.70 17.70 17.70 17.70 17.70 17.70 17.70 17.70 17.70 17.70 17.70 17.70 
17.70 17.70 17.70 17.70 17.70 17.70 17.70 17.70 17.70 17.70 17.70 17.70 
17.70 17.70 17.70 17.70 17.70 17.70 17.70 17.70 17.70 17.70 17.70 17.70 
17.70 17.70 17.70 17.70 17.70 17.70 17.70 17.70 17.70 17.70 17.70 17.70 
17.70 17.70 17.70 17.70 17.70 17.70 17.70 17.70 17.70 17.70 17.70 17.70 
17.70 17.70 17.70 17.70 17.70 17.70 17.16 17.55 17.55 17.55 17.57 17.58 
17.63 17.70 17.70 17.70 17.70 17.16 17.16 17.29 17.29 17.31 17.35 17.63 
17.63 17.70 17.70 17.70 17.16 17.16 17.16 17.04 17.07 17.35 17.35 17.63 
17.63 17.70 17.70 16.82 16.91 16.91 16.84 17.07 17.07 17.35 17.35 17.63 
17.63 17.70 16.82 16.82 16.82 16.82 16.82 16.82 17.07 17.35 17.35 17.63 
17.63 16.82 16.82 16.82 16.82 16.82 16.82 17.07 17.35 17.35 17.63 17.63 
