19 11 132
99 4 255 128 33 105 10 2050 01 02 00 30 1
0      0      1      0      0     21
0 12 11 51144.00 2686.00 128 52249.70 4552.50 26000 15000 96
14.48 14.48 14.48 14.48 14.48 14.48 14.48 14.48 14.48 14.48 14.48 14.48 
14.48 14.48 14.48 14.48 14.48 14.48 14.48 14.48 14.48 14.48 14.48 14.48 
14.48 14.48 14.48 14.48 14.48 14.48 14.48 14.48 14.48 14.48 14.48 14.48 
14.48 14.48 14.48 14.48 14.48 14.48 14.48 14.48 14.48 14.48 14.48 14.48 
14.48 14.48 14.48 14.48 14.48 14.48 14.48 14.48 14.48 14.48 14.48 14.48 
14.48 14.48 14.48 14.48 14.48 14.48 14.03 14.36 14.36 14.36 14.37 14.38 
14.42 14.48 14.48 14.48 14.48 14.03 14.03 14.14 14.14 14.16 14.19 14.42 
14.42 14.48 14.48 14.48 14.03 14.03 14.03 13.93 13.96 14.19 14.19 14.42 
14.42 14.48 14.48 13.76 13.83 13.83 13.77 13.96 13.96 14.19 14.19 14.42 
14.42 14.48 13.76 13.76 13.76 13.76 13.76 13.76 13.96 14.19 14.19 14.42 
14.42 13.76 13.76 13.76 13.76 13.76 13.76 13.96 14.19 14.19 14.42 14.42 
