19 11 132
99 4 255 128 33 105 10 2050 01 04 03 00 1
0      0      1      0      0     21
0 12 11 51144.00 2686.00 128 52249.70 4552.50 26000 15000 96
7.67 7.67 7.67 7.67 7.67 7.67 7.67 7.67 7.67 7.67 7.67 7.67 
7.67 7.67 7.67 7.67 7.67 7.67 7.67 7.67 7.67 7.67 7.67 7.67 
7.67 7.67 7.67 7.67 7.67 7.67 7.67 7.67 7.67 7.67 7.67 7.67 
7.67 7.67 7.67 7.67 7.67 7.67 7.67 7.67 7.67 7.67 7.67 7.67 
7.67 7.67 7.67 7.67 7.67 7.67 7.67 7.67 7.67 7.67 7.67 7.67 
7.67 7.67 7.67 7.67 7.67 7.67 7.43 7.60 7.60 7.60 7.61 7.62 
7.63 7.67 7.67 7.67 7.67 7.43 7.43 7.49 7.49 7.50 7.51 7.63 
7.63 7.67 7.67 7.67 7.43 7.43 7.43 7.38 7.39 7.51 7.51 7.63 
7.63 7.67 7.67 7.29 7.33 7.33 7.29 7.39 7.39 7.51 7.51 7.63 
7.63 7.67 7.29 7.29 7.29 7.29 7.29 7.29 7.39 7.51 7.51 7.63 
7.63 7.29 7.29 7.29 7.29 7.29 7.29 7.39 7.51 7.51 7.63 7.63 
