19 11 132
99 4 255 128 33 105 10 2050 01 01 19 30 1
0      0      1      0      0     21
0 12 11 51144.00 2686.00 128 52249.70 4552.50 26000 15000 96
11.92 11.92 11.92 11.92 11.92 11.92 11.92 11.92 11.92 11.92 11.92 11.92 
11.92 11.92 11.92 11.92 11.92 11.92 11.92 11.92 11.92 11.92 11.92 11.92 
11.92 11.92 11.92 11.92 11.92 11.92 11.92 11.92 11.92 11.92 11.92 11.92 
11.92 11.92 11.92 11.92 11.92 11.92 11.92 11.92 11.92 11.92 11.92 11.92 
11.92 11.92 11.92 11.92 11.92 11.92 11.92 11.92 11.92 11.92 11.92 11.92 
11.92 11.92 11.92 11.92 11.92 11.92 11.55 11.82 11.82 11.82 11.83 11.84 
11.87 11.92 11.92 11.92 11.92 11.55 11.55 11.65 11.65 11.66 11.68 11.87 
11.87 11.92 11.92 11.92 11.55 11.55 11.55 11.47 11.50 11.68 11.68 11.87 
11.87 11.92 11.92 11.33 11.39 11.39 11.34 11.50 11.50 11.68 11.68 11.87 
11.87 11.92 11.33 11.33 11.33 11.33 11.33 11.33 11.50 11.68 11.68 11.87 
11.87 11.33 11.33 11.33 11.33 11.33 11.33 11.50 11.68 11.68 11.87 11.87 
