19 11 132
99 4 255 128 33 105 10 2050 01 03 12 00 1
0      0      1      0      0     21
0 12 11 51144.00 2686.00 128 52249.70 4552.50 26000 15000 96
12.15 12.15 12.15 12.15 12.15 12.15 12.15 12.15 12.15 12.15 12.15 12.15 
12.15 12.15 12.15 12.15 12.15 12.15 12.15 12.15 12.15 12.15 12.15 12.15 
12.15 12.15 12.15 12.15 12.15 12.15 12.15 12.15 12.15 12.15 12.15 12.15 
12.15 12.15 12.15 12.15 12.15 12.15 12.15 12.15 12.15 12.15 12.15 12.15 
12.15 12.15 12.15 12.15 12.15 12.15 12.15 12.15 12.15 12.15 12.15 12.15 
12.15 12.15 12.15 12.15 12.15 12.15 11.77 12.04 12.04 12.04 12.05 12.07 
12.10 12.15 12.15 12.15 12.15 11.77 11.77 11.87 11.87 11.88 11.90 12.10 
12.10 12.15 12.15 12.15 11.77 11.77 11.77 11.69 11.71 11.90 11.90 12.10 
12.10 12.15 12.15 11.54 11.61 11.61 11.56 11.71 11.71 11.90 11.90 12.10 
12.10 12.15 11.54 11.54 11.54 11.54 11.54 11.54 11.71 11.90 11.90 12.10 
12.10 11.54 11.54 11.54 11.54 11.54 11.54 11.71 11.90 11.90 12.10 12.10 
