19 11 132
99 4 255 128 33 105 10 2050 01 01 19 00 1
0      0      1      0      0     21
0 12 11 51144.00 2686.00 128 52249.70 4552.50 26000 15000 96
11.71 11.71 11.71 11.71 11.71 11.71 11.71 11.71 11.71 11.71 11.71 11.71 
11.71 11.71 11.71 11.71 11.71 11.71 11.71 11.71 11.71 11.71 11.71 11.71 
11.71 11.71 11.71 11.71 11.71 11.71 11.71 11.71 11.71 11.71 11.71 11.71 
11.71 11.71 11.71 11.71 11.71 11.71 11.71 11.71 11.71 11.71 11.71 11.71 
11.71 11.71 11.71 11.71 11.71 11.71 11.71 11.71 11.71 11.71 11.71 11.71 
11.71 11.71 11.71 11.71 11.71 11.71 11.35 11.61 11.61 11.61 11.62 11.63 
11.66 11.71 11.71 11.71 11.71 11.35 11.35 11.44 11.44 11.45 11.48 11.66 
11.66 11.71 11.71 11.71 11.35 11.35 11.35 11.27 11.29 11.48 11.48 11.66 
11.66 11.71 11.71 11.13 11.19 11.19 11.14 11.29 11.29 11.48 11.48 11.66 
11.66 11.71 11.13 11.13 11.13 11.13 11.13 11.13 11.29 11.48 11.48 11.66 
11.66 11.13 11.13 11.13 11.13 11.13 11.13 11.29 11.48 11.48 11.66 11.66 
