19 11 132
99 4 255 128 33 105 10 2050 01 04 12 00 1
0      0      1      0      0     21
0 12 11 51144.00 2686.00 128 52249.70 4552.50 26000 15000 96
6.20 6.20 6.20 6.20 6.20 6.20 6.20 6.20 6.20 6.20 6.20 6.20 
6.20 6.20 6.20 6.20 6.20 6.20 6.20 6.20 6.20 6.20 6.20 6.20 
6.20 6.20 6.20 6.20 6.20 6.20 6.20 6.20 6.20 6.20 6.20 6.20 
6.20 6.20 6.20 6.20 6.20 6.20 6.20 6.20 6.20 6.20 6.20 6.20 
6.20 6.20 6.20 6.20 6.20 6.20 6.20 6.20 6.20 6.20 6.20 6.20 
6.20 6.20 6.20 6.20 6.20 6.20 6.00 6.14 6.14 6.14 6.15 6.15 
6.17 6.20 6.20 6.20 6.20 6.00 6.00 6.05 6.05 6.06 6.07 6.17 
6.17 6.20 6.20 6.20 6.00 6.00 6.00 5.96 5.97 6.07 6.07 6.17 
6.17 6.20 6.20 5.89 5.92 5.92 5.89 5.97 5.97 6.07 6.07 6.17 
6.17 6.20 5.89 5.89 5.89 5.89 5.89 5.89 5.97 6.07 6.07 6.17 
6.17 5.89 5.89 5.89 5.89 5.89 5.89 5.97 6.07 6.07 6.17 6.17 
