19 11 132
99 4 255 128 33 105 10 2050 01 02 06 00 1
0      0      1      0      0     21
0 12 11 51144.00 2686.00 128 52249.70 4552.50 26000 15000 96
18.58 18.58 18.58 18.58 18.58 18.58 18.58 18.58 18.58 18.58 18.58 18.58 
18.58 18.58 18.58 18.58 18.58 18.58 18.58 18.58 18.58 18.58 18.58 18.58 
18.58 18.58 18.58 18.58 18.58 18.58 18.58 18.58 18.58 18.58 18.58 18.58 
18.58 18.58 18.58 18.58 18.58 18.58 18.58 18.58 18.58 18.58 18.58 18.58 
18.58 18.58 18.58 18.58 18.58 18.58 18.58 18.58 18.58 18.58 18.58 18.58 
18.58 18.58 18.58 18.58 18.58 18.58 18.01 18.42 18.42 18.42 18.44 18.46 
18.50 18.58 18.58 18.58 18.58 18.01 18.01 18.15 18.15 18.17 18.21 18.50 
18.50 18.58 18.58 18.58 18.01 18.01 18.01 17.88 17.92 18.21 18.21 18.50 
18.50 18.58 18.58 17.66 17.75 17.75 17.68 17.92 17.92 18.21 18.21 18.50 
18.50 18.58 17.66 17.66 17.66 17.66 17.66 17.66 17.92 18.21 18.21 18.50 
18.50 17.66 17.66 17.66 17.66 17.66 17.66 17.92 18.21 18.21 18.50 18.50 
