19 11 132
99 4 255 128 33 105 10 2050 01 01 22 30 1
0      0      1      0      0     21
0 12 11 51144.00 2686.00 128 52249.70 4552.50 26000 15000 96
13.35 13.35 13.35 13.35 13.35 13.35 13.35 13.35 13.35 13.35 13.35 13.35 
13.35 13.35 13.35 13.35 13.35 13.35 13.35 13.35 13.35 13.35 13.35 13.35 
13.35 13.35 13.35 13.35 13.35 13.35 13.35 13.35 13.35 13.35 13.35 13.35 
13.35 13.35 13.35 13.35 13.35 13.35 13.35 13.35 13.35 13.35 13.35 13.35 
13.35 13.35 13.35 13.35 13.35 13.35 13.35 13.35 13.35 13.35 13.35 13.35 
13.35 13.35 13.35 13.35 13.35 13.35 12.94 13.24 13.24 13.24 13.25 13.26 
13.30 13.35 13.35 13.35 13.35 12.94 12.94 13.04 13.04 13.06 13.08 13.30 
13.30 13.35 13.35 13.35 12.94 12.94 12.94 12.85 12.87 13.08 13.08 13.30 
13.30 13.35 13.35 12.69 12.76 12.76 12.70 12.87 12.87 13.08 13.08 13.30 
13.30 13.35 12.69 12.69 12.69 12.69 12.69 12.69 12.87 13.08 13.08 13.30 
13.30 12.69 12.69 12.69 12.69 12.69 12.69 12.87 13.08 13.08 13.30 13.30 
