19 11 132
99 4 255 128 33 105 10 2050 01 01 20 00 1
0      0      1      0      0     21
0 12 11 51144.00 2686.00 128 52249.70 4552.50 26000 15000 96
12.14 12.14 12.14 12.14 12.14 12.14 12.14 12.14 12.14 12.14 12.14 12.14 
12.14 12.14 12.14 12.14 12.14 12.14 12.14 12.14 12.14 12.14 12.14 12.14 
12.14 12.14 12.14 12.14 12.14 12.14 12.14 12.14 12.14 12.14 12.14 12.14 
12.14 12.14 12.14 12.14 12.14 12.14 12.14 12.14 12.14 12.14 12.14 12.14 
12.14 12.14 12.14 12.14 12.14 12.14 12.14 12.14 12.14 12.14 12.14 12.14 
12.14 12.14 12.14 12.14 12.14 12.14 11.77 12.04 12.04 12.04 12.05 12.06 
12.09 12.14 12.14 12.14 12.14 11.77 11.77 11.86 11.86 11.87 11.90 12.09 
12.09 12.14 12.14 12.14 11.77 11.77 11.77 11.68 11.71 11.90 11.90 12.09 
12.09 12.14 12.14 11.54 11.60 11.60 11.55 11.71 11.71 11.90 11.90 12.09 
12.09 12.14 11.54 11.54 11.54 11.54 11.54 11.54 11.71 11.90 11.90 12.09 
12.09 11.54 11.54 11.54 11.54 11.54 11.54 11.71 11.90 11.90 12.09 12.09 
