19 11 132
99 4 255 128 33 105 10 2050 01 02 20 00 1
0      0      1      0      0     21
0 12 11 51144.00 2686.00 128 52249.70 4552.50 26000 15000 96
25.64 25.64 25.64 25.64 25.64 25.64 25.64 25.64 25.64 25.64 25.64 25.64 
25.64 25.64 25.64 25.64 25.64 25.64 25.64 25.64 25.64 25.64 25.64 25.64 
25.64 25.64 25.64 25.64 25.64 25.64 25.64 25.64 25.64 25.64 25.64 25.64 
25.64 25.64 25.64 25.64 25.64 25.64 25.64 25.64 25.64 25.64 25.64 25.64 
25.64 25.64 25.64 25.64 25.64 25.64 25.64 25.64 25.64 25.64 25.64 25.64 
25.64 25.64 25.64 25.64 25.64 25.64 24.85 25.42 25.42 25.42 25.44 25.47 
25.53 25.64 25.64 25.64 25.64 24.85 24.85 25.05 25.05 25.07 25.13 25.53 
25.53 25.64 25.64 25.64 24.85 24.85 24.85 24.68 24.72 25.13 25.13 25.53 
25.53 25.64 25.64 24.36 24.50 24.50 24.39 24.72 24.72 25.13 25.13 25.53 
25.53 25.64 24.36 24.36 24.36 24.36 24.36 24.36 24.72 25.13 25.13 25.53 
25.53 24.36 24.36 24.36 24.36 24.36 24.36 24.72 25.13 25.13 25.53 25.53 
