19 11 132
99 4 255 128 33 105 10 2050 01 03 04 30 1
0      0      1      0      0     21
0 12 11 51144.00 2686.00 128 52249.70 4552.50 26000 15000 96
16.52 16.52 16.52 16.52 16.52 16.52 16.52 16.52 16.52 16.52 16.52 16.52 
16.52 16.52 16.52 16.52 16.52 16.52 16.52 16.52 16.52 16.52 16.52 16.52 
16.52 16.52 16.52 16.52 16.52 16.52 16.52 16.52 16.52 16.52 16.52 16.52 
16.52 16.52 16.52 16.52 16.52 16.52 16.52 16.52 16.52 16.52 16.52 16.52 
16.52 16.52 16.52 16.52 16.52 16.52 16.52 16.52 16.52 16.52 16.52 16.52 
16.52 16.52 16.52 16.52 16.52 16.52 16.00 16.37 16.37 16.37 16.39 16.40 
16.44 16.52 16.52 16.52 16.52 16.00 16.00 16.13 16.13 16.15 16.18 16.44 
16.44 16.52 16.52 16.52 16.00 16.00 16.00 15.89 15.92 16.18 16.18 16.44 
16.44 16.52 16.52 15.69 15.78 15.78 15.71 15.92 15.92 16.18 16.18 16.44 
16.44 16.52 15.69 15.69 15.69 15.69 15.69 15.69 15.92 16.18 16.18 16.44 
16.44 15.69 15.69 15.69 15.69 15.69 15.69 15.92 16.18 16.18 16.44 16.44 
