19 11 132
99 4 255 128 33 105 10 2050 01 01 22 00 1
0      0      1      0      0     21
0 12 11 51144.00 2686.00 128 52249.70 4552.50 26000 15000 96
13.10 13.10 13.10 13.10 13.10 13.10 13.10 13.10 13.10 13.10 13.10 13.10 
13.10 13.10 13.10 13.10 13.10 13.10 13.10 13.10 13.10 13.10 13.10 13.10 
13.10 13.10 13.10 13.10 13.10 13.10 13.10 13.10 13.10 13.10 13.10 13.10 
13.10 13.10 13.10 13.10 13.10 13.10 13.10 13.10 13.10 13.10 13.10 13.10 
13.10 13.10 13.10 13.10 13.10 13.10 13.10 13.10 13.10 13.10 13.10 13.10 
13.10 13.10 13.10 13.10 13.10 13.10 12.69 12.98 12.98 12.98 12.99 13.01 
13.04 13.10 13.10 13.10 13.10 12.69 12.69 12.79 12.79 12.80 12.83 13.04 
13.04 13.10 13.10 13.10 12.69 12.69 12.69 12.60 12.62 12.83 12.83 13.04 
13.04 13.10 13.10 12.44 12.51 12.51 12.46 12.62 12.62 12.83 12.83 13.04 
13.04 13.10 12.44 12.44 12.44 12.44 12.44 12.44 12.62 12.83 12.83 13.04 
13.04 12.44 12.44 12.44 12.44 12.44 12.44 12.62 12.83 12.83 13.04 13.04 
