19 11 132
99 4 255 128 33 105 10 2050 01 02 08 30 1
0      0      1      0      0     21
0 12 11 51144.00 2686.00 128 52249.70 4552.50 26000 15000 96
21.12 21.12 21.12 21.12 21.12 21.12 21.12 21.12 21.12 21.12 21.12 21.12 
21.12 21.12 21.12 21.12 21.12 21.12 21.12 21.12 21.12 21.12 21.12 21.12 
21.12 21.12 21.12 21.12 21.12 21.12 21.12 21.12 21.12 21.12 21.12 21.12 
21.12 21.12 21.12 21.12 21.12 21.12 21.12 21.12 21.12 21.12 21.12 21.12 
21.12 21.12 21.12 21.12 21.12 21.12 21.12 21.12 21.12 21.12 21.12 21.12 
21.12 21.12 21.12 21.12 21.12 21.12 20.46 20.93 20.93 20.93 20.95 20.97 
21.03 21.12 21.12 21.12 21.12 20.46 20.46 20.63 20.63 20.65 20.69 21.03 
21.03 21.12 21.12 21.12 20.46 20.46 20.46 20.32 20.36 20.69 20.69 21.03 
21.03 21.12 21.12 20.06 20.17 20.17 20.09 20.36 20.36 20.69 20.69 21.03 
21.03 21.12 20.06 20.06 20.06 20.06 20.06 20.06 20.36 20.69 20.69 21.03 
21.03 20.06 20.06 20.06 20.06 20.06 20.06 20.36 20.69 20.69 21.03 21.03 
