19 11 132
99 4 255 128 33 105 10 2050 01 02 05 30 1
0      0      1      0      0     21
0 12 11 51144.00 2686.00 128 52249.70 4552.50 26000 15000 96
18.14 18.14 18.14 18.14 18.14 18.14 18.14 18.14 18.14 18.14 18.14 18.14 
18.14 18.14 18.14 18.14 18.14 18.14 18.14 18.14 18.14 18.14 18.14 18.14 
18.14 18.14 18.14 18.14 18.14 18.14 18.14 18.14 18.14 18.14 18.14 18.14 
18.14 18.14 18.14 18.14 18.14 18.14 18.14 18.14 18.14 18.14 18.14 18.14 
18.14 18.14 18.14 18.14 18.14 18.14 18.14 18.14 18.14 18.14 18.14 18.14 
18.14 18.14 18.14 18.14 18.14 18.14 17.57 17.98 17.98 17.98 17.99 18.01 
18.06 18.14 18.14 18.14 18.14 17.57 17.57 17.71 17.71 17.73 17.77 18.06 
18.06 18.14 18.14 18.14 17.57 17.57 17.57 17.45 17.48 17.77 17.77 18.06 
18.06 18.14 18.14 17.23 17.32 17.32 17.25 17.48 17.48 17.77 17.77 18.06 
18.06 18.14 17.23 17.23 17.23 17.23 17.23 17.23 17.48 17.77 17.77 18.06 
18.06 17.23 17.23 17.23 17.23 17.23 17.23 17.48 17.77 17.77 18.06 18.06 
