19 11 132
99 4 255 128 33 105 10 2050 01 04 14 30 1
0      0      1      0      0     21
0 12 11 51144.00 2686.00 128 52249.70 4552.50 26000 15000 96
5.88 5.88 5.88 5.88 5.88 5.88 5.88 5.88 5.88 5.88 5.88 5.88 
5.88 5.88 5.88 5.88 5.88 5.88 5.88 5.88 5.88 5.88 5.88 5.88 
5.88 5.88 5.88 5.88 5.88 5.88 5.88 5.88 5.88 5.88 5.88 5.88 
5.88 5.88 5.88 5.88 5.88 5.88 5.88 5.88 5.88 5.88 5.88 5.88 
5.88 5.88 5.88 5.88 5.88 5.88 5.88 5.88 5.88 5.88 5.88 5.88 
5.88 5.88 5.88 5.88 5.88 5.88 5.69 5.82 5.82 5.82 5.83 5.84 
5.85 5.88 5.88 5.88 5.88 5.69 5.69 5.74 5.74 5.74 5.76 5.85 
5.85 5.88 5.88 5.88 5.69 5.69 5.69 5.65 5.66 5.76 5.76 5.85 
5.85 5.88 5.88 5.58 5.61 5.61 5.59 5.66 5.66 5.76 5.76 5.85 
5.85 5.88 5.58 5.58 5.58 5.58 5.58 5.58 5.66 5.76 5.76 5.85 
5.85 5.58 5.58 5.58 5.58 5.58 5.58 5.66 5.76 5.76 5.85 5.85 
