19 11 132
99 4 255 128 33 105 10 2050 01 04 12 30 1
0      0      1      0      0     21
0 12 11 51144.00 2686.00 128 52249.70 4552.50 26000 15000 96
6.13 6.13 6.13 6.13 6.13 6.13 6.13 6.13 6.13 6.13 6.13 6.13 
6.13 6.13 6.13 6.13 6.13 6.13 6.13 6.13 6.13 6.13 6.13 6.13 
6.13 6.13 6.13 6.13 6.13 6.13 6.13 6.13 6.13 6.13 6.13 6.13 
6.13 6.13 6.13 6.13 6.13 6.13 6.13 6.13 6.13 6.13 6.13 6.13 
6.13 6.13 6.13 6.13 6.13 6.13 6.13 6.13 6.13 6.13 6.13 6.13 
6.13 6.13 6.13 6.13 6.13 6.13 5.94 6.08 6.08 6.08 6.08 6.09 
6.10 6.13 6.13 6.13 6.13 5.94 5.94 5.99 5.99 5.99 6.01 6.10 
6.10 6.13 6.13 6.13 5.94 5.94 5.94 5.90 5.91 6.01 6.01 6.10 
6.10 6.13 6.13 5.82 5.86 5.86 5.83 5.91 5.91 6.01 6.01 6.10 
6.10 6.13 5.82 5.82 5.82 5.82 5.82 5.82 5.91 6.01 6.01 6.10 
6.10 5.82 5.82 5.82 5.82 5.82 5.82 5.91 6.01 6.01 6.10 6.10 
