19 11 132
99 4 255 128 33 105 10 2050 01 02 21 30 1
0      0      1      0      0     21
0 12 11 51144.00 2686.00 128 52249.70 4552.50 26000 15000 96
23.56 23.56 23.56 23.56 23.56 23.56 23.56 23.56 23.56 23.56 23.56 23.56 
23.56 23.56 23.56 23.56 23.56 23.56 23.56 23.56 23.56 23.56 23.56 23.56 
23.56 23.56 23.56 23.56 23.56 23.56 23.56 23.56 23.56 23.56 23.56 23.56 
23.56 23.56 23.56 23.56 23.56 23.56 23.56 23.56 23.56 23.56 23.56 23.56 
23.56 23.56 23.56 23.56 23.56 23.56 23.56 23.56 23.56 23.56 23.56 23.56 
23.56 23.56 23.56 23.56 23.56 23.56 22.83 23.36 23.36 23.36 23.38 23.40 
23.46 23.56 23.56 23.56 23.56 22.83 22.83 23.01 23.01 23.04 23.09 23.46 
23.46 23.56 23.56 23.56 22.83 22.83 22.83 22.67 22.71 23.09 23.09 23.46 
23.46 23.56 23.56 22.38 22.51 22.51 22.41 22.71 22.71 23.09 23.09 23.46 
23.46 23.56 22.38 22.38 22.38 22.38 22.38 22.38 22.71 23.09 23.09 23.46 
23.46 22.38 22.38 22.38 22.38 22.38 22.38 22.71 23.09 23.09 23.46 23.46 
