19 11 132
99 4 255 128 33 105 10 2050 01 02 04 00 1
0      0      1      0      0     21
0 12 11 51144.00 2686.00 128 52249.70 4552.50 26000 15000 96
16.89 16.89 16.89 16.89 16.89 16.89 16.89 16.89 16.89 16.89 16.89 16.89 
16.89 16.89 16.89 16.89 16.89 16.89 16.89 16.89 16.89 16.89 16.89 16.89 
16.89 16.89 16.89 16.89 16.89 16.89 16.89 16.89 16.89 16.89 16.89 16.89 
16.89 16.89 16.89 16.89 16.89 16.89 16.89 16.89 16.89 16.89 16.89 16.89 
16.89 16.89 16.89 16.89 16.89 16.89 16.89 16.89 16.89 16.89 16.89 16.89 
16.89 16.89 16.89 16.89 16.89 16.89 16.37 16.74 16.74 16.74 16.76 16.78 
16.82 16.89 16.89 16.89 16.89 16.37 16.37 16.50 16.50 16.51 16.55 16.82 
16.82 16.89 16.89 16.89 16.37 16.37 16.37 16.25 16.28 16.55 16.55 16.82 
16.82 16.89 16.89 16.05 16.13 16.13 16.07 16.28 16.28 16.55 16.55 16.82 
16.82 16.89 16.05 16.05 16.05 16.05 16.05 16.05 16.28 16.55 16.55 16.82 
16.82 16.05 16.05 16.05 16.05 16.05 16.05 16.28 16.55 16.55 16.82 16.82 
