19 11 132
99 4 255 128 33 105 10 2050 01 03 15 00 1
0      0      1      0      0     21
0 12 11 51144.00 2686.00 128 52249.70 4552.50 26000 15000 96
10.93 10.93 10.93 10.93 10.93 10.93 10.93 10.93 10.93 10.93 10.93 10.93 
10.93 10.93 10.93 10.93 10.93 10.93 10.93 10.93 10.93 10.93 10.93 10.93 
10.93 10.93 10.93 10.93 10.93 10.93 10.93 10.93 10.93 10.93 10.93 10.93 
10.93 10.93 10.93 10.93 10.93 10.93 10.93 10.93 10.93 10.93 10.93 10.93 
10.93 10.93 10.93 10.93 10.93 10.93 10.93 10.93 10.93 10.93 10.93 10.93 
10.93 10.93 10.93 10.93 10.93 10.93 10.59 10.83 10.83 10.83 10.84 10.85 
10.88 10.93 10.93 10.93 10.93 10.59 10.59 10.67 10.67 10.68 10.71 10.88 
10.88 10.93 10.93 10.93 10.59 10.59 10.59 10.52 10.54 10.71 10.71 10.88 
10.88 10.93 10.93 10.38 10.44 10.44 10.40 10.54 10.54 10.71 10.71 10.88 
10.88 10.93 10.38 10.38 10.38 10.38 10.38 10.38 10.54 10.71 10.71 10.88 
10.88 10.38 10.38 10.38 10.38 10.38 10.38 10.54 10.71 10.71 10.88 10.88 
