19 11 132
99 4 255 128 33 105 10 2050 01 01 04 00 1
0      0      1      0      0     21
0 12 11 51144.00 2686.00 128 52249.70 4552.50 26000 15000 96
7.47 7.47 7.47 7.47 7.47 7.47 7.47 7.47 7.47 7.47 7.47 7.47 
7.47 7.47 7.47 7.47 7.47 7.47 7.47 7.47 7.47 7.47 7.47 7.47 
7.47 7.47 7.47 7.47 7.47 7.47 7.47 7.47 7.47 7.47 7.47 7.47 
7.47 7.47 7.47 7.47 7.47 7.47 7.47 7.47 7.47 7.47 7.47 7.47 
7.47 7.47 7.47 7.47 7.47 7.47 7.47 7.47 7.47 7.47 7.47 7.47 
7.47 7.47 7.47 7.47 7.47 7.47 7.24 7.41 7.41 7.41 7.41 7.42 
7.44 7.47 7.47 7.47 7.47 7.24 7.24 7.30 7.30 7.31 7.32 7.44 
7.44 7.47 7.47 7.47 7.24 7.24 7.24 7.19 7.20 7.32 7.32 7.44 
7.44 7.47 7.47 7.10 7.14 7.14 7.11 7.20 7.20 7.32 7.32 7.44 
7.44 7.47 7.10 7.10 7.10 7.10 7.10 7.10 7.20 7.32 7.32 7.44 
7.44 7.10 7.10 7.10 7.10 7.10 7.10 7.20 7.32 7.32 7.44 7.44 
