19 11 132
99 4 255 128 33 105 10 2050 01 02 08 00 1
0      0      1      0      0     21
0 12 11 51144.00 2686.00 128 52249.70 4552.50 26000 15000 96
20.57 20.57 20.57 20.57 20.57 20.57 20.57 20.57 20.57 20.57 20.57 20.57 
20.57 20.57 20.57 20.57 20.57 20.57 20.57 20.57 20.57 20.57 20.57 20.57 
20.57 20.57 20.57 20.57 20.57 20.57 20.57 20.57 20.57 20.57 20.57 20.57 
20.57 20.57 20.57 20.57 20.57 20.57 20.57 20.57 20.57 20.57 20.57 20.57 
20.57 20.57 20.57 20.57 20.57 20.57 20.57 20.57 20.57 20.57 20.57 20.57 
20.57 20.57 20.57 20.57 20.57 20.57 19.93 20.39 20.39 20.39 20.41 20.43 
20.48 20.57 20.57 20.57 20.57 19.93 19.93 20.09 20.09 20.11 20.16 20.48 
20.48 20.57 20.57 20.57 19.93 19.93 19.93 19.79 19.83 20.16 20.16 20.48 
20.48 20.57 20.57 19.54 19.65 19.65 19.57 19.83 19.83 20.16 20.16 20.48 
20.48 20.57 19.54 19.54 19.54 19.54 19.54 19.54 19.83 20.16 20.16 20.48 
20.48 19.54 19.54 19.54 19.54 19.54 19.54 19.83 20.16 20.16 20.48 20.48 
