19 11 132
99 4 255 128 33 105 10 2050 01 04 06 30 1
0      0      1      0      0     21
0 12 11 51144.00 2686.00 128 52249.70 4552.50 26000 15000 96
7.03 7.03 7.03 7.03 7.03 7.03 7.03 7.03 7.03 7.03 7.03 7.03 
7.03 7.03 7.03 7.03 7.03 7.03 7.03 7.03 7.03 7.03 7.03 7.03 
7.03 7.03 7.03 7.03 7.03 7.03 7.03 7.03 7.03 7.03 7.03 7.03 
7.03 7.03 7.03 7.03 7.03 7.03 7.03 7.03 7.03 7.03 7.03 7.03 
7.03 7.03 7.03 7.03 7.03 7.03 7.03 7.03 7.03 7.03 7.03 7.03 
7.03 7.03 7.03 7.03 7.03 7.03 6.81 6.97 6.97 6.97 6.97 6.98 
7.00 7.03 7.03 7.03 7.03 6.81 6.81 6.86 6.86 6.87 6.89 7.00 
7.00 7.03 7.03 7.03 6.81 6.81 6.81 6.76 6.78 6.89 6.89 7.00 
7.00 7.03 7.03 6.68 6.71 6.71 6.69 6.78 6.78 6.89 6.89 7.00 
7.00 7.03 6.68 6.68 6.68 6.68 6.68 6.68 6.78 6.89 6.89 7.00 
7.00 6.68 6.68 6.68 6.68 6.68 6.68 6.78 6.89 6.89 7.00 7.00 
