19 11 132
99 4 255 128 33 105 10 2050 01 03 02 00 1
0      0      1      0      0     21
0 12 11 51144.00 2686.00 128 52249.70 4552.50 26000 15000 96
18.60 18.60 18.60 18.60 18.60 18.60 18.60 18.60 18.60 18.60 18.60 18.60 
18.60 18.60 18.60 18.60 18.60 18.60 18.60 18.60 18.60 18.60 18.60 18.60 
18.60 18.60 18.60 18.60 18.60 18.60 18.60 18.60 18.60 18.60 18.60 18.60 
18.60 18.60 18.60 18.60 18.60 18.60 18.60 18.60 18.60 18.60 18.60 18.60 
18.60 18.60 18.60 18.60 18.60 18.60 18.60 18.60 18.60 18.60 18.60 18.60 
18.60 18.60 18.60 18.60 18.60 18.60 18.02 18.43 18.43 18.43 18.45 18.47 
18.52 18.60 18.60 18.60 18.60 18.02 18.02 18.16 18.16 18.18 18.22 18.52 
18.52 18.60 18.60 18.60 18.02 18.02 18.02 17.89 17.93 18.22 18.22 18.52 
18.52 18.60 18.60 17.67 17.76 17.76 17.69 17.93 17.93 18.22 18.22 18.52 
18.52 18.60 17.67 17.67 17.67 17.67 17.67 17.67 17.93 18.22 18.22 18.52 
18.52 17.67 17.67 17.67 17.67 17.67 17.67 17.93 18.22 18.22 18.52 18.52 
