19 11 132
99 4 255 128 33 105 10 2050 01 01 14 00 1
0      0      1      0      0     21
0 12 11 51144.00 2686.00 128 52249.70 4552.50 26000 15000 96
9.90 9.90 9.90 9.90 9.90 9.90 9.90 9.90 9.90 9.90 9.90 9.90 
9.90 9.90 9.90 9.90 9.90 9.90 9.90 9.90 9.90 9.90 9.90 9.90 
9.90 9.90 9.90 9.90 9.90 9.90 9.90 9.90 9.90 9.90 9.90 9.90 
9.90 9.90 9.90 9.90 9.90 9.90 9.90 9.90 9.90 9.90 9.90 9.90 
9.90 9.90 9.90 9.90 9.90 9.90 9.90 9.90 9.90 9.90 9.90 9.90 
9.90 9.90 9.90 9.90 9.90 9.90 9.60 9.82 9.82 9.82 9.83 9.84 
9.86 9.90 9.90 9.90 9.90 9.60 9.60 9.67 9.67 9.68 9.70 9.86 
9.86 9.90 9.90 9.90 9.60 9.60 9.60 9.53 9.55 9.70 9.70 9.86 
9.86 9.90 9.90 9.41 9.46 9.46 9.42 9.55 9.55 9.70 9.70 9.86 
9.86 9.90 9.41 9.41 9.41 9.41 9.41 9.41 9.55 9.70 9.70 9.86 
9.86 9.41 9.41 9.41 9.41 9.41 9.41 9.55 9.70 9.70 9.86 9.86 
