19 11 132
99 4 255 128 33 105 10 2050 01 02 19 00 1
0      0      1      0      0     21
0 12 11 51144.00 2686.00 128 52249.70 4552.50 26000 15000 96
27.15 27.15 27.15 27.15 27.15 27.15 27.15 27.15 27.15 27.15 27.15 27.15 
27.15 27.15 27.15 27.15 27.15 27.15 27.15 27.15 27.15 27.15 27.15 27.15 
27.15 27.15 27.15 27.15 27.15 27.15 27.15 27.15 27.15 27.15 27.15 27.15 
27.15 27.15 27.15 27.15 27.15 27.15 27.15 27.15 27.15 27.15 27.15 27.15 
27.15 27.15 27.15 27.15 27.15 27.15 27.15 27.15 27.15 27.15 27.15 27.15 
27.15 27.15 27.15 27.15 27.15 27.15 26.31 26.92 26.92 26.92 26.94 26.97 
27.03 27.15 27.15 27.15 27.15 26.31 26.31 26.52 26.52 26.55 26.61 27.03 
27.03 27.15 27.15 27.15 26.31 26.31 26.31 26.13 26.18 26.61 26.61 27.03 
27.03 27.15 27.15 25.80 25.94 25.94 25.83 26.18 26.18 26.61 26.61 27.03 
27.03 27.15 25.80 25.80 25.80 25.80 25.80 25.80 26.18 26.61 26.61 27.03 
27.03 25.80 25.80 25.80 25.80 25.80 25.80 26.18 26.61 26.61 27.03 27.03 
