19 11 132
99 4 255 128 33 105 10 2050 01 03 11 30 1
0      0      1      0      0     21
0 12 11 51144.00 2686.00 128 52249.70 4552.50 26000 15000 96
12.38 12.38 12.38 12.38 12.38 12.38 12.38 12.38 12.38 12.38 12.38 12.38 
12.38 12.38 12.38 12.38 12.38 12.38 12.38 12.38 12.38 12.38 12.38 12.38 
12.38 12.38 12.38 12.38 12.38 12.38 12.38 12.38 12.38 12.38 12.38 12.38 
12.38 12.38 12.38 12.38 12.38 12.38 12.38 12.38 12.38 12.38 12.38 12.38 
12.38 12.38 12.38 12.38 12.38 12.38 12.38 12.38 12.38 12.38 12.38 12.38 
12.38 12.38 12.38 12.38 12.38 12.38 11.99 12.27 12.27 12.27 12.28 12.29 
12.32 12.38 12.38 12.38 12.38 11.99 11.99 12.09 12.09 12.10 12.13 12.32 
12.32 12.38 12.38 12.38 11.99 11.99 11.99 11.91 11.93 12.13 12.13 12.32 
12.32 12.38 12.38 11.76 11.82 11.82 11.77 11.93 11.93 12.13 12.13 12.32 
12.32 12.38 11.76 11.76 11.76 11.76 11.76 11.76 11.93 12.13 12.13 12.32 
12.32 11.76 11.76 11.76 11.76 11.76 11.76 11.93 12.13 12.13 12.32 12.32 
