19 11 132
99 4 255 128 33 105 10 2050 01 02 15 30 1
0      0      1      0      0     21
0 12 11 51144.00 2686.00 128 52249.70 4552.50 26000 15000 96
31.08 31.08 31.08 31.08 31.08 31.08 31.08 31.08 31.08 31.08 31.08 31.08 
31.08 31.08 31.08 31.08 31.08 31.08 31.08 31.08 31.08 31.08 31.08 31.08 
31.08 31.08 31.08 31.08 31.08 31.08 31.08 31.08 31.08 31.08 31.08 31.08 
31.08 31.08 31.08 31.08 31.08 31.08 31.08 31.08 31.08 31.08 31.08 31.08 
31.08 31.08 31.08 31.08 31.08 31.08 31.08 31.08 31.08 31.08 31.08 31.08 
31.08 31.08 31.08 31.08 31.08 31.08 30.12 30.81 30.81 30.81 30.84 30.87 
30.95 31.08 31.08 31.08 31.08 30.12 30.12 30.36 30.36 30.39 30.46 30.95 
30.95 31.08 31.08 31.08 30.12 30.12 30.12 29.91 29.96 30.46 30.46 30.95 
30.95 31.08 31.08 29.53 29.69 29.69 29.57 29.96 29.96 30.46 30.46 30.95 
30.95 31.08 29.53 29.53 29.53 29.53 29.53 29.53 29.96 30.46 30.46 30.95 
30.95 29.53 29.53 29.53 29.53 29.53 29.53 29.96 30.46 30.46 30.95 30.95 
