19 11 132
99 4 255 128 33 105 10 2050 01 04 02 00 1
0      0      1      0      0     21
0 12 11 51144.00 2686.00 128 52249.70 4552.50 26000 15000 96
7.87 7.87 7.87 7.87 7.87 7.87 7.87 7.87 7.87 7.87 7.87 7.87 
7.87 7.87 7.87 7.87 7.87 7.87 7.87 7.87 7.87 7.87 7.87 7.87 
7.87 7.87 7.87 7.87 7.87 7.87 7.87 7.87 7.87 7.87 7.87 7.87 
7.87 7.87 7.87 7.87 7.87 7.87 7.87 7.87 7.87 7.87 7.87 7.87 
7.87 7.87 7.87 7.87 7.87 7.87 7.87 7.87 7.87 7.87 7.87 7.87 
7.87 7.87 7.87 7.87 7.87 7.87 7.63 7.80 7.80 7.80 7.81 7.82 
7.84 7.87 7.87 7.87 7.87 7.63 7.63 7.69 7.69 7.70 7.71 7.84 
7.84 7.87 7.87 7.87 7.63 7.63 7.63 7.57 7.59 7.71 7.71 7.84 
7.84 7.87 7.87 7.48 7.52 7.52 7.49 7.59 7.59 7.71 7.71 7.84 
7.84 7.87 7.48 7.48 7.48 7.48 7.48 7.48 7.59 7.71 7.71 7.84 
7.84 7.48 7.48 7.48 7.48 7.48 7.48 7.59 7.71 7.71 7.84 7.84 
