19 11 132
99 4 255 128 33 105 10 2050 01 03 13 30 1
0      0      1      0      0     21
0 12 11 51144.00 2686.00 128 52249.70 4552.50 26000 15000 96
11.51 11.51 11.51 11.51 11.51 11.51 11.51 11.51 11.51 11.51 11.51 11.51 
11.51 11.51 11.51 11.51 11.51 11.51 11.51 11.51 11.51 11.51 11.51 11.51 
11.51 11.51 11.51 11.51 11.51 11.51 11.51 11.51 11.51 11.51 11.51 11.51 
11.51 11.51 11.51 11.51 11.51 11.51 11.51 11.51 11.51 11.51 11.51 11.51 
11.51 11.51 11.51 11.51 11.51 11.51 11.51 11.51 11.51 11.51 11.51 11.51 
11.51 11.51 11.51 11.51 11.51 11.51 11.15 11.41 11.41 11.41 11.42 11.43 
11.46 11.51 11.51 11.51 11.51 11.15 11.15 11.24 11.24 11.25 11.28 11.46 
11.46 11.51 11.51 11.51 11.15 11.15 11.15 11.08 11.10 11.28 11.28 11.46 
11.46 11.51 11.51 10.94 11.00 11.00 10.95 11.10 11.10 11.28 11.28 11.46 
11.46 11.51 10.94 10.94 10.94 10.94 10.94 10.94 11.10 11.28 11.28 11.46 
11.46 10.94 10.94 10.94 10.94 10.94 10.94 11.10 11.28 11.28 11.46 11.46 
