19 11 132
99 4 255 128 33 105 10 2050 01 03 23 00 1
0      0      1      0      0     21
0 12 11 51144.00 2686.00 128 52249.70 4552.50 26000 15000 96
8.54 8.54 8.54 8.54 8.54 8.54 8.54 8.54 8.54 8.54 8.54 8.54 
8.54 8.54 8.54 8.54 8.54 8.54 8.54 8.54 8.54 8.54 8.54 8.54 
8.54 8.54 8.54 8.54 8.54 8.54 8.54 8.54 8.54 8.54 8.54 8.54 
8.54 8.54 8.54 8.54 8.54 8.54 8.54 8.54 8.54 8.54 8.54 8.54 
8.54 8.54 8.54 8.54 8.54 8.54 8.54 8.54 8.54 8.54 8.54 8.54 
8.54 8.54 8.54 8.54 8.54 8.54 8.27 8.47 8.47 8.47 8.47 8.48 
8.50 8.54 8.54 8.54 8.54 8.27 8.27 8.34 8.34 8.35 8.37 8.50 
8.50 8.54 8.54 8.54 8.27 8.27 8.27 8.22 8.23 8.37 8.37 8.50 
8.50 8.54 8.54 8.11 8.16 8.16 8.12 8.23 8.23 8.37 8.37 8.50 
8.50 8.54 8.11 8.11 8.11 8.11 8.11 8.11 8.23 8.37 8.37 8.50 
8.50 8.11 8.11 8.11 8.11 8.11 8.11 8.23 8.37 8.37 8.50 8.50 
