19 11 132
99 4 255 128 33 105 10 2050 01 01 01 00 1
0      0      1      0      0     21
0 12 11 51144.00 2686.00 128 52249.70 4552.50 26000 15000 96
6.94 6.94 6.94 6.94 6.94 6.94 6.94 6.94 6.94 6.94 6.94 6.94 
6.94 6.94 6.94 6.94 6.94 6.94 6.94 6.94 6.94 6.94 6.94 6.94 
6.94 6.94 6.94 6.94 6.94 6.94 6.94 6.94 6.94 6.94 6.94 6.94 
6.94 6.94 6.94 6.94 6.94 6.94 6.94 6.94 6.94 6.94 6.94 6.94 
6.94 6.94 6.94 6.94 6.94 6.94 6.94 6.94 6.94 6.94 6.94 6.94 
6.94 6.94 6.94 6.94 6.94 6.94 6.73 6.88 6.88 6.88 6.89 6.89 
6.91 6.94 6.94 6.94 6.94 6.73 6.73 6.78 6.78 6.79 6.80 6.91 
6.91 6.94 6.94 6.94 6.73 6.73 6.73 6.68 6.69 6.80 6.80 6.91 
6.91 6.94 6.94 6.60 6.63 6.63 6.60 6.69 6.69 6.80 6.80 6.91 
6.91 6.94 6.60 6.60 6.60 6.60 6.60 6.60 6.69 6.80 6.80 6.91 
6.91 6.60 6.60 6.60 6.60 6.60 6.60 6.69 6.80 6.80 6.91 6.91 
