19 11 132
99 4 255 128 33 105 10 2050 01 02 21 00 1
0      0      1      0      0     21
0 12 11 51144.00 2686.00 128 52249.70 4552.50 26000 15000 96
24.23 24.23 24.23 24.23 24.23 24.23 24.23 24.23 24.23 24.23 24.23 24.23 
24.23 24.23 24.23 24.23 24.23 24.23 24.23 24.23 24.23 24.23 24.23 24.23 
24.23 24.23 24.23 24.23 24.23 24.23 24.23 24.23 24.23 24.23 24.23 24.23 
24.23 24.23 24.23 24.23 24.23 24.23 24.23 24.23 24.23 24.23 24.23 24.23 
24.23 24.23 24.23 24.23 24.23 24.23 24.23 24.23 24.23 24.23 24.23 24.23 
24.23 24.23 24.23 24.23 24.23 24.23 23.48 24.02 24.02 24.02 24.04 24.06 
24.12 24.23 24.23 24.23 24.23 23.48 23.48 23.67 23.67 23.69 23.74 24.12 
24.12 24.23 24.23 24.23 23.48 23.48 23.48 23.32 23.36 23.74 23.74 24.12 
24.12 24.23 24.23 23.02 23.15 23.15 23.05 23.36 23.36 23.74 23.74 24.12 
24.12 24.23 23.02 23.02 23.02 23.02 23.02 23.02 23.36 23.74 23.74 24.12 
24.12 23.02 23.02 23.02 23.02 23.02 23.02 23.36 23.74 23.74 24.12 24.12 
