19 11 132
99 4 255 128 33 105 10 2050 01 02 22 00 1
0      0      1      0      0     21
0 12 11 51144.00 2686.00 128 52249.70 4552.50 26000 15000 96
22.92 22.92 22.92 22.92 22.92 22.92 22.92 22.92 22.92 22.92 22.92 22.92 
22.92 22.92 22.92 22.92 22.92 22.92 22.92 22.92 22.92 22.92 22.92 22.92 
22.92 22.92 22.92 22.92 22.92 22.92 22.92 22.92 22.92 22.92 22.92 22.92 
22.92 22.92 22.92 22.92 22.92 22.92 22.92 22.92 22.92 22.92 22.92 22.92 
22.92 22.92 22.92 22.92 22.92 22.92 22.92 22.92 22.92 22.92 22.92 22.92 
22.92 22.92 22.92 22.92 22.92 22.92 22.21 22.72 22.72 22.72 22.74 22.76 
22.82 22.92 22.92 22.92 22.92 22.21 22.21 22.39 22.39 22.41 22.46 22.82 
22.82 22.92 22.92 22.92 22.21 22.21 22.21 22.05 22.09 22.46 22.46 22.82 
22.82 22.92 22.92 21.77 21.89 21.89 21.80 22.09 22.09 22.46 22.46 22.82 
22.82 22.92 21.77 21.77 21.77 21.77 21.77 21.77 22.09 22.46 22.46 22.82 
22.82 21.77 21.77 21.77 21.77 21.77 21.77 22.09 22.46 22.46 22.82 22.82 
