19 11 132
99 4 255 128 33 105 10 2050 01 01 23 00 1
0      0      1      0      0     21
0 12 11 51144.00 2686.00 128 52249.70 4552.50 26000 15000 96
13.62 13.62 13.62 13.62 13.62 13.62 13.62 13.62 13.62 13.62 13.62 13.62 
13.62 13.62 13.62 13.62 13.62 13.62 13.62 13.62 13.62 13.62 13.62 13.62 
13.62 13.62 13.62 13.62 13.62 13.62 13.62 13.62 13.62 13.62 13.62 13.62 
13.62 13.62 13.62 13.62 13.62 13.62 13.62 13.62 13.62 13.62 13.62 13.62 
13.62 13.62 13.62 13.62 13.62 13.62 13.62 13.62 13.62 13.62 13.62 13.62 
13.62 13.62 13.62 13.62 13.62 13.62 13.20 13.50 13.50 13.50 13.52 13.53 
13.56 13.62 13.62 13.62 13.62 13.20 13.20 13.30 13.30 13.32 13.35 13.56 
13.56 13.62 13.62 13.62 13.20 13.20 13.20 13.11 13.13 13.35 13.35 13.56 
13.56 13.62 13.62 12.94 13.01 13.01 12.96 13.13 13.13 13.35 13.35 13.56 
13.56 13.62 12.94 12.94 12.94 12.94 12.94 12.94 13.13 13.35 13.35 13.56 
13.56 12.94 12.94 12.94 12.94 12.94 12.94 13.13 13.35 13.35 13.56 13.56 
