19 11 132
99 4 255 128 33 105 10 2050 01 04 01 00 1
0      0      1      0      0     21
0 12 11 51144.00 2686.00 128 52249.70 4552.50 26000 15000 96
8.08 8.08 8.08 8.08 8.08 8.08 8.08 8.08 8.08 8.08 8.08 8.08 
8.08 8.08 8.08 8.08 8.08 8.08 8.08 8.08 8.08 8.08 8.08 8.08 
8.08 8.08 8.08 8.08 8.08 8.08 8.08 8.08 8.08 8.08 8.08 8.08 
8.08 8.08 8.08 8.08 8.08 8.08 8.08 8.08 8.08 8.08 8.08 8.08 
8.08 8.08 8.08 8.08 8.08 8.08 8.08 8.08 8.08 8.08 8.08 8.08 
8.08 8.08 8.08 8.08 8.08 8.08 7.83 8.01 8.01 8.01 8.02 8.03 
8.05 8.08 8.08 8.08 8.08 7.83 7.83 7.90 7.90 7.90 7.92 8.05 
8.05 8.08 8.08 8.08 7.83 7.83 7.83 7.78 7.79 7.92 7.92 8.05 
8.05 8.08 8.08 7.68 7.72 7.72 7.69 7.79 7.79 7.92 7.92 8.05 
8.05 8.08 7.68 7.68 7.68 7.68 7.68 7.68 7.79 7.92 7.92 8.05 
8.05 7.68 7.68 7.68 7.68 7.68 7.68 7.79 7.92 7.92 8.05 8.05 
