19 11 132
99 4 255 128 33 105 10 2050 01 03 00 30 1
0      0      1      0      0     21
0 12 11 51144.00 2686.00 128 52249.70 4552.50 26000 15000 96
20.06 20.06 20.06 20.06 20.06 20.06 20.06 20.06 20.06 20.06 20.06 20.06 
20.06 20.06 20.06 20.06 20.06 20.06 20.06 20.06 20.06 20.06 20.06 20.06 
20.06 20.06 20.06 20.06 20.06 20.06 20.06 20.06 20.06 20.06 20.06 20.06 
20.06 20.06 20.06 20.06 20.06 20.06 20.06 20.06 20.06 20.06 20.06 20.06 
20.06 20.06 20.06 20.06 20.06 20.06 20.06 20.06 20.06 20.06 20.06 20.06 
20.06 20.06 20.06 20.06 20.06 20.06 19.43 19.88 19.88 19.88 19.90 19.92 
19.97 20.06 20.06 20.06 20.06 19.43 19.43 19.59 19.59 19.61 19.65 19.97 
19.97 20.06 20.06 20.06 19.43 19.43 19.43 19.30 19.34 19.65 19.65 19.97 
19.97 20.06 20.06 19.05 19.16 19.16 19.08 19.34 19.34 19.65 19.65 19.97 
19.97 20.06 19.05 19.05 19.05 19.05 19.05 19.05 19.34 19.65 19.65 19.97 
19.97 19.05 19.05 19.05 19.05 19.05 19.05 19.34 19.65 19.65 19.97 19.97 
