19 11 132
99 4 255 128 33 105 10 2050 01 04 10 30 1
0      0      1      0      0     21
0 12 11 51144.00 2686.00 128 52249.70 4552.50 26000 15000 96
6.41 6.41 6.41 6.41 6.41 6.41 6.41 6.41 6.41 6.41 6.41 6.41 
6.41 6.41 6.41 6.41 6.41 6.41 6.41 6.41 6.41 6.41 6.41 6.41 
6.41 6.41 6.41 6.41 6.41 6.41 6.41 6.41 6.41 6.41 6.41 6.41 
6.41 6.41 6.41 6.41 6.41 6.41 6.41 6.41 6.41 6.41 6.41 6.41 
6.41 6.41 6.41 6.41 6.41 6.41 6.41 6.41 6.41 6.41 6.41 6.41 
6.41 6.41 6.41 6.41 6.41 6.41 6.21 6.35 6.35 6.35 6.36 6.36 
6.38 6.41 6.41 6.41 6.41 6.21 6.21 6.26 6.26 6.26 6.28 6.38 
6.38 6.41 6.41 6.41 6.21 6.21 6.21 6.16 6.18 6.28 6.28 6.38 
6.38 6.41 6.41 6.09 6.12 6.12 6.09 6.18 6.18 6.28 6.28 6.38 
6.38 6.41 6.09 6.09 6.09 6.09 6.09 6.09 6.18 6.28 6.28 6.38 
6.38 6.09 6.09 6.09 6.09 6.09 6.09 6.18 6.28 6.28 6.38 6.38 
