19 11 132
99 4 255 128 33 105 10 2050 01 02 11 00 1
0      0      1      0      0     21
0 12 11 51144.00 2686.00 128 52249.70 4552.50 26000 15000 96
24.21 24.21 24.21 24.21 24.21 24.21 24.21 24.21 24.21 24.21 24.21 24.21 
24.21 24.21 24.21 24.21 24.21 24.21 24.21 24.21 24.21 24.21 24.21 24.21 
24.21 24.21 24.21 24.21 24.21 24.21 24.21 24.21 24.21 24.21 24.21 24.21 
24.21 24.21 24.21 24.21 24.21 24.21 24.21 24.21 24.21 24.21 24.21 24.21 
24.21 24.21 24.21 24.21 24.21 24.21 24.21 24.21 24.21 24.21 24.21 24.21 
24.21 24.21 24.21 24.21 24.21 24.21 23.46 24.00 24.00 24.00 24.02 24.05 
24.11 24.21 24.21 24.21 24.21 23.46 23.46 23.65 23.65 23.67 23.72 24.11 
24.11 24.21 24.21 24.21 23.46 23.46 23.46 23.30 23.34 23.72 23.72 24.11 
24.11 24.21 24.21 23.00 23.13 23.13 23.03 23.34 23.34 23.72 23.72 24.11 
24.11 24.21 23.00 23.00 23.00 23.00 23.00 23.00 23.34 23.72 23.72 24.11 
24.11 23.00 23.00 23.00 23.00 23.00 23.00 23.34 23.72 23.72 24.11 24.11 
