19 11 132
99 4 255 128 33 105 10 2050 01 02 12 00 1
0      0      1      0      0     21
0 12 11 51144.00 2686.00 128 52249.70 4552.50 26000 15000 96
25.62 25.62 25.62 25.62 25.62 25.62 25.62 25.62 25.62 25.62 25.62 25.62 
25.62 25.62 25.62 25.62 25.62 25.62 25.62 25.62 25.62 25.62 25.62 25.62 
25.62 25.62 25.62 25.62 25.62 25.62 25.62 25.62 25.62 25.62 25.62 25.62 
25.62 25.62 25.62 25.62 25.62 25.62 25.62 25.62 25.62 25.62 25.62 25.62 
25.62 25.62 25.62 25.62 25.62 25.62 25.62 25.62 25.62 25.62 25.62 25.62 
25.62 25.62 25.62 25.62 25.62 25.62 24.83 25.40 25.40 25.40 25.43 25.45 
25.51 25.62 25.62 25.62 25.62 24.83 24.83 25.03 25.03 25.05 25.11 25.51 
25.51 25.62 25.62 25.62 24.83 24.83 24.83 24.66 24.70 25.11 25.11 25.51 
25.51 25.62 25.62 24.34 24.48 24.48 24.37 24.70 24.70 25.11 25.11 25.51 
25.51 25.62 24.34 24.34 24.34 24.34 24.34 24.34 24.70 25.11 25.11 25.51 
25.51 24.34 24.34 24.34 24.34 24.34 24.34 24.70 25.11 25.11 25.51 25.51 
