19 11 132
99 4 255 128 33 105 10 2050 01 04 05 30 1
0      0      1      0      0     21
0 12 11 51144.00 2686.00 128 52249.70 4552.50 26000 15000 96
7.20 7.20 7.20 7.20 7.20 7.20 7.20 7.20 7.20 7.20 7.20 7.20 
7.20 7.20 7.20 7.20 7.20 7.20 7.20 7.20 7.20 7.20 7.20 7.20 
7.20 7.20 7.20 7.20 7.20 7.20 7.20 7.20 7.20 7.20 7.20 7.20 
7.20 7.20 7.20 7.20 7.20 7.20 7.20 7.20 7.20 7.20 7.20 7.20 
7.20 7.20 7.20 7.20 7.20 7.20 7.20 7.20 7.20 7.20 7.20 7.20 
7.20 7.20 7.20 7.20 7.20 7.20 6.98 7.14 7.14 7.14 7.15 7.15 
7.17 7.20 7.20 7.20 7.20 6.98 6.98 7.03 7.03 7.04 7.06 7.17 
7.17 7.20 7.20 7.20 6.98 6.98 6.98 6.93 6.94 7.06 7.06 7.17 
7.17 7.20 7.20 6.84 6.88 6.88 6.85 6.94 6.94 7.06 7.06 7.17 
7.17 7.20 6.84 6.84 6.84 6.84 6.84 6.84 6.94 7.06 7.06 7.17 
7.17 6.84 6.84 6.84 6.84 6.84 6.84 6.94 7.06 7.06 7.17 7.17 
