19 11 132
99 4 255 128 33 105 10 2050 01 01 16 00 1
0      0      1      0      0     21
0 12 11 51144.00 2686.00 128 52249.70 4552.50 26000 15000 96
10.56 10.56 10.56 10.56 10.56 10.56 10.56 10.56 10.56 10.56 10.56 10.56 
10.56 10.56 10.56 10.56 10.56 10.56 10.56 10.56 10.56 10.56 10.56 10.56 
10.56 10.56 10.56 10.56 10.56 10.56 10.56 10.56 10.56 10.56 10.56 10.56 
10.56 10.56 10.56 10.56 10.56 10.56 10.56 10.56 10.56 10.56 10.56 10.56 
10.56 10.56 10.56 10.56 10.56 10.56 10.56 10.56 10.56 10.56 10.56 10.56 
10.56 10.56 10.56 10.56 10.56 10.56 10.24 10.47 10.47 10.47 10.48 10.49 
10.52 10.56 10.56 10.56 10.56 10.24 10.24 10.32 10.32 10.33 10.35 10.52 
10.52 10.56 10.56 10.56 10.24 10.24 10.24 10.16 10.18 10.35 10.35 10.52 
10.52 10.56 10.56 10.04 10.09 10.09 10.05 10.18 10.18 10.35 10.35 10.52 
10.52 10.56 10.04 10.04 10.04 10.04 10.04 10.04 10.18 10.35 10.35 10.52 
10.52 10.04 10.04 10.04 10.04 10.04 10.04 10.18 10.35 10.35 10.52 10.52 
