19 11 132
99 4 255 128 33 105 10 2050 01 03 00 00 1
0      0      1      0      0     21
0 12 11 51144.00 2686.00 128 52249.70 4552.50 26000 15000 96
20.58 20.58 20.58 20.58 20.58 20.58 20.58 20.58 20.58 20.58 20.58 20.58 
20.58 20.58 20.58 20.58 20.58 20.58 20.58 20.58 20.58 20.58 20.58 20.58 
20.58 20.58 20.58 20.58 20.58 20.58 20.58 20.58 20.58 20.58 20.58 20.58 
20.58 20.58 20.58 20.58 20.58 20.58 20.58 20.58 20.58 20.58 20.58 20.58 
20.58 20.58 20.58 20.58 20.58 20.58 20.58 20.58 20.58 20.58 20.58 20.58 
20.58 20.58 20.58 20.58 20.58 20.58 19.95 20.40 20.40 20.40 20.42 20.44 
20.49 20.58 20.58 20.58 20.58 19.95 19.95 20.11 20.11 20.13 20.17 20.49 
20.49 20.58 20.58 20.58 19.95 19.95 19.95 19.81 19.84 20.17 20.17 20.49 
20.49 20.58 20.58 19.55 19.66 19.66 19.58 19.84 19.84 20.17 20.17 20.49 
20.49 20.58 19.55 19.55 19.55 19.55 19.55 19.55 19.84 20.17 20.17 20.49 
20.49 19.55 19.55 19.55 19.55 19.55 19.55 19.84 20.17 20.17 20.49 20.49 
