19 11 132
99 4 255 128 33 105 10 2050 01 02 10 30 1
0      0      1      0      0     21
0 12 11 51144.00 2686.00 128 52249.70 4552.50 26000 15000 96
23.54 23.54 23.54 23.54 23.54 23.54 23.54 23.54 23.54 23.54 23.54 23.54 
23.54 23.54 23.54 23.54 23.54 23.54 23.54 23.54 23.54 23.54 23.54 23.54 
23.54 23.54 23.54 23.54 23.54 23.54 23.54 23.54 23.54 23.54 23.54 23.54 
23.54 23.54 23.54 23.54 23.54 23.54 23.54 23.54 23.54 23.54 23.54 23.54 
23.54 23.54 23.54 23.54 23.54 23.54 23.54 23.54 23.54 23.54 23.54 23.54 
23.54 23.54 23.54 23.54 23.54 23.54 22.81 23.34 23.34 23.34 23.36 23.38 
23.44 23.54 23.54 23.54 23.54 22.81 22.81 23.00 23.00 23.02 23.07 23.44 
23.44 23.54 23.54 23.54 22.81 22.81 22.81 22.66 22.70 23.07 23.07 23.44 
23.44 23.54 23.54 22.37 22.49 22.49 22.40 22.70 22.70 23.07 23.07 23.44 
23.44 23.54 22.37 22.37 22.37 22.37 22.37 22.37 22.70 23.07 23.07 23.44 
23.44 22.37 22.37 22.37 22.37 22.37 22.37 22.70 23.07 23.07 23.44 23.44 
