19 11 132
99 4 255 128 33 105 10 2050 01 02 01 00 1
0      0      1      0      0     21
0 12 11 51144.00 2686.00 128 52249.70 4552.50 26000 15000 96
14.79 14.79 14.79 14.79 14.79 14.79 14.79 14.79 14.79 14.79 14.79 14.79 
14.79 14.79 14.79 14.79 14.79 14.79 14.79 14.79 14.79 14.79 14.79 14.79 
14.79 14.79 14.79 14.79 14.79 14.79 14.79 14.79 14.79 14.79 14.79 14.79 
14.79 14.79 14.79 14.79 14.79 14.79 14.79 14.79 14.79 14.79 14.79 14.79 
14.79 14.79 14.79 14.79 14.79 14.79 14.79 14.79 14.79 14.79 14.79 14.79 
14.79 14.79 14.79 14.79 14.79 14.79 14.33 14.66 14.66 14.66 14.67 14.69 
14.72 14.79 14.79 14.79 14.79 14.33 14.33 14.45 14.45 14.46 14.49 14.72 
14.72 14.79 14.79 14.79 14.33 14.33 14.33 14.23 14.26 14.49 14.49 14.72 
14.72 14.79 14.79 14.05 14.13 14.13 14.07 14.26 14.26 14.49 14.49 14.72 
14.72 14.79 14.05 14.05 14.05 14.05 14.05 14.05 14.26 14.49 14.49 14.72 
14.72 14.05 14.05 14.05 14.05 14.05 14.05 14.26 14.49 14.49 14.72 14.72 
