19 11 132
99 4 255 128 33 105 10 2050 01 02 19 30 1
0      0      1      0      0     21
0 12 11 51144.00 2686.00 128 52249.70 4552.50 26000 15000 96
26.39 26.39 26.39 26.39 26.39 26.39 26.39 26.39 26.39 26.39 26.39 26.39 
26.39 26.39 26.39 26.39 26.39 26.39 26.39 26.39 26.39 26.39 26.39 26.39 
26.39 26.39 26.39 26.39 26.39 26.39 26.39 26.39 26.39 26.39 26.39 26.39 
26.39 26.39 26.39 26.39 26.39 26.39 26.39 26.39 26.39 26.39 26.39 26.39 
26.39 26.39 26.39 26.39 26.39 26.39 26.39 26.39 26.39 26.39 26.39 26.39 
26.39 26.39 26.39 26.39 26.39 26.39 25.57 26.16 26.16 26.16 26.18 26.21 
26.27 26.39 26.39 26.39 26.39 25.57 25.57 25.77 25.77 25.80 25.86 26.27 
26.27 26.39 26.39 26.39 25.57 25.57 25.57 25.39 25.44 25.86 25.86 26.27 
26.27 26.39 26.39 25.07 25.21 25.21 25.10 25.44 25.44 25.86 25.86 26.27 
26.27 26.39 25.07 25.07 25.07 25.07 25.07 25.07 25.44 25.86 25.86 26.27 
26.27 25.07 25.07 25.07 25.07 25.07 25.07 25.44 25.86 25.86 26.27 26.27 
