19 11 132
99 4 255 128 33 105 10 2050 01 02 23 30 1
0      0      1      0      0     21
0 12 11 51144.00 2686.00 128 52249.70 4552.50 26000 15000 96
21.13 21.13 21.13 21.13 21.13 21.13 21.13 21.13 21.13 21.13 21.13 21.13 
21.13 21.13 21.13 21.13 21.13 21.13 21.13 21.13 21.13 21.13 21.13 21.13 
21.13 21.13 21.13 21.13 21.13 21.13 21.13 21.13 21.13 21.13 21.13 21.13 
21.13 21.13 21.13 21.13 21.13 21.13 21.13 21.13 21.13 21.13 21.13 21.13 
21.13 21.13 21.13 21.13 21.13 21.13 21.13 21.13 21.13 21.13 21.13 21.13 
21.13 21.13 21.13 21.13 21.13 21.13 20.48 20.95 20.95 20.95 20.97 20.99 
21.04 21.13 21.13 21.13 21.13 20.48 20.48 20.64 20.64 20.66 20.71 21.04 
21.04 21.13 21.13 21.13 20.48 20.48 20.48 20.34 20.37 20.71 20.71 21.04 
21.04 21.13 21.13 20.08 20.19 20.19 20.10 20.37 20.37 20.71 20.71 21.04 
21.04 21.13 20.08 20.08 20.08 20.08 20.08 20.08 20.37 20.71 20.71 21.04 
21.04 20.08 20.08 20.08 20.08 20.08 20.08 20.37 20.71 20.71 21.04 21.04 
