19 11 132
99 4 255 128 33 105 10 2050 01 04 08 00 1
0      0      1      0      0     21
0 12 11 51144.00 2686.00 128 52249.70 4552.50 26000 15000 96
6.78 6.78 6.78 6.78 6.78 6.78 6.78 6.78 6.78 6.78 6.78 6.78 
6.78 6.78 6.78 6.78 6.78 6.78 6.78 6.78 6.78 6.78 6.78 6.78 
6.78 6.78 6.78 6.78 6.78 6.78 6.78 6.78 6.78 6.78 6.78 6.78 
6.78 6.78 6.78 6.78 6.78 6.78 6.78 6.78 6.78 6.78 6.78 6.78 
6.78 6.78 6.78 6.78 6.78 6.78 6.78 6.78 6.78 6.78 6.78 6.78 
6.78 6.78 6.78 6.78 6.78 6.78 6.57 6.72 6.72 6.72 6.73 6.74 
6.75 6.78 6.78 6.78 6.78 6.57 6.57 6.62 6.62 6.63 6.65 6.75 
6.75 6.78 6.78 6.78 6.57 6.57 6.57 6.53 6.54 6.65 6.65 6.75 
6.75 6.78 6.78 6.44 6.48 6.48 6.45 6.54 6.54 6.65 6.65 6.75 
6.75 6.78 6.44 6.44 6.44 6.44 6.44 6.44 6.54 6.65 6.65 6.75 
6.75 6.44 6.44 6.44 6.44 6.44 6.44 6.54 6.65 6.65 6.75 6.75 
