19 11 132
99 4 255 128 33 105 10 2050 01 01 03 00 1
0      0      1      0      0     21
0 12 11 51144.00 2686.00 128 52249.70 4552.50 26000 15000 96
7.29 7.29 7.29 7.29 7.29 7.29 7.29 7.29 7.29 7.29 7.29 7.29 
7.29 7.29 7.29 7.29 7.29 7.29 7.29 7.29 7.29 7.29 7.29 7.29 
7.29 7.29 7.29 7.29 7.29 7.29 7.29 7.29 7.29 7.29 7.29 7.29 
7.29 7.29 7.29 7.29 7.29 7.29 7.29 7.29 7.29 7.29 7.29 7.29 
7.29 7.29 7.29 7.29 7.29 7.29 7.29 7.29 7.29 7.29 7.29 7.29 
7.29 7.29 7.29 7.29 7.29 7.29 7.06 7.22 7.22 7.22 7.23 7.24 
7.26 7.29 7.29 7.29 7.29 7.06 7.06 7.12 7.12 7.13 7.14 7.26 
7.26 7.29 7.29 7.29 7.06 7.06 7.06 7.01 7.03 7.14 7.14 7.26 
7.26 7.29 7.29 6.92 6.96 6.96 6.93 7.03 7.03 7.14 7.14 7.26 
7.26 7.29 6.92 6.92 6.92 6.92 6.92 6.92 7.03 7.14 7.14 7.26 
7.26 6.92 6.92 6.92 6.92 6.92 6.92 7.03 7.14 7.14 7.26 7.26 
