19 11 132
99 4 255 128 33 105 10 2050 01 02 02 30 1
0      0      1      0      0     21
0 12 11 51144.00 2686.00 128 52249.70 4552.50 26000 15000 96
15.78 15.78 15.78 15.78 15.78 15.78 15.78 15.78 15.78 15.78 15.78 15.78 
15.78 15.78 15.78 15.78 15.78 15.78 15.78 15.78 15.78 15.78 15.78 15.78 
15.78 15.78 15.78 15.78 15.78 15.78 15.78 15.78 15.78 15.78 15.78 15.78 
15.78 15.78 15.78 15.78 15.78 15.78 15.78 15.78 15.78 15.78 15.78 15.78 
15.78 15.78 15.78 15.78 15.78 15.78 15.78 15.78 15.78 15.78 15.78 15.78 
15.78 15.78 15.78 15.78 15.78 15.78 15.29 15.64 15.64 15.64 15.66 15.67 
15.71 15.78 15.78 15.78 15.78 15.29 15.29 15.41 15.41 15.43 15.46 15.71 
15.71 15.78 15.78 15.78 15.29 15.29 15.29 15.19 15.21 15.46 15.46 15.71 
15.71 15.78 15.78 14.99 15.07 15.07 15.01 15.21 15.21 15.46 15.46 15.71 
15.71 15.78 14.99 14.99 14.99 14.99 14.99 14.99 15.21 15.46 15.46 15.71 
15.71 14.99 14.99 14.99 14.99 14.99 14.99 15.21 15.46 15.46 15.71 15.71 
