19 11 132
99 4 255 128 33 105 10 2050 01 03 08 30 1
0      0      1      0      0     21
0 12 11 51144.00 2686.00 128 52249.70 4552.50 26000 15000 96
13.91 13.91 13.91 13.91 13.91 13.91 13.91 13.91 13.91 13.91 13.91 13.91 
13.91 13.91 13.91 13.91 13.91 13.91 13.91 13.91 13.91 13.91 13.91 13.91 
13.91 13.91 13.91 13.91 13.91 13.91 13.91 13.91 13.91 13.91 13.91 13.91 
13.91 13.91 13.91 13.91 13.91 13.91 13.91 13.91 13.91 13.91 13.91 13.91 
13.91 13.91 13.91 13.91 13.91 13.91 13.91 13.91 13.91 13.91 13.91 13.91 
13.91 13.91 13.91 13.91 13.91 13.91 13.47 13.78 13.78 13.78 13.80 13.81 
13.84 13.91 13.91 13.91 13.91 13.47 13.47 13.58 13.58 13.60 13.63 13.84 
13.84 13.91 13.91 13.91 13.47 13.47 13.47 13.38 13.41 13.63 13.63 13.84 
13.84 13.91 13.91 13.21 13.28 13.28 13.23 13.41 13.41 13.63 13.63 13.84 
13.84 13.91 13.21 13.21 13.21 13.21 13.21 13.21 13.41 13.63 13.63 13.84 
13.84 13.21 13.21 13.21 13.21 13.21 13.21 13.41 13.63 13.63 13.84 13.84 
