19 11 132
99 4 255 128 33 105 10 2050 01 02 07 00 1
0      0      1      0      0     21
0 12 11 51144.00 2686.00 128 52249.70 4552.50 26000 15000 96
19.54 19.54 19.54 19.54 19.54 19.54 19.54 19.54 19.54 19.54 19.54 19.54 
19.54 19.54 19.54 19.54 19.54 19.54 19.54 19.54 19.54 19.54 19.54 19.54 
19.54 19.54 19.54 19.54 19.54 19.54 19.54 19.54 19.54 19.54 19.54 19.54 
19.54 19.54 19.54 19.54 19.54 19.54 19.54 19.54 19.54 19.54 19.54 19.54 
19.54 19.54 19.54 19.54 19.54 19.54 19.54 19.54 19.54 19.54 19.54 19.54 
19.54 19.54 19.54 19.54 19.54 19.54 18.93 19.37 19.37 19.37 19.39 19.40 
19.45 19.54 19.54 19.54 19.54 18.93 18.93 19.08 19.08 19.10 19.14 19.45 
19.45 19.54 19.54 19.54 18.93 18.93 18.93 18.80 18.84 19.14 19.14 19.45 
19.45 19.54 19.54 18.56 18.66 18.66 18.58 18.84 18.84 19.14 19.14 19.45 
19.45 19.54 18.56 18.56 18.56 18.56 18.56 18.56 18.84 19.14 19.14 19.45 
19.45 18.56 18.56 18.56 18.56 18.56 18.56 18.84 19.14 19.14 19.45 19.45 
