19 11 132
99 4 255 128 33 105 10 2050 01 02 10 00 1
0      0      1      0      0     21
0 12 11 51144.00 2686.00 128 52249.70 4552.50 26000 15000 96
22.90 22.90 22.90 22.90 22.90 22.90 22.90 22.90 22.90 22.90 22.90 22.90 
22.90 22.90 22.90 22.90 22.90 22.90 22.90 22.90 22.90 22.90 22.90 22.90 
22.90 22.90 22.90 22.90 22.90 22.90 22.90 22.90 22.90 22.90 22.90 22.90 
22.90 22.90 22.90 22.90 22.90 22.90 22.90 22.90 22.90 22.90 22.90 22.90 
22.90 22.90 22.90 22.90 22.90 22.90 22.90 22.90 22.90 22.90 22.90 22.90 
22.90 22.90 22.90 22.90 22.90 22.90 22.19 22.70 22.70 22.70 22.72 22.74 
22.80 22.90 22.90 22.90 22.90 22.19 22.19 22.37 22.37 22.39 22.44 22.80 
22.80 22.90 22.90 22.90 22.19 22.19 22.19 22.04 22.08 22.44 22.44 22.80 
22.80 22.90 22.90 21.76 21.88 21.88 21.78 22.08 22.08 22.44 22.44 22.80 
22.80 22.90 21.76 21.76 21.76 21.76 21.76 21.76 22.08 22.44 22.44 22.80 
22.80 21.76 21.76 21.76 21.76 21.76 21.76 22.08 22.44 22.44 22.80 22.80 
