19 11 132
99 4 255 128 33 105 10 2050 01 02 23 00 1
0      0      1      0      0     21
0 12 11 51144.00 2686.00 128 52249.70 4552.50 26000 15000 96
21.70 21.70 21.70 21.70 21.70 21.70 21.70 21.70 21.70 21.70 21.70 21.70 
21.70 21.70 21.70 21.70 21.70 21.70 21.70 21.70 21.70 21.70 21.70 21.70 
21.70 21.70 21.70 21.70 21.70 21.70 21.70 21.70 21.70 21.70 21.70 21.70 
21.70 21.70 21.70 21.70 21.70 21.70 21.70 21.70 21.70 21.70 21.70 21.70 
21.70 21.70 21.70 21.70 21.70 21.70 21.70 21.70 21.70 21.70 21.70 21.70 
21.70 21.70 21.70 21.70 21.70 21.70 21.03 21.52 21.52 21.52 21.54 21.56 
21.61 21.70 21.70 21.70 21.70 21.03 21.03 21.20 21.20 21.22 21.27 21.61 
21.61 21.70 21.70 21.70 21.03 21.03 21.03 20.89 20.92 21.27 21.27 21.61 
21.61 21.70 21.70 20.62 20.73 20.73 20.65 20.92 20.92 21.27 21.27 21.61 
21.61 21.70 20.62 20.62 20.62 20.62 20.62 20.62 20.92 21.27 21.27 21.61 
21.61 20.62 20.62 20.62 20.62 20.62 20.62 20.92 21.27 21.27 21.61 21.61 
