19 11 132
99 4 255 128 33 105 10 2050 01 01 12 00 1
0      0      1      0      0     21
0 12 11 51144.00 2686.00 128 52249.70 4552.50 26000 15000 96
9.31 9.31 9.31 9.31 9.31 9.31 9.31 9.31 9.31 9.31 9.31 9.31 
9.31 9.31 9.31 9.31 9.31 9.31 9.31 9.31 9.31 9.31 9.31 9.31 
9.31 9.31 9.31 9.31 9.31 9.31 9.31 9.31 9.31 9.31 9.31 9.31 
9.31 9.31 9.31 9.31 9.31 9.31 9.31 9.31 9.31 9.31 9.31 9.31 
9.31 9.31 9.31 9.31 9.31 9.31 9.31 9.31 9.31 9.31 9.31 9.31 
9.31 9.31 9.31 9.31 9.31 9.31 9.02 9.23 9.23 9.23 9.24 9.25 
9.27 9.31 9.31 9.31 9.31 9.02 9.02 9.10 9.10 9.11 9.13 9.27 
9.27 9.31 9.31 9.31 9.02 9.02 9.02 8.96 8.98 9.13 9.13 9.27 
9.27 9.31 9.31 8.85 8.90 8.90 8.86 8.98 8.98 9.13 9.13 9.27 
9.27 9.31 8.85 8.85 8.85 8.85 8.85 8.85 8.98 9.13 9.13 9.27 
9.27 8.85 8.85 8.85 8.85 8.85 8.85 8.98 9.13 9.13 9.27 9.27 
