19 11 132
99 4 255 128 33 105 10 2050 01 04 09 00 1
0      0      1      0      0     21
0 12 11 51144.00 2686.00 128 52249.70 4552.50 26000 15000 96
6.63 6.63 6.63 6.63 6.63 6.63 6.63 6.63 6.63 6.63 6.63 6.63 
6.63 6.63 6.63 6.63 6.63 6.63 6.63 6.63 6.63 6.63 6.63 6.63 
6.63 6.63 6.63 6.63 6.63 6.63 6.63 6.63 6.63 6.63 6.63 6.63 
6.63 6.63 6.63 6.63 6.63 6.63 6.63 6.63 6.63 6.63 6.63 6.63 
6.63 6.63 6.63 6.63 6.63 6.63 6.63 6.63 6.63 6.63 6.63 6.63 
6.63 6.63 6.63 6.63 6.63 6.63 6.42 6.57 6.57 6.57 6.58 6.58 
6.60 6.63 6.63 6.63 6.63 6.42 6.42 6.47 6.47 6.48 6.49 6.60 
6.60 6.63 6.63 6.63 6.42 6.42 6.42 6.38 6.39 6.49 6.49 6.60 
6.60 6.63 6.63 6.30 6.33 6.33 6.30 6.39 6.39 6.49 6.49 6.60 
6.60 6.63 6.30 6.30 6.30 6.30 6.30 6.30 6.39 6.49 6.49 6.60 
6.60 6.30 6.30 6.30 6.30 6.30 6.30 6.39 6.49 6.49 6.60 6.60 
