19 11 132
99 4 255 128 33 105 10 2050 01 02 09 00 1
0      0      1      0      0     21
0 12 11 51144.00 2686.00 128 52249.70 4552.50 26000 15000 96
21.69 21.69 21.69 21.69 21.69 21.69 21.69 21.69 21.69 21.69 21.69 21.69 
21.69 21.69 21.69 21.69 21.69 21.69 21.69 21.69 21.69 21.69 21.69 21.69 
21.69 21.69 21.69 21.69 21.69 21.69 21.69 21.69 21.69 21.69 21.69 21.69 
21.69 21.69 21.69 21.69 21.69 21.69 21.69 21.69 21.69 21.69 21.69 21.69 
21.69 21.69 21.69 21.69 21.69 21.69 21.69 21.69 21.69 21.69 21.69 21.69 
21.69 21.69 21.69 21.69 21.69 21.69 21.02 21.50 21.50 21.50 21.52 21.54 
21.59 21.69 21.69 21.69 21.69 21.02 21.02 21.18 21.18 21.21 21.25 21.59 
21.59 21.69 21.69 21.69 21.02 21.02 21.02 20.87 20.91 21.25 21.25 21.59 
21.59 21.69 21.69 20.60 20.72 20.72 20.63 20.91 20.91 21.25 21.25 21.59 
21.59 21.69 20.60 20.60 20.60 20.60 20.60 20.60 20.91 21.25 21.25 21.59 
21.59 20.60 20.60 20.60 20.60 20.60 20.60 20.91 21.25 21.25 21.59 21.59 
