19 11 132
99 4 255 128 33 105 10 2050 01 02 15 00 1
0      0      1      0      0     21
0 12 11 51144.00 2686.00 128 52249.70 4552.50 26000 15000 96
30.32 30.32 30.32 30.32 30.32 30.32 30.32 30.32 30.32 30.32 30.32 30.32 
30.32 30.32 30.32 30.32 30.32 30.32 30.32 30.32 30.32 30.32 30.32 30.32 
30.32 30.32 30.32 30.32 30.32 30.32 30.32 30.32 30.32 30.32 30.32 30.32 
30.32 30.32 30.32 30.32 30.32 30.32 30.32 30.32 30.32 30.32 30.32 30.32 
30.32 30.32 30.32 30.32 30.32 30.32 30.32 30.32 30.32 30.32 30.32 30.32 
30.32 30.32 30.32 30.32 30.32 30.32 29.38 30.06 30.06 30.06 30.09 30.11 
30.19 30.32 30.32 30.32 30.32 29.38 29.38 29.62 29.62 29.65 29.71 30.19 
30.19 30.32 30.32 30.32 29.38 29.38 29.38 29.18 29.23 29.71 29.71 30.19 
30.19 30.32 30.32 28.80 28.96 28.96 28.84 29.23 29.23 29.71 29.71 30.19 
30.19 30.32 28.80 28.80 28.80 28.80 28.80 28.80 29.23 29.71 29.71 30.19 
30.19 28.80 28.80 28.80 28.80 28.80 28.80 29.23 29.71 29.71 30.19 30.19 
