19 11 132
99 4 255 128 33 105 10 2050 01 04 00 30 1
0      0      1      0      0     21
0 12 11 51144.00 2686.00 128 52249.70 4552.50 26000 15000 96
8.19 8.19 8.19 8.19 8.19 8.19 8.19 8.19 8.19 8.19 8.19 8.19 
8.19 8.19 8.19 8.19 8.19 8.19 8.19 8.19 8.19 8.19 8.19 8.19 
8.19 8.19 8.19 8.19 8.19 8.19 8.19 8.19 8.19 8.19 8.19 8.19 
8.19 8.19 8.19 8.19 8.19 8.19 8.19 8.19 8.19 8.19 8.19 8.19 
8.19 8.19 8.19 8.19 8.19 8.19 8.19 8.19 8.19 8.19 8.19 8.19 
8.19 8.19 8.19 8.19 8.19 8.19 7.94 8.12 8.12 8.12 8.13 8.14 
8.16 8.19 8.19 8.19 8.19 7.94 7.94 8.00 8.00 8.01 8.03 8.16 
8.16 8.19 8.19 8.19 7.94 7.94 7.94 7.88 7.90 8.03 8.03 8.16 
8.16 8.19 8.19 7.78 7.83 7.83 7.79 7.90 7.90 8.03 8.03 8.16 
8.16 8.19 7.78 7.78 7.78 7.78 7.78 7.78 7.90 8.03 8.03 8.16 
8.16 7.78 7.78 7.78 7.78 7.78 7.78 7.90 8.03 8.03 8.16 8.16 
