19 11 132
99 4 255 128 33 105 10 2050 01 02 04 30 1
0      0      1      0      0     21
0 12 11 51144.00 2686.00 128 52249.70 4552.50 26000 15000 96
17.29 17.29 17.29 17.29 17.29 17.29 17.29 17.29 17.29 17.29 17.29 17.29 
17.29 17.29 17.29 17.29 17.29 17.29 17.29 17.29 17.29 17.29 17.29 17.29 
17.29 17.29 17.29 17.29 17.29 17.29 17.29 17.29 17.29 17.29 17.29 17.29 
17.29 17.29 17.29 17.29 17.29 17.29 17.29 17.29 17.29 17.29 17.29 17.29 
17.29 17.29 17.29 17.29 17.29 17.29 17.29 17.29 17.29 17.29 17.29 17.29 
17.29 17.29 17.29 17.29 17.29 17.29 16.75 17.14 17.14 17.14 17.16 17.17 
17.21 17.29 17.29 17.29 17.29 16.75 16.75 16.89 16.89 16.90 16.94 17.21 
17.21 17.29 17.29 17.29 16.75 16.75 16.75 16.64 16.67 16.94 16.94 17.21 
17.21 17.29 17.29 16.43 16.52 16.52 16.45 16.67 16.67 16.94 16.94 17.21 
17.21 17.29 16.43 16.43 16.43 16.43 16.43 16.43 16.67 16.94 16.94 17.21 
17.21 16.43 16.43 16.43 16.43 16.43 16.43 16.67 16.94 16.94 17.21 17.21 
