19 11 132
99 4 255 128 33 105 10 2050 01 03 04 00 1
0      0      1      0      0     21
0 12 11 51144.00 2686.00 128 52249.70 4552.50 26000 15000 96
16.90 16.90 16.90 16.90 16.90 16.90 16.90 16.90 16.90 16.90 16.90 16.90 
16.90 16.90 16.90 16.90 16.90 16.90 16.90 16.90 16.90 16.90 16.90 16.90 
16.90 16.90 16.90 16.90 16.90 16.90 16.90 16.90 16.90 16.90 16.90 16.90 
16.90 16.90 16.90 16.90 16.90 16.90 16.90 16.90 16.90 16.90 16.90 16.90 
16.90 16.90 16.90 16.90 16.90 16.90 16.90 16.90 16.90 16.90 16.90 16.90 
16.90 16.90 16.90 16.90 16.90 16.90 16.38 16.75 16.75 16.75 16.77 16.79 
16.83 16.90 16.90 16.90 16.90 16.38 16.38 16.51 16.51 16.52 16.56 16.83 
16.83 16.90 16.90 16.90 16.38 16.38 16.38 16.26 16.29 16.56 16.56 16.83 
16.83 16.90 16.90 16.06 16.14 16.14 16.08 16.29 16.29 16.56 16.56 16.83 
16.83 16.90 16.06 16.06 16.06 16.06 16.06 16.06 16.29 16.56 16.56 16.83 
16.83 16.06 16.06 16.06 16.06 16.06 16.06 16.29 16.56 16.56 16.83 16.83 
