19 11 132
99 4 255 128 33 105 10 2050 01 04 11 00 1
0      0      1      0      0     21
0 12 11 51144.00 2686.00 128 52249.70 4552.50 26000 15000 96
6.33 6.33 6.33 6.33 6.33 6.33 6.33 6.33 6.33 6.33 6.33 6.33 
6.33 6.33 6.33 6.33 6.33 6.33 6.33 6.33 6.33 6.33 6.33 6.33 
6.33 6.33 6.33 6.33 6.33 6.33 6.33 6.33 6.33 6.33 6.33 6.33 
6.33 6.33 6.33 6.33 6.33 6.33 6.33 6.33 6.33 6.33 6.33 6.33 
6.33 6.33 6.33 6.33 6.33 6.33 6.33 6.33 6.33 6.33 6.33 6.33 
6.33 6.33 6.33 6.33 6.33 6.33 6.14 6.28 6.28 6.28 6.29 6.29 
6.31 6.33 6.33 6.33 6.33 6.14 6.14 6.19 6.19 6.19 6.21 6.31 
6.31 6.33 6.33 6.33 6.14 6.14 6.14 6.10 6.11 6.21 6.21 6.31 
6.31 6.33 6.33 6.02 6.05 6.05 6.03 6.11 6.11 6.21 6.21 6.31 
6.31 6.33 6.02 6.02 6.02 6.02 6.02 6.02 6.11 6.21 6.21 6.31 
6.31 6.02 6.02 6.02 6.02 6.02 6.02 6.11 6.21 6.21 6.31 6.31 
