*
* Conditionele overschrijdingskansen zeewaterstand OS11. Met statistische onzekerheid.
* WTI2017: 12-uursperiods, gegeven windrichting
*
* Door: K.A. Wojciechowska van HKV lijn in water
* Project: PR3280.10
*
* m (m+NAP) 30              60              90              120             150             180             210             240             270             300             330             360
  1.62      1.000e+000      1.000e+000      1.000e+000      1.000e+000      1.000e+000      1.000e+000      1.000e+000      1.000e+000      1.000e+000      1.000e+000      1.000e+000      1.000e+000 
  1.72      3.903e-001      3.390e-001      3.076e-001      3.448e-001      3.402e-001      2.784e-001      2.858e-001      4.832e-001      6.536e-001      6.524e-001      5.908e-001      4.497e-001 
  1.82      1.561e-001      1.177e-001      9.683e-002      1.218e-001      1.185e-001      7.924e-002      8.354e-002      2.388e-001      4.341e-001      4.326e-001      3.556e-001      2.070e-001 
  1.92      6.215e-002      4.122e-002      3.098e-002      4.331e-002      4.163e-002      2.311e-002      2.555e-002      1.195e-001      2.878e-001      2.886e-001      2.180e-001      9.847e-002 
  2.02      2.371e-002      1.553e-002      1.157e-002      1.634e-002      1.569e-002      8.550e-003      1.201e-002      6.673e-002      1.878e-001      2.017e-001      1.547e-001      6.171e-002 
  2.12      8.923e-003      5.844e-003      4.354e-003      6.150e-003      5.904e-003      3.217e-003      5.878e-003      3.751e-002      1.221e-001      1.412e-001      1.110e-001      3.960e-002 
  2.22      3.323e-003      2.176e-003      1.622e-003      2.290e-003      2.199e-003      1.198e-003      2.865e-003      2.100e-002      7.920e-002      9.861e-002      7.938e-002      2.533e-002 
  2.32      1.226e-003      8.027e-004      5.980e-004      8.447e-004      8.109e-004      4.418e-004      1.391e-003      1.171e-002      5.122e-002      6.870e-002      5.664e-002      1.616e-002 
  2.42      4.477e-004      2.932e-004      2.185e-004      3.086e-004      2.962e-004      1.614e-004      6.724e-004      6.507e-003      3.305e-002      4.775e-002      4.031e-002      1.028e-002 
  2.52      1.621e-004      1.061e-004      7.907e-005      1.117e-004      1.072e-004      5.842e-005      3.238e-004      3.602e-003      2.127e-002      3.311e-002      2.862e-002      6.525e-003 
  2.62      5.814e-005      3.807e-005      2.837e-005      4.007e-005      3.847e-005      2.096e-005      1.553e-004      1.987e-003      1.366e-002      2.291e-002      2.028e-002      4.130e-003 
  2.72      2.068e-005      1.354e-005      1.009e-005      1.425e-005      1.368e-005      7.454e-006      7.425e-005      1.092e-003      8.756e-003      1.582e-002      1.433e-002      2.608e-003 
  2.82      7.292e-006      4.776e-006      3.558e-006      5.026e-006      4.825e-006      2.629e-006      3.536e-005      5.983e-004      5.599e-003      1.090e-002      1.011e-002      1.643e-003 
  2.92      2.551e-006      1.671e-006      1.245e-006      1.758e-006      1.688e-006      9.197e-007      1.679e-005      3.268e-004      3.573e-003      7.499e-003      7.113e-003      1.032e-003 
  3.02      8.853e-007      5.798e-007      4.320e-007      6.102e-007      5.858e-007      3.192e-007      7.941e-006      1.779e-004      2.276e-003      5.147e-003      4.996e-003      6.473e-004 
  3.12      3.049e-007      1.997e-007      1.488e-007      2.101e-007      2.017e-007      1.099e-007      3.745e-006      9.656e-005      1.446e-003      3.526e-003      3.502e-003      4.050e-004 
  3.22      1.042e-007      6.825e-008      5.085e-008      7.182e-008      6.895e-008      3.757e-008      1.760e-006      5.226e-005      9.176e-004      2.412e-003      2.450e-003      2.529e-004 
  3.32      3.484e-008      2.282e-008      1.700e-008      2.401e-008      2.305e-008      1.256e-008      8.151e-007      2.791e-005      5.762e-004      1.634e-003      1.699e-003      1.562e-004 
  3.42      1.197e-008      7.837e-009      5.839e-009      8.247e-009      7.918e-009      4.314e-009      3.838e-007      1.508e-005      3.646e-004      1.114e-003      1.184e-003      9.728e-005 
  3.52      4.132e-009      2.706e-009      2.016e-009      2.848e-009      2.734e-009      1.490e-009      1.813e-007      8.160e-006      2.310e-004      7.595e-004      8.250e-004      6.063e-005 
  3.62      1.431e-009      9.369e-010      6.980e-010      9.859e-010      9.466e-010      5.157e-010      8.584e-008      4.419e-006      1.463e-004      5.176e-004      5.746e-004      3.779e-005 
  3.72      4.964e-010      3.251e-010      2.422e-010      3.421e-010      3.285e-010      1.790e-010      4.070e-008      2.394e-006      9.266e-005      3.525e-004      3.999e-004      2.355e-005 
  3.82      1.724e-010      1.129e-010      8.412e-011      1.188e-010      1.141e-010      6.215e-011      1.929e-008      1.295e-006      5.857e-005      2.396e-004      2.776e-004      1.464e-005 
  3.92      5.994e-011      3.926e-011      2.925e-011      4.131e-011      3.966e-011      2.161e-011      9.147e-009      6.998e-007      3.697e-005      1.625e-004      1.923e-004      9.092e-006 
  4.02      2.120e-011      1.388e-011      1.034e-011      1.461e-011      1.403e-011      7.642e-012      4.385e-009      3.811e-007      2.346e-005      1.107e-004      1.337e-004      5.675e-006 
  4.12      7.632e-012      4.998e-012      3.724e-012      5.260e-012      5.050e-012      2.751e-012      2.124e-009      2.090e-007      1.494e-005      7.554e-005      9.310e-005      3.558e-006 
  4.22      2.772e-012      1.816e-012      1.353e-012      1.911e-012      1.834e-012      9.994e-013      1.034e-009      1.149e-007      9.530e-006      5.160e-005      6.486e-005      2.233e-006 
  4.32      1.014e-012      6.638e-013      4.946e-013      6.985e-013      6.707e-013      3.654e-013      5.050e-010      6.333e-008      6.080e-006      3.522e-005      4.514e-005      1.402e-006 
  4.42      3.727e-013      2.441e-013      1.819e-013      2.569e-013      2.466e-013      1.344e-013      2.474e-010      3.493e-008      3.879e-006      2.403e-005      3.139e-005      8.806e-007 
  4.52      1.381e-013      9.042e-014      6.736e-014      9.515e-014      9.135e-014      4.977e-014      1.218e-010      1.934e-008      2.480e-006      1.641e-005      2.185e-005      5.542e-007 
  4.62      5.181e-014      3.393e-014      2.528e-014      3.570e-014      3.428e-014      1.868e-014      6.062e-011      1.079e-008      1.595e-006      1.126e-005      1.527e-005      3.509e-007 
  4.72      1.985e-014      1.300e-014      9.687e-015      1.368e-014      1.314e-014      7.157e-015      3.060e-011      6.088e-009      1.033e-006      7.765e-006      1.072e-005      2.238e-007 
  4.82      7.789e-015      5.101e-015      3.800e-015      5.368e-015      5.154e-015      2.808e-015      1.566e-011      3.469e-009      6.726e-007      5.378e-006      7.555e-006      1.436e-007 
  4.92      3.113e-015      2.039e-015      1.519e-015      2.145e-015      2.060e-015      1.122e-015      8.097e-012      1.990e-009      4.398e-007      3.734e-006      5.335e-006      9.254e-008 
  5.02      1.260e-015      8.249e-016      6.146e-016      8.681e-016      8.334e-016      4.541e-016      4.215e-012      1.147e-009      2.885e-007      2.598e-006      3.774e-006      5.983e-008 
  5.12      5.146e-016      3.370e-016      2.511e-016      3.547e-016      3.405e-016      1.855e-016      2.209e-012      6.645e-010      1.899e-007      1.813e-006      2.677e-006      3.882e-008 
  5.22      2.122e-016      1.390e-016      1.035e-016      1.462e-016      1.404e-016      7.649e-017      1.166e-012      3.872e-010      1.255e-007      1.269e-006      1.905e-006      2.530e-008 
  5.32      8.838e-017      5.788e-017      4.312e-017      6.091e-017      5.848e-017      3.186e-017      6.205e-013      2.273e-010      8.347e-008      8.931e-007      1.361e-006      1.659e-008 
  5.42      3.727e-017      2.441e-017      1.818e-017      2.568e-017      2.466e-017      1.344e-017      3.337e-013      1.346e-010      5.584e-008      6.313e-007      9.772e-007      1.094e-008 
  5.52      1.595e-017      1.045e-017      7.782e-018      1.099e-017      1.055e-017      5.750e-018      1.815e-013      8.039e-011      3.758e-008      4.484e-007      7.045e-007      7.267e-009 
  5.62      6.938e-018      4.544e-018      3.385e-018      4.781e-018      4.591e-018      2.501e-018      9.982e-014      4.842e-011      2.543e-008      3.198e-007      5.097e-007      4.852e-009 
  5.72      3.068e-018      2.009e-018      1.497e-018      2.114e-018      2.030e-018      1.106e-018      5.543e-014      2.937e-011      1.728e-008      2.288e-007      3.700e-007      3.255e-009 
  5.82      1.376e-018      9.014e-019      6.715e-019      9.485e-019      9.107e-019      4.962e-019      3.103e-014      1.792e-011      1.179e-008      1.642e-007      2.692e-007      2.192e-009 
  5.92      6.250e-019      4.093e-019      3.050e-019      4.308e-019      4.136e-019      2.253e-019      1.748e-014      1.098e-011      8.070e-009      1.181e-007      1.963e-007      1.482e-009 
  6.02      2.866e-019      1.877e-019      1.399e-019      1.975e-019      1.896e-019      1.033e-019      9.908e-015      6.763e-012      5.539e-009      8.517e-008      1.434e-007      1.004e-009 
  6.12      1.325e-019      8.677e-020      6.464e-020      9.131e-020      8.766e-020      4.776e-020      5.643e-015      4.180e-012      3.812e-009      6.153e-008      1.050e-007      6.824e-010 
  6.22      6.166e-020      4.038e-020      3.009e-020      4.250e-020      4.080e-020      2.223e-020      3.228e-015      2.592e-012      2.630e-009      4.454e-008      7.701e-008      4.650e-010 
  6.32      2.888e-020      1.891e-020      1.409e-020      1.990e-020      1.911e-020      1.041e-020      1.855e-015      1.613e-012      1.819e-009      3.230e-008      5.658e-008      3.177e-010 
  6.42      1.360e-020      8.909e-021      6.637e-021      9.375e-021      9.000e-021      4.904e-021      1.070e-015      1.007e-012      1.261e-009      2.347e-008      4.163e-008      2.175e-010 
  6.52      6.443e-021      4.220e-021      3.144e-021      4.440e-021      4.263e-021      2.323e-021      6.198e-016      6.308e-013      8.757e-010      1.708e-008      3.068e-008      1.493e-010 
  6.62      3.068e-021      2.009e-021      1.497e-021      2.114e-021      2.030e-021      1.106e-021      3.604e-016      3.963e-013      6.097e-010      1.245e-008      2.265e-008      1.027e-010 
  6.72      1.468e-021      9.616e-022      7.165e-022      1.012e-021      9.716e-022      5.294e-022      2.103e-016      2.496e-013      4.254e-010      9.095e-009      1.674e-008      7.079e-011 
  6.82      7.062e-022      4.625e-022      3.446e-022      4.867e-022      4.673e-022      2.546e-022      1.231e-016      1.577e-013      2.974e-010      6.652e-009      1.239e-008      4.890e-011 
  6.92      3.413e-022      2.235e-022      1.665e-022      2.352e-022      2.258e-022      1.230e-022      7.236e-017      9.991e-014      2.083e-010      4.872e-009      9.185e-009      3.384e-011 
  7.02      1.657e-022      1.085e-022      8.083e-023      1.142e-022      1.096e-022      5.972e-023      4.266e-017      6.345e-014      1.462e-010      3.574e-009      6.816e-009      2.347e-011 
  7.12      8.077e-023      5.290e-023      3.941e-023      5.567e-023      5.344e-023      2.912e-023      2.523e-017      4.040e-014      1.027e-010      2.625e-009      5.065e-009      1.631e-011 
  7.22      3.955e-023      2.590e-023      1.930e-023      2.726e-023      2.617e-023      1.426e-023      1.497e-017      2.579e-014      7.235e-011      1.930e-009      3.767e-009      1.135e-011 
  7.32      1.944e-023      1.273e-023      9.488e-024      1.340e-023      1.287e-023      7.010e-024      8.905e-018      1.650e-014      5.103e-011      1.421e-009      2.805e-009      7.914e-012 
  7.42      9.598e-024      6.286e-024      4.683e-024      6.615e-024      6.351e-024      3.460e-024      5.314e-018      1.058e-014      3.605e-011      1.047e-009      2.090e-009      5.528e-012 
  7.52      4.756e-024      3.115e-024      2.321e-024      3.278e-024      3.147e-024      1.715e-024      3.180e-018      6.801e-015      2.551e-011      7.728e-010      1.559e-009      3.867e-012 
  7.62      2.366e-024      1.549e-024      1.154e-024      1.630e-024      1.565e-024      8.528e-025      1.908e-018      4.381e-015      1.808e-011      5.707e-010      1.163e-009      2.709e-012 
  7.72      1.181e-024      7.734e-025      5.762e-025      8.138e-025      7.814e-025      4.257e-025      1.148e-018      2.828e-015      1.282e-011      4.217e-010      8.686e-010      1.901e-012 
  7.82      5.916e-025      3.874e-025      2.886e-025      4.077e-025      3.914e-025      2.133e-025      6.924e-019      1.829e-015      9.110e-012      3.118e-010      6.488e-010      1.335e-012 
  7.92      2.974e-025      1.947e-025      1.451e-025      2.049e-025      1.968e-025      1.072e-025      4.187e-019      1.185e-015      6.479e-012      2.307e-010      4.848e-010      9.393e-013 
