% Status data	Concept with data d.d. 25-02-2015, statistiek voor kleine herhalingstijden afgeleid door Dirk Eilander, hoge herhalingstijden Sofia Caires															
%																
% Typ of data:	Exceedance Probability Table                                                                                                                                                                            															
%
%																
%	N		NNO		NO		ONO		O		OZO		ZO		ZZO		Z		ZZW		ZW		WZW		W		WNW		NW		NNW
%Wind speed	1	2		3		4		5		6		7		8		9		10		11		12		13		14		15		16
%
0	1	1	1	1	1	1	1	1	1	1	1	1	1	1	1	1
2	0.911184211	0.959619952	0.973451327	0.980815348	0.982758621	0.956058589	0.978331528	0.988610478	0.991780822	0.994057143	0.994521964	0.991910392	0.987028302	0.982993197	0.937093275	0.92408377
2.5	0.842105263	0.912114014	0.936283186	0.942446043	0.936781609	0.901464714	0.924160347	0.945330296	0.9695586	0.979809524	0.983591731	0.977390583	0.966981132	0.93877551	0.852494577	0.840314136
3	0.796052632	0.883610451	0.916814159	0.911270983	0.905747126	0.842876165	0.884073673	0.924829157	0.956164384	0.970857143	0.975710594	0.967019291	0.95322327	0.921768707	0.830802603	0.806282723
3.5	0.710526316	0.767220903	0.865486726	0.829736211	0.813793103	0.708388815	0.749729144	0.84738041	0.908675799	0.936	0.953488372	0.939016801	0.900943396	0.858843537	0.754880694	0.712041885
4	0.667763158	0.726840855	0.838938053	0.786570743	0.749425287	0.636484687	0.669555796	0.802961276	0.873972603	0.910285714	0.933850129	0.922837586	0.879716981	0.819727891	0.724511931	0.666230366
4.5	0.536184211	0.627078385	0.727433628	0.661870504	0.624137931	0.508655126	0.546045504	0.685649203	0.792694064	0.848571429	0.874418605	0.86123211	0.83254717	0.768707483	0.652928416	0.583769634
5	0.483552632	0.589073634	0.676106195	0.600719424	0.552873563	0.446071904	0.487540628	0.638952164	0.759817352	0.82	0.84496124	0.83074051	0.803066038	0.714285714	0.585683297	0.536649215
5.5	0.378289474	0.482185273	0.552212389	0.507194245	0.457471264	0.362183755	0.375947996	0.512528474	0.652968037	0.749142857	0.76744186	0.782202862	0.758254717	0.666666667	0.507592191	0.45026178
6	0.325657895	0.446555819	0.504424779	0.472422062	0.405747126	0.304926764	0.323943662	0.462414579	0.612785388	0.722285714	0.739534884	0.74486621	0.695754717	0.593537415	0.446854664	0.408376963
6.5	0.233552632	0.315914489	0.380530973	0.371702638	0.310344828	0.19840213	0.222101842	0.308656036	0.499543379	0.612571429	0.669250646	0.6869944	0.635613208	0.535714286	0.373101952	0.316753927
7	0.194078947	0.256532067	0.311504425	0.304556355	0.236781609	0.135818908	0.16468039	0.246013667	0.444748858	0.557714286	0.601033592	0.602986932	0.529481132	0.443877551	0.286334056	0.267888307
7.5	0.148977935	0.190023753	0.226548673	0.220623501	0.168965517	0.090545939	0.104008667	0.16856492	0.339726027	0.46	0.526614987	0.541381456	0.472877358	0.387755102	0.225596529	0.201570681
8	0.114357715	0.152019002	0.185840708	0.177458034	0.132183908	0.063210192	0.083423619	0.133257403	0.285844749	0.406285714	0.464599483	0.474175482	0.400943396	0.336734694	0.188720174	0.157068063
8.5	0.087782711	0.109129452	0.102654867	0.121103118	0.102298851	0.044127085	0.057039688	0.088838269	0.196347032	0.323428571	0.396382429	0.424393279	0.341981132	0.289115646	0.145336226	0.121988042
9	0.067383337	0.078340451	0.073257186	0.086330935	0.071264368	0.030805153	0.039000059	0.06833713	0.143378995	0.258857143	0.317829457	0.34847542	0.295990566	0.241496599	0.118805766	0.094742892
9.5	0.051724468	0.056238038	0.052278236	0.058679108	0.047326419	0.021505102	0.026665724	0.048440514	0.096803653	0.191428571	0.263565891	0.298693217	0.261792453	0.18452381	0.09711832	0.073582749
10	0.039704484	0.040371442	0.03730711	0.03988417	0.03142931	0.015012729	0.018232302	0.034336874	0.071232877	0.142285714	0.208268734	0.235843186	0.224056604	0.151360544	0.079389817	0.057148572
10.5	0.030477762	0.028981333	0.026623325	0.027109257	0.020872096	0.010480398	0.012466072	0.024339562	0.050457401	0.109714286	0.175710594	0.197261979	0.195754717	0.130952381	0.064897571	0.04438485
11	0.023395191	0.020804748	0.018999098	0.018426153	0.013861086	0.007316374	0.008523496	0.017253006	0.035741211	0.076	0.133850129	0.149346609	0.155660377	0.110544218	0.053050818	0.034471813
11.5	0.017958502	0.014935045	0.013558251	0.01252425	0.009205099	0.005107566	0.005827816	0.012229728	0.025317082	0.056571429	0.110077519	0.12383323	0.123820755	0.089826236	0.043366635	0.026772782
12	0.013785218	0.010721379	0.009675521	0.008512728	0.006113074	0.003565596	0.003984685	0.008668996	0.01793321	0.037142857	0.074935401	0.087118855	0.107311321	0.072991179	0.035450255	0.020793274
12.5	0.010581742	0.007696526	0.006904704	0.005786099	0.004059671	0.002168032	0.002422853	0.006144985	0.012702887	0.026405502	0.056330749	0.069695084	0.080188679	0.059311315	0.028978974	0.016149246
13	0.006716617	0.004885265	0.004927376	0.003932809	0.002618248	0.001318255	0.001473194	0.004355849	0.008998017	0.01877213	0.036692506	0.05040448	0.064752734	0.048195304	0.023688996	0.012542428
13.5	0.004263281	0.003100856	0.00317173	0.002558056	0.001688616	0.000801554	0.000895763	0.002753312	0.006373694	0.013345433	0.027969238	0.034847542	0.052288135	0.039162634	0.019364679	0.009741167
14	0.00270606	0.001968226	0.002041629	0.001663861	0.001089057	0.000487379	0.000544661	0.001740356	0.00451477	0.0094875	0.021319837	0.028154756	0.042222914	0.03182285	0.015829746	0.007565548
14.5	0.001717635	0.001249305	0.001314187	0.001082241	0.000702378	0.000296347	0.000331176	0.001100071	0.003198011	0.006744829	0.016251263	0.02274738	0.0340952	0.025858674	0.012940098	0.005071343
15	0.001090245	0.000792979	0.000845937	0.000703933	0.000452992	0.000180191	0.000201369	0.00069535	0.002115531	0.004795016	0.012387691	0.01837854	0.027532034	0.021012292	0.010577943	0.003399426
15.5	0.000692018	0.000503333	0.000544526	0.000457866	0.000292153	0.000109564	0.00012244	0.000439528	0.001399455	0.00340886	0.009442644	0.014848775	0.022232246	0.017074209	0.008646988	0.002278706
16	0.000439249	0.000319484	0.000350509	0.000297814	0.000188422	6.66194E-05	7.44489E-05	0.000277823	0.00092576	0.002423418	0.007197752	0.011996933	0.017952643	0.013874194	0.00706852	0.001527464
16.5	0.000278808	0.000202788	0.000225621	0.00019371	0.000121521	4.05074E-05	4.5268E-05	0.000175611	0.000612404	0.00172285	0.00548656	0.009692814	0.014496843	0.01127392	0.005166374	0.00102389
17	0.000176969	0.000128717	0.000145231	0.000125997	7.83737E-05	2.46302E-05	2.75248E-05	0.000111003	0.000405114	0.001192835	0.004182186	0.007831221	0.011706269	0.009160984	0.003776098	0.000686335
17.5	0.000112329	8.17013E-05	9.34847E-05	8.19534E-05	5.05464E-05	1.49762E-05	1.67362E-05	7.01644E-05	0.000267989	0.000825874	0.003187914	0.006327164	0.009452867	0.00744405	0.002759946	0.000460064
18	7.12992E-05	5.18588E-05	6.01757E-05	5.33057E-05	3.25995E-05	9.10616E-06	1.01763E-05	4.43506E-05	0.000177279	0.000571803	0.00243002	0.005111975	0.007633234	0.006048901	0.002017242	0.000308391
18.5	4.52562E-05	3.29167E-05	3.87348E-05	3.46722E-05	2.10247E-05	5.53693E-06	6.18761E-06	2.80338E-05	0.000117272	0.000395895	0.001852308	0.004130174	0.006163872	0.004676155	0.0014744	0.000206721
19	2.87258E-05	2.08934E-05	2.49334E-05	2.25522E-05	1.35597E-05	3.36668E-06	3.76232E-06	1.772E-05	7.75774E-05	0.000274102	0.001383875	0.003336937	0.004977356	0.003614943	0.001077637	0.000138569
19.5	1.82333E-05	1.32618E-05	1.60495E-05	1.46688E-05	8.74521E-06	2.04709E-06	2.28765E-06	1.12008E-05	5.13186E-05	0.000189778	0.001033905	0.002696048	0.004019238	0.002794563	0.000787644	9.28858E-05
20	1.15733E-05	8.41775E-06	1.0331E-05	9.54118E-06	5.64015E-06	1.24471E-06	1.39098E-06	7.07995E-06	3.3948E-05	0.000131395	0.000772439	0.002178247	0.003167672	0.002160361	0.000575688	6.22633E-05
20.5	7.34602E-06	5.34305E-06	6.65003E-06	6.20596E-06	3.63756E-06	7.56838E-07	8.45776E-07	4.4752E-06	2.24571E-05	9.09729E-05	0.000577096	0.001704758	0.00249653	0.001670086	0.00042077	4.17363E-05
21	4.66278E-06	3.39143E-06	4.28059E-06	4.03661E-06	2.34601E-06	4.6019E-07	5.14267E-07	2.82876E-06	1.48557E-05	6.29862E-05	0.000431154	0.001334191	0.001967584	0.001291074	0.00030754	2.79767E-05
21.5	2.95964E-06	2.15266E-06	2.7554E-06	2.62557E-06	1.51304E-06	2.79815E-07	3.12695E-07	1.78804E-06	9.82726E-06	4.36092E-05	0.000322119	0.001044176	0.001550708	0.000998076	0.000224781	1.87534E-05
22	1.87859E-06	1.36637E-06	1.77364E-06	1.70777E-06	9.75821E-07	1.70139E-07	1.90132E-07	1.13021E-06	6.50088E-06	3.01934E-05	0.000240658	0.000817201	0.001222156	0.000771572	0.000164292	1.25708E-05
22.5	1.19241E-06	8.67287E-07	1.14168E-06	1.1108E-06	6.29347E-07	1.03452E-07	1.15608E-07	7.14403E-07	4.30043E-06	2.09047E-05	0.000179797	0.000639565	0.000963215	0.00059647	0.000120081	8.42645E-06
23	7.56866E-07	5.50499E-07	7.34896E-07	7.22511E-07	4.05892E-07	6.2903E-08	7.02943E-08	4.51571E-07	2.8448E-06	1.44736E-05	0.000134328	0.000500541	0.000759136	0.000461106	8.7767E-05	5.64843E-06
23.5	4.8041E-07	3.49422E-07	4.73049E-07	4.6995E-07	2.61776E-07	3.82476E-08	4.27419E-08	2.85436E-07	1.88187E-06	1.0021E-05	0.000100358	0.000391738	0.000598296	0.000356462	6.41488E-05	3.78626E-06
24	3.04934E-07	2.21791E-07	3.045E-07	3.05674E-07	1.6883E-07	2.32562E-08	2.59888E-08	1.80423E-07	1.24489E-06	6.93815E-06	7.49781E-05	0.000306585	0.000471534	0.000275566	4.68863E-05	2.53801E-06
24.5	1.93553E-07	1.40779E-07	1.96005E-07	1.98823E-07	1.08885E-07	1.41407E-08	1.58023E-08	1.14044E-07	8.23511E-07	4.80371E-06	5.60168E-05	0.000239942	0.000371629	0.000213029	3.42692E-05	1.70128E-06
25	1.22855E-07	8.93573E-08	1.26168E-07	1.29322E-07	7.02247E-08	8.59816E-09	9.60843E-09	7.2087E-08	5.44765E-07	3.32591E-06	4.18506E-05	0.000187785	0.000292891	0.000164684	2.50473E-05	1.1404E-06
25.5	7.79805E-08	5.67183E-08	8.12136E-08	8.41163E-08	4.52908E-08	5.22804E-09	5.84232E-09	4.55658E-08	3.6037E-07	2.30273E-06	3.1267E-05	0.000146966	0.000230835	0.00012731	1.8307E-05	7.64435E-07
26	4.94971E-08	3.60012E-08	5.22768E-08	5.47126E-08	2.92099E-08	3.17887E-09	3.55237E-09	2.8802E-08	2.3839E-07	1.59432E-06	2.33598E-05	0.00011502	0.000181928	9.84183E-05	1.33806E-05	5.12417E-07
26.5	3.14176E-08	2.28513E-08	3.36503E-08	3.55872E-08	1.88387E-08	1.93289E-09	2.15999E-09	1.82056E-08	1.57698E-07	1.10385E-06	1.74523E-05	9.00178E-05	0.000143382	7.60831E-05	9.77987E-06	3.43483E-07
27	1.99419E-08	1.45045E-08	2.16606E-08	2.31474E-08	1.21498E-08	1.17528E-09	1.31336E-09	1.15077E-08	1.0432E-07	7.64262E-07	1.30388E-05	7.04505E-05	0.000113004	5.88167E-05	7.14809E-06	2.30244E-07
27.5	1.26578E-08	9.20655E-09	1.39428E-08	1.5056E-08	7.83592E-09	7.14617E-10	7.98578E-10	7.27395E-09	6.90091E-08	5.29146E-07	9.74139E-06	5.51365E-05	8.90612E-05	4.54688E-05	5.22454E-06	1.54337E-07
28	8.03439E-09	5.84373E-09	8.97493E-09	9.793E-09	5.0537E-09	4.34517E-10	4.85568E-10	4.59783E-09	4.56505E-08	3.6636E-07	7.27788E-06	4.31514E-05	7.01916E-05	3.515E-05	3.81861E-06	1.03456E-07
28.5	5.09972E-09	3.70923E-09	5.77712E-09	6.36976E-09	3.25934E-09	2.64205E-10	2.95246E-10	2.90627E-09	3.01985E-08	2.53654E-07	5.43736E-06	3.37715E-05	5.53199E-05	2.7173E-05	2.79102E-06	6.93484E-08
29	3.23698E-09	2.35438E-09	3.71871E-09	4.14314E-09	2.10208E-09	1.60648E-10	1.79522E-10	1.83704E-09	1.99767E-08	1.7562E-07	4.0623E-06	2.64305E-05	4.35992E-05	2.10064E-05	2.03995E-06	4.64857E-08
29.5	2.05463E-09	1.49441E-09	2.39372E-09	2.69486E-09	1.35572E-09	9.76804E-11	1.09157E-10	1.16118E-09	1.32149E-08	1.21593E-07	3.03498E-06	2.06853E-05	3.43617E-05	1.62391E-05	1.491E-06	3.11603E-08
30	1.30415E-09	9.48558E-10	1.54082E-09	1.75285E-09	8.74359E-10	5.93938E-11	6.63717E-11	7.33979E-10	8.74185E-09	8.41862E-08	2.26746E-06	1.61889E-05	2.70814E-05	1.25538E-05	1.08977E-06	2.08874E-08
30.5	8.2779E-10	6.02084E-10	9.91822E-10	1.14012E-09	5.6391E-10	3.61139E-11	4.03567E-11	4.63944E-10	5.78286E-09	5.82873E-08	1.69404E-06	1.26699E-05	2.13436E-05	9.70484E-06	7.96511E-07	1.40012E-08
31	5.25429E-10	3.82165E-10	6.38431E-10	7.4158E-10	3.63689E-10	2.19588E-11	2.45386E-11	2.93257E-10	3.82545E-09	4.03559E-08	1.26563E-06	9.9158E-06	1.68215E-05	7.50241E-06	5.82169E-07	9.38533E-09
31.5	3.33509E-10	2.42574E-10	4.10955E-10	4.82353E-10	2.34558E-10	1.33519E-11	1.49205E-11	1.85366E-10	2.53059E-09	2.79409E-08	9.45564E-07	7.76038E-06	1.32575E-05	5.7998E-06	4.25507E-07	6.29118E-09
32	2.1169E-10	1.53971E-10	2.6453E-10	3.13742E-10	1.51276E-10	8.11851E-12	9.0723E-12	1.17169E-10	1.67402E-09	1.93452E-08	7.06439E-07	6.0735E-06	1.04486E-05	4.48359E-06	3.11002E-07	4.21711E-09
32.5	1.34367E-10	9.77307E-11	1.70277E-10	2.0407E-10	9.7564E-11	4.93638E-12	5.51637E-12	7.40622E-11	1.10739E-09	1.33939E-08	5.27787E-07	4.75329E-06	8.23482E-06	3.46608E-06	2.27311E-07	2.82681E-09
33	8.5288E-11	6.20333E-11	1.09606E-10	1.32735E-10	6.2923E-11	3.00149E-12	3.35421E-12	4.68143E-11	7.32555E-10	9.27341E-09	3.94314E-07	3.72006E-06	6.49009E-06	2.67948E-06	1.66142E-07	1.89487E-09
33.5	5.41354E-11	3.93747E-11	7.05532E-11	8.63364E-11	4.05816E-11	1.82498E-12	2.03948E-12	2.95912E-11	4.84596E-10	6.42055E-09	2.94595E-07	2.91142E-06	5.11502E-06	2.0714E-06	1.21433E-07	1.27017E-09
34	3.43616E-11	2.49926E-11	4.54148E-11	5.61566E-11	2.61727E-11	1.10967E-12	1.24012E-12	1.87045E-11	3.20567E-10	4.44535E-09	2.20095E-07	2.27856E-06	4.03129E-06	1.60131E-06	8.87551E-08	8.51422E-10
34.5	2.18107E-11	1.58636E-11	2.92333E-11	3.65266E-11	1.68798E-11	6.74794E-13	7.54063E-13	1.1823E-11	2.1206E-10	3.07779E-09	1.64435E-07	1.78327E-06	3.17717E-06	1.23791E-06	6.4871E-08	5.70726E-10
35	1.3844E-11	1.00693E-11	1.88174E-11	2.37583E-11	1.08865E-11	4.10227E-13	4.58522E-13	7.47324E-12	1.40281E-10	2.13094E-09	1.22851E-07	1.39563E-06	2.50401E-06	9.56975E-07	4.74142E-08	3.82569E-10
35.5	8.7873E-12	6.39133E-12	1.21126E-11	1.54534E-11	7.02116E-12	2.49467E-13	2.78888E-13	4.72378E-12	9.27979E-11	1.47538E-09	9.17828E-08	1.09226E-06	1.97348E-06	7.39798E-07	3.4655E-08	2.56444E-10
36	5.57765E-12	4.05675E-12	7.79687E-12	1.00515E-11	4.52827E-12	1.51656E-13	1.69531E-13	2.98594E-12	6.13871E-11	1.0215E-09	6.85717E-08	8.54836E-07	1.55536E-06	5.71907E-07	2.53293E-08	1.719E-10
36.5	3.54028E-12	2.57494E-12	5.01876E-12	6.53788E-12	2.92044E-12	9.22595E-14	1.0314E-13	1.88738E-12	4.06085E-11	7.07247E-10	5.12305E-08	6.69018E-07	1.22582E-06	4.42118E-07	1.85131E-08	1.15228E-10
37	2.2472E-12	1.63436E-12	3.23053E-12	4.25249E-12	1.88349E-12	5.60663E-14	6.27276E-14	1.19305E-12	2.68632E-11	4.89671E-10	3.82748E-08	5.23593E-07	9.66102E-07	3.41783E-07	1.35312E-08	7.72397E-11
37.5	1.42641E-12	1.03739E-12	2.07945E-12	2.76601E-12	1.21481E-12	3.40838E-14	3.81917E-14	7.54063E-13	1.77703E-11	3.39029E-10	2.85954E-08	4.09778E-07	7.61412E-07	2.64218E-07	9.88996E-09	5.17754E-11
38	9.05387E-13	6.58473E-13	1.3386E-12	1.79912E-12	7.83373E-13	2.07612E-14	2.32037E-14	4.76619E-13	1.17554E-11	2.34731E-10	2.13639E-08	3.20704E-07	6.0009E-07	2.04256E-07	7.22857E-09	3.4706E-11
38.5	5.74651E-13	4.17888E-13	8.61644E-13	1.17029E-12	5.05262E-13	1.25455E-14	1.40998E-14	3.01315E-13	7.77634E-12	1.62519E-10	1.59611E-08	2.50992E-07	4.72947E-07	1.57902E-07	5.28335E-09	2.32642E-11
39	3.64819E-13	2.65232E-13	5.54667E-13	7.61169E-13	3.2585E-13	7.66054E-15	8.65974E-15	1.90403E-13	5.14422E-12	1.12522E-10	1.19247E-08	1.96433E-07	3.72743E-07	1.22068E-07	3.8616E-09	1.55944E-11
39.5	2.31593E-13	1.6831E-13	3.57048E-13	4.95159E-13	2.10165E-13	4.66294E-15	5.21805E-15	1.20348E-13	3.40294E-12	7.79058E-11	8.90905E-09	1.53734E-07	2.93769E-07	9.43654E-08	2.82244E-09	1.04532E-11
40	1.46994E-13	1.06803E-13	2.29816E-13	3.22076E-13	1.35558E-13	2.77556E-15	3.21965E-15	7.60503E-14	2.25109E-12	5.39391E-11	6.65603E-09	1.20317E-07	2.31527E-07	7.295E-08	2.06292E-09	7.00706E-12
40.5	9.32587E-14	6.77236E-14	1.47882E-13	2.09499E-13	8.74856E-14	1.66533E-15	1.9984E-15	4.80727E-14	1.48914E-12	3.73453E-11	4.97278E-09	9.41633E-08	1.82473E-07	5.63946E-08	1.50778E-09	4.69691E-12
41	5.92859E-14	4.29656E-14	9.52571E-14	1.36224E-13	5.63993E-14	9.99201E-16	1.22125E-15	3.04201E-14	9.85101E-13	2.58565E-11	3.7152E-09	7.36949E-08	1.43812E-07	4.35963E-08	1.10204E-09	3.14848E-12
41.5	3.76366E-14	2.73115E-14	6.12843E-14	8.85958E-14	3.64153E-14	6.66134E-16	7.77156E-16	1.92069E-14	6.51701E-13	1.79021E-11	2.77566E-09	5.76757E-08	1.13342E-07	3.37025E-08	8.05478E-10	2.11042E-12
42	2.39808E-14	1.73195E-14	3.94129E-14	5.76206E-14	2.34257E-14	3.33067E-16	4.44089E-16	1.21014E-14	4.311E-13	1.23948E-11	2.07372E-09	4.51386E-08	8.93282E-08	2.6054E-08	5.88723E-10	1.41465E-12
