% Status data:	Final
%																
% Typ of data:	Exceedance Probability Table                                                                                                                                                                            															
%
%																
%	NOORD		30		60		OOST		120		150		ZUID		210		240		WEST		300		330
%Wind speed	1	2	 	3		4		5		6		7		8		9		10		11		12
0	1.00000E+00	1.00000E+00	1.00000E+00	1.00000E+00	1.00000E+00	1.00000E+00	1.00000E+00	1.00000E+00	1.00000E+00	1.00000E+00	1.00000E+00	1.00000E+00
2	9.84283E-01	9.83990E-01	9.88713E-01	9.96212E-01	9.90840E-01	9.92665E-01	9.97323E-01	9.97141E-01	9.97701E-01	9.97964E-01	9.96670E-01	1.00000E+00
2.5	9.58743E-01	9.63054E-01	9.82694E-01	9.81061E-01	9.69466E-01	9.80440E-01	9.90482E-01	9.94152E-01	9.94713E-01	9.94656E-01	9.87791E-01	9.83558E-01
3	9.12574E-01	8.96552E-01	9.41309E-01	9.53283E-01	9.46565E-01	9.55990E-01	9.80369E-01	9.85185E-01	9.82989E-01	9.81298E-01	9.52275E-01	9.38714E-01
3.5	8.68369E-01	8.43596E-01	9.06697E-01	9.14141E-01	8.99237E-01	9.16870E-01	9.61333E-01	9.76218E-01	9.76092E-01	9.69466E-01	9.30078E-01	8.99851E-01
4	7.70138E-01	7.26601E-01	8.13394E-01	8.28283E-01	8.09160E-01	8.54523E-01	9.22665E-01	9.56725E-01	9.49425E-01	9.38931E-01	8.89012E-01	8.22123E-01
4.5	7.15128E-01	6.62562E-01	7.53198E-01	7.71465E-01	7.22137E-01	7.75061E-01	8.85782E-01	9.31774E-01	9.29195E-01	9.18321E-01	8.54606E-01	7.83259E-01
5	6.03143E-01	5.67734E-01	6.55380E-01	6.93182E-01	6.39695E-01	7.13936E-01	8.49494E-01	8.95517E-01	8.87356E-01	8.70229E-01	7.84684E-01	6.87593E-01
5.5	5.50098E-01	5.09852E-01	5.78631E-01	6.06061E-01	5.23664E-01	6.06357E-01	7.89411E-01	8.53801E-01	8.53333E-01	8.20611E-01	7.42508E-01	6.30792E-01
6	4.59725E-01	4.08867E-01	4.77803E-01	5.37879E-01	4.65649E-01	5.48900E-01	7.53718E-01	8.23782E-01	8.23908E-01	7.86260E-01	6.70366E-01	5.38117E-01
6.5	4.08644E-01	3.66995E-01	4.35666E-01	4.39394E-01	3.77099E-01	4.36430E-01	6.75788E-01	7.65692E-01	7.70115E-01	7.44275E-01	6.24861E-01	4.99253E-01
7	3.37917E-01	2.85714E-01	3.48382E-01	3.71212E-01	3.09924E-01	3.70416E-01	6.18084E-01	7.12671E-01	7.31034E-01	6.94656E-01	5.38291E-01	4.26009E-01
7.5	2.88802E-01	2.30296E-01	2.63356E-01	2.81566E-01	2.30534E-01	2.84841E-01	5.32421E-01	6.43665E-01	6.74023E-01	6.43511E-01	4.87236E-01	3.73692E-01
8	2.20039E-01	1.73645E-01	2.18209E-01	2.29798E-01	1.69466E-01	2.39609E-01	4.87805E-01	6.07797E-01	6.43678E-01	6.00000E-01	4.21754E-01	2.91480E-01
8.5	1.84676E-01	1.47783E-01	1.61776E-01	1.67929E-01	1.26718E-01	1.85819E-01	4.11660E-01	5.40351E-01	5.83908E-01	5.41985E-01	3.78468E-01	2.52616E-01
9	1.35560E-01	1.10837E-01	1.26411E-01	1.28788E-01	7.17557E-02	1.47922E-01	3.54551E-01	4.81481E-01	5.43908E-01	4.98473E-01	3.07436E-01	1.79372E-01
9.5	1.11984E-01	7.56998E-02	9.02935E-02	1.04798E-01	5.24972E-02	1.00244E-01	3.03391E-01	4.33138E-01	4.91034E-01	4.46565E-01	2.66371E-01	1.46487E-01
10	8.15436E-02	5.17015E-02	6.96012E-02	6.81818E-02	3.84075E-02	7.82396E-02	2.34979E-01	3.58285E-01	4.34483E-01	3.96947E-01	2.16426E-01	1.18087E-01
10.5	5.93775E-02	3.53112E-02	4.67248E-02	5.05051E-02	2.80993E-02	6.60147E-02	1.98691E-01	3.18129E-01	4.02759E-01	3.56489E-01	1.90899E-01	1.01644E-01
11	4.32369E-02	2.41168E-02	3.13673E-02	3.05635E-02	2.05577E-02	4.72620E-02	1.51695E-01	2.66667E-01	3.63218E-01	3.22137E-01	1.50943E-01	7.78558E-02
11.5	3.14838E-02	1.64713E-02	2.10575E-02	1.84958E-02	1.50402E-02	3.38363E-02	1.32659E-01	2.42885E-01	3.32414E-01	2.85496E-01	1.18757E-01	5.96347E-02
12	2.29256E-02	1.12496E-02	1.41364E-02	1.11928E-02	1.10036E-02	2.42245E-02	1.02320E-01	1.95322E-01	2.82759E-01	2.41985E-01	9.54495E-02	4.56780E-02
12.5	1.66937E-02	7.68327E-03	9.49004E-03	6.77344E-03	8.05033E-03	1.73431E-02	7.79298E-02	1.67641E-01	2.59770E-01	2.00000E-01	7.43618E-02	3.49877E-02
13	1.21558E-02	5.24752E-03	6.37086E-03	4.09900E-03	5.88970E-03	1.24164E-02	5.94884E-02	1.33333E-01	2.12874E-01	1.70992E-01	5.77137E-02	2.67993E-02
13.5	8.85152E-03	3.10012E-03	4.27689E-03	2.48054E-03	4.30897E-03	8.88932E-03	4.04521E-02	1.01365E-01	1.86667E-01	1.54198E-01	4.53812E-02	2.05273E-02
14	6.44541E-03	1.83148E-03	2.87117E-03	1.69840E-03	2.97525E-03	6.36414E-03	3.50982E-02	8.26511E-02	1.55862E-01	1.24427E-01	3.56841E-02	1.57231E-02
14.5	4.69335E-03	1.08200E-03	1.91212E-03	1.16288E-03	2.05435E-03	4.55629E-03	2.53314E-02	6.19883E-02	1.17241E-01	1.05344E-01	2.80590E-02	1.20433E-02
15	3.19482E-03	6.39220E-04	1.27343E-03	7.96214E-04	1.41848E-03	3.26199E-03	1.82824E-02	5.06823E-02	1.01609E-01	9.23664E-02	2.20633E-02	9.22477E-03
15.5	2.17475E-03	3.77637E-04	8.48069E-04	5.45161E-04	9.79431E-04	2.28233E-03	1.31950E-02	3.78168E-02	7.49425E-02	7.78626E-02	1.73487E-02	7.06583E-03
16	1.48038E-03	2.23099E-04	5.64792E-04	3.73266E-04	6.76276E-04	1.59688E-03	9.52319E-03	3.23587E-02	6.34483E-02	6.03053E-02	1.36416E-02	5.41217E-03
16.5	1.00771E-03	1.31802E-04	3.76137E-04	2.55572E-04	4.66954E-04	1.11729E-03	6.87317E-03	2.16040E-02	4.73563E-02	4.88550E-02	1.07266E-02	3.93605E-03
17	6.85964E-04	7.78657E-05	2.50498E-04	1.74988E-04	3.22422E-04	7.81739E-04	4.96057E-03	1.44237E-02	3.90805E-02	4.04580E-02	8.43455E-03	2.86253E-03
17.5	4.66944E-04	4.60013E-05	1.66825E-04	1.19813E-04	2.22625E-04	5.46962E-04	3.58019E-03	9.62985E-03	2.80460E-02	3.04526E-02	6.63223E-03	2.08181E-03
18	3.17855E-04	2.71765E-05	1.11101E-04	8.20346E-05	1.53718E-04	3.82694E-04	2.58393E-03	6.42928E-03	2.18824E-02	2.29215E-02	5.21504E-03	1.51401E-03
18.5	2.16368E-04	1.60553E-05	7.39906E-05	5.61683E-05	1.06139E-04	2.67760E-04	1.86490E-03	4.29245E-03	1.70733E-02	1.72529E-02	4.10068E-03	1.10108E-03
19	1.47284E-04	9.48510E-06	4.92758E-05	3.84579E-05	7.32867E-05	1.87345E-04	1.33025E-03	2.86582E-03	1.33212E-02	1.29862E-02	3.22443E-03	8.00773E-04
19.5	1.00258E-04	5.60358E-06	3.28164E-05	2.63318E-05	5.06029E-05	1.31080E-04	9.48884E-04	1.91334E-03	1.03936E-02	9.77466E-03	2.40695E-03	5.82370E-04
20	6.82469E-05	3.31047E-06	2.18549E-05	1.80291E-05	3.49402E-05	9.17130E-05	6.76849E-04	1.27742E-03	8.10944E-03	7.35734E-03	1.79672E-03	4.23534E-04
20.5	4.64565E-05	1.95575E-06	1.45548E-05	1.23444E-05	2.41255E-05	6.41691E-05	4.82804E-04	9.15313E-04	6.32725E-03	5.53784E-03	1.34120E-03	3.08020E-04
21	3.16235E-05	1.15541E-06	9.69313E-06	8.45209E-06	1.66581E-05	4.48973E-05	3.44389E-04	6.55850E-04	4.93672E-03	4.16831E-03	1.00117E-03	2.24010E-04
21.5	2.15265E-05	6.82593E-07	6.45538E-06	5.78707E-06	1.15021E-05	3.14134E-05	2.45657E-04	4.69937E-04	3.85179E-03	3.13747E-03	7.47343E-04	1.62914E-04
22	1.46534E-05	4.03260E-07	4.29912E-06	3.96235E-06	7.94193E-06	2.19791E-05	1.75230E-04	3.36725E-04	3.00529E-03	2.36156E-03	5.57870E-04	1.18481E-04
22.5	9.97474E-06	2.38237E-07	2.86310E-06	2.71299E-06	5.48374E-06	1.53782E-05	1.24993E-04	2.41274E-04	2.34483E-03	1.82258E-03	4.16434E-04	8.61662E-05
23	6.78993E-06	1.40745E-07	1.90675E-06	1.85756E-06	3.78640E-06	1.07597E-05	8.91590E-05	1.72880E-04	1.82951E-03	1.40662E-03	3.10856E-04	6.26652E-05
23.5	4.62199E-06	8.31491E-08	1.26985E-06	1.27185E-06	2.61443E-06	7.52826E-06	6.35981E-05	1.23874E-04	1.39211E-03	1.08558E-03	2.32045E-04	4.55739E-05
24	3.14624E-06	4.91226E-08	8.45686E-07	8.70826E-07	1.80521E-06	5.26732E-06	4.53652E-05	8.87597E-05	1.05929E-03	8.37823E-04	1.73215E-04	3.31441E-05
24.5	2.14169E-06	2.90205E-08	5.63205E-07	5.96246E-07	1.24646E-06	3.68540E-06	3.23595E-05	6.35991E-05	8.06038E-04	6.46607E-04	1.29300E-04	2.41044E-05
25	1.45787E-06	1.71447E-08	3.75080E-07	4.08244E-07	8.60652E-07	2.57857E-06	2.30824E-05	4.55707E-05	6.13332E-04	4.99033E-04	9.65190E-05	1.75301E-05
25.5	9.92392E-07	1.01287E-08	2.49794E-07	2.79521E-07	5.94262E-07	1.80416E-06	1.64649E-05	3.26529E-05	4.66698E-04	3.85139E-04	7.20487E-05	1.27490E-05
26	6.75534E-07	5.98380E-09	1.66356E-07	1.91386E-07	4.10325E-07	1.26232E-06	1.17446E-05	2.33968E-05	3.55121E-04	2.97239E-04	5.37823E-05	9.27181E-06
26.5	4.59844E-07	3.53510E-09	1.10789E-07	1.31040E-07	2.83321E-07	8.83209E-07	8.37756E-06	1.67645E-05	2.70220E-04	2.29401E-04	4.01470E-05	6.74302E-06
27	3.13022E-07	2.08845E-09	7.37827E-08	8.97219E-08	1.95627E-07	6.17957E-07	5.97581E-06	1.20123E-05	2.05616E-04	1.77045E-04	2.99686E-05	4.90393E-06
27.5	2.13078E-07	1.23381E-09	4.91374E-08	6.14317E-08	1.35076E-07	4.32368E-07	4.26261E-06	8.60720E-06	1.56458E-04	1.36638E-04	2.23707E-05	3.56643E-06
28	1.45045E-07	7.28908E-10	3.27242E-08	4.20618E-08	9.32671E-08	3.02516E-07	3.04056E-06	6.16733E-06	1.19052E-04	1.05453E-04	1.66991E-05	2.59372E-06
28.5	9.87337E-08	4.30623E-10	2.17935E-08	2.87993E-08	6.43990E-08	2.11662E-07	2.16887E-06	4.41908E-06	9.05895E-05	8.13858E-05	1.24654E-05	1.88631E-06
29	6.72093E-08	2.54402E-10	1.45139E-08	1.97186E-08	4.44661E-08	1.48094E-07	1.54708E-06	3.16641E-06	6.89316E-05	6.28112E-05	9.30507E-06	1.37184E-06
29.5	4.57502E-08	1.50295E-10	9.66589E-09	1.35012E-08	3.07029E-08	1.03617E-07	1.10355E-06	2.26883E-06	5.24516E-05	4.84759E-05	6.94597E-06	9.97682E-07
30	3.11427E-08	8.87910E-11	6.43724E-09	9.24412E-09	2.11997E-08	7.24982E-08	7.87172E-07	1.62569E-06	3.99116E-05	3.74123E-05	5.18497E-06	7.25574E-07
30.5	2.11992E-08	5.24557E-11	4.28704E-09	6.32936E-09	1.46379E-08	5.07250E-08	5.61499E-07	1.16486E-06	3.03696E-05	2.88737E-05	3.87043E-06	5.27681E-07
31	1.44306E-08	3.09897E-11	2.85506E-09	4.33366E-09	1.01072E-08	3.54909E-08	4.00523E-07	8.34657E-07	2.31089E-05	2.22839E-05	2.88917E-06	3.83761E-07
31.5	9.82307E-09	1.83080E-11	1.90139E-09	2.96721E-09	6.97879E-09	2.48320E-08	2.85698E-07	5.98058E-07	1.75841E-05	1.71981E-05	2.15668E-06	2.79094E-07
32	6.68669E-09	1.08159E-11	1.26628E-09	2.03162E-09	4.81870E-09	1.73743E-08	2.03791E-07	4.28527E-07	1.33801E-05	1.32730E-05	1.60990E-06	2.02974E-07
32.5	4.55171E-09	6.38978E-12	8.43310E-10	1.39103E-09	3.32721E-09	1.21563E-08	1.45366E-07	3.07053E-07	1.01812E-05	1.02437E-05	1.20175E-06	1.47615E-07
33	3.09841E-09	3.77498E-12	5.61623E-10	9.52429E-10	2.29737E-09	8.50543E-09	1.03692E-07	2.20013E-07	7.74713E-06	7.90578E-06	8.97069E-07	1.07354E-07
33.5	2.10912E-09	2.23010E-12	3.74026E-10	6.52119E-10	1.58628E-09	5.95102E-09	7.39643E-08	1.57646E-07	5.89496E-06	6.10145E-06	6.69637E-07	7.80745E-08
34	1.43571E-09	1.31750E-12	2.49092E-10	4.46500E-10	1.09529E-09	4.16376E-09	5.27595E-08	1.12959E-07	4.48561E-06	4.70892E-06	4.99865E-07	5.67805E-08
34.5	9.77303E-10	7.78377E-13	1.65889E-10	3.05715E-10	7.56277E-10	2.91327E-09	3.76340E-08	8.09384E-08	3.41320E-06	3.63421E-06	3.73135E-07	4.12942E-08
35	6.65262E-10	4.59854E-13	1.10478E-10	2.09320E-10	5.22193E-10	2.03834E-09	2.68447E-08	5.79949E-08	2.59718E-06	2.80478E-06	2.78535E-07	3.00316E-08
35.5	4.52852E-10	2.71672E-13	7.35754E-11	1.43319E-10	3.60563E-10	1.42617E-09	1.91486E-08	4.15551E-08	1.97625E-06	2.16465E-06	2.07918E-07	2.18408E-08
36	3.08262E-10	1.60538E-13	4.89992E-11	9.81295E-11	2.48961E-10	9.97850E-10	1.36589E-08	2.97756E-08	1.50377E-06	1.67061E-06	1.55205E-07	1.58839E-08
36.5	2.09838E-10	9.48130E-14	3.26322E-11	6.71885E-11	1.71902E-10	6.98169E-10	9.74306E-09	2.13351E-08	1.14426E-06	1.28933E-06	1.15856E-07	1.15517E-08
37	1.42839E-10	5.59552E-14	2.17322E-11	4.60033E-11	1.18695E-10	4.88489E-10	6.94983E-09	1.52873E-08	8.70689E-07	9.95068E-07	8.64833E-08	8.40112E-09
37.5	9.72324E-11	3.30846E-14	1.44731E-11	3.14981E-11	8.19563E-11	3.41783E-10	4.95739E-09	1.09538E-08	6.62527E-07	7.67964E-07	6.45574E-08	6.10980E-09
38	6.61873E-11	1.95399E-14	9.63873E-12	2.15664E-11	5.65891E-11	2.39136E-10	3.53616E-09	7.84875E-09	5.04132E-07	5.92693E-07	4.81902E-08	4.44341E-09
38.5	4.50546E-11	1.15463E-14	6.41909E-12	1.47664E-11	3.90735E-11	1.67317E-10	2.52238E-09	5.62388E-09	3.83605E-07	4.57423E-07	3.59726E-08	3.23151E-09
39	3.06692E-11	6.77236E-15	4.27502E-12	1.01104E-11	2.69795E-11	1.17067E-10	1.79924E-09	4.02968E-09	2.91894E-07	3.53026E-07	2.68526E-08	2.35015E-09
39.5	2.08769E-11	3.99680E-15	2.84706E-12	6.92246E-12	1.86288E-11	8.19086E-11	1.28342E-09	2.88739E-09	2.22108E-07	2.72455E-07	2.00447E-08	1.70917E-09
40	1.42112E-11	2.33147E-15	1.89604E-12	4.73976E-12	1.28628E-11	5.73092E-11	9.15477E-10	2.06891E-09	1.69007E-07	2.10273E-07	1.49628E-08	1.24301E-09
40.5	9.67371E-12	1.44329E-15	1.26266E-12	3.24529E-12	8.88145E-12	4.00977E-11	6.53020E-10	1.48244E-09	1.28601E-07	1.62283E-07	1.11693E-08	9.03992E-10
41	6.58495E-12	7.77156E-16	8.40883E-13	2.22200E-12	6.13243E-12	2.80552E-11	4.65806E-10	1.06221E-09	9.78556E-08	1.25245E-07	8.33756E-09	6.57437E-10
41.5	4.48253E-12	4.44089E-16	5.59996E-13	1.52145E-12	4.23439E-12	1.96294E-11	3.32265E-10	7.61109E-10	7.44605E-08	9.66605E-08	6.22375E-09	4.78128E-10
42	3.05134E-12	2.22045E-16	3.72924E-13	1.04172E-12	2.92377E-12	1.37342E-11	2.37008E-10	5.45358E-10	5.66587E-08	7.45998E-08	4.64585E-09	3.47723E-10
