%
% Overschrijdingskansen potentiele windsnelheid Schiphol, met Volkerfactor. Zonder statistische onzekerheid.
%
% Door: C.P.M. Geerse van HKV lijn in water
% Datum: 17 december 2015
%
% Zie voor beschrijving het rapport:
% Werkwijze uitintegreren onzekerheden basisstochasten voor Hydra-NL.
% Afvoeren, meerpeilen, zeewaterstanden en windsnelheden. 
% Chris Geerse. HKV Lijn in Water, december 2015.
% 
%u m/s	N		NNO		NO		ONO		O		OZO		ZO		ZZO		Z		ZZW		ZW		WZW		W		WNW		NW		NNW
0.0	1.00E+00	1.00E+00	1.00E+00	1.00E+00	1.00E+00	1.00E+00	1.00E+00	1.00E+00	1.00E+00	1.00E+00	1.00E+00	1.00E+00	1.00E+00	1.00E+00	1.00E+00	1.00E+00
2.0	9.886E-01	9.751E-01	9.924E-01	9.977E-01	9.960E-01	9.922E-01	9.918E-01	9.989E-01	9.962E-01	9.971E-01	9.969E-01	9.979E-01	9.991E-01	9.958E-01	9.947E-01	9.962E-01
2.5	9.393E-01	9.448E-01	9.753E-01	9.722E-01	9.640E-01	9.674E-01	9.687E-01	9.810E-01	9.816E-01	9.886E-01	9.843E-01	9.933E-01	9.892E-01	9.809E-01	9.695E-01	9.692E-01
3.0	8.924E-01	9.171E-01	9.525E-01	9.618E-01	9.332E-01	9.286E-01	9.347E-01	9.515E-01	9.647E-01	9.772E-01	9.719E-01	9.888E-01	9.794E-01	9.663E-01	9.449E-01	9.429E-01
3.5	7.931E-01	8.536E-01	8.840E-01	9.109E-01	8.478E-01	8.370E-01	8.531E-01	8.892E-01	9.117E-01	9.521E-01	9.505E-01	9.689E-01	9.639E-01	9.327E-01	9.013E-01	8.900E-01
4.0	7.048E-01	7.956E-01	8.403E-01	8.762E-01	7.944E-01	7.702E-01	7.932E-01	8.217E-01	8.748E-01	9.276E-01	9.295E-01	9.494E-01	9.486E-01	9.003E-01	8.597E-01	8.400E-01
4.5	6.130E-01	7.017E-01	7.624E-01	7.870E-01	6.662E-01	6.366E-01	6.626E-01	7.131E-01	8.041E-01	8.865E-01	9.013E-01	9.209E-01	9.148E-01	8.542E-01	8.112E-01	7.797E-01
5.0	5.332E-01	6.492E-01	7.186E-01	7.407E-01	6.155E-01	5.559E-01	5.891E-01	6.614E-01	7.450E-01	8.391E-01	8.740E-01	8.932E-01	8.821E-01	8.104E-01	7.655E-01	7.238E-01
5.5	4.647E-01	4.917E-01	6.369E-01	6.273E-01	5.154E-01	4.348E-01	4.912E-01	5.728E-01	6.682E-01	7.747E-01	8.322E-01	8.555E-01	8.443E-01	7.701E-01	7.073E-01	6.621E-01
6.0	4.050E-01	4.448E-01	5.817E-01	5.741E-01	4.593E-01	3.820E-01	4.150E-01	4.916E-01	5.975E-01	7.056E-01	7.923E-01	8.194E-01	8.082E-01	7.317E-01	6.536E-01	6.057E-01
6.5	3.363E-01	3.619E-01	4.810E-01	4.826E-01	3.498E-01	2.547E-01	3.143E-01	3.998E-01	4.969E-01	6.515E-01	7.306E-01	7.739E-01	7.689E-01	6.793E-01	5.862E-01	5.273E-01
7.0	2.792E-01	2.983E-01	4.278E-01	4.387E-01	3.084E-01	1.910E-01	2.354E-01	3.386E-01	4.301E-01	5.744E-01	6.737E-01	7.309E-01	7.315E-01	6.306E-01	5.258E-01	4.590E-01
7.5	2.159E-01	2.459E-01	3.460E-01	3.391E-01	2.243E-01	1.165E-01	1.497E-01	2.595E-01	3.495E-01	5.214E-01	6.188E-01	6.863E-01	6.710E-01	5.725E-01	4.584E-01	3.945E-01
8.0	1.670E-01	2.210E-01	2.871E-01	3.044E-01	1.615E-01	8.216E-02	1.129E-01	1.983E-01	2.972E-01	4.467E-01	5.683E-01	6.444E-01	6.155E-01	5.197E-01	3.996E-01	3.390E-01
8.5	1.270E-01	1.713E-01	2.186E-01	2.338E-01	1.081E-01	5.796E-02	7.893E-02	1.466E-01	2.366E-01	3.953E-01	5.242E-01	5.874E-01	5.586E-01	4.577E-01	3.274E-01	2.818E-01
9.0	9.657E-02	1.331E-01	1.863E-01	2.072E-01	7.744E-02	4.089E-02	5.517E-02	1.086E-01	1.935E-01	3.297E-01	4.835E-01	5.355E-01	5.070E-01	4.031E-01	2.682E-01	2.343E-01
9.5	7.495E-02	1.034E-01	1.293E-01	1.377E-01	5.422E-02	2.885E-02	3.856E-02	8.228E-02	1.498E-01	2.886E-01	4.345E-01	4.772E-01	4.589E-01	3.497E-01	2.205E-01	1.948E-01
10.0	5.817E-02	8.030E-02	9.415E-02	1.111E-01	3.796E-02	2.035E-02	2.695E-02	5.836E-02	1.183E-01	2.316E-01	3.905E-01	4.252E-01	4.153E-01	3.034E-01	1.812E-01	1.619E-01
10.5	4.478E-02	6.238E-02	6.857E-02	7.986E-02	2.658E-02	1.436E-02	1.884E-02	4.140E-02	9.677E-02	1.951E-01	3.462E-01	3.728E-01	3.709E-01	2.643E-01	1.554E-01	1.254E-01
11.0	3.448E-02	4.846E-02	4.994E-02	5.351E-02	1.861E-02	1.013E-02	1.317E-02	2.937E-02	6.836E-02	1.500E-01	3.069E-01	3.268E-01	3.312E-01	2.303E-01	1.332E-01	9.711E-02
11.5	2.627E-02	3.765E-02	3.637E-02	3.586E-02	1.303E-02	7.145E-03	9.203E-03	2.083E-02	5.069E-02	1.272E-01	2.676E-01	2.843E-01	2.865E-01	1.895E-01	1.038E-01	7.302E-02
12.0	2.002E-02	2.925E-02	2.649E-02	2.403E-02	9.125E-03	5.041E-03	6.432E-03	1.478E-02	3.686E-02	1.027E-01	2.333E-01	2.474E-01	2.479E-01	1.559E-01	8.091E-02	5.491E-02
12.5	1.504E-02	2.272E-02	1.929E-02	1.610E-02	6.389E-03	3.245E-03	4.496E-03	1.048E-02	2.680E-02	8.157E-02	1.979E-01	2.060E-01	2.082E-01	1.211E-01	6.267E-02	4.098E-02
13.0	1.130E-02	1.765E-02	1.405E-02	1.079E-02	4.474E-03	2.089E-03	2.836E-03	7.436E-03	1.948E-02	6.446E-02	1.678E-01	1.715E-01	1.749E-01	9.410E-02	4.854E-02	3.058E-02
13.5	9.298E-03	1.371E-02	1.023E-02	7.229E-03	3.045E-03	1.344E-03	1.789E-03	5.275E-03	1.417E-02	4.849E-02	1.357E-01	1.393E-01	1.424E-01	7.275E-02	3.730E-02	2.258E-02
14.0	7.650E-03	1.065E-02	7.453E-03	4.844E-03	2.073E-03	8.654E-04	1.128E-03	3.742E-03	1.030E-02	3.936E-02	1.098E-01	1.131E-01	1.160E-01	5.625E-02	2.867E-02	1.667E-02
14.5	6.298E-03	8.276E-03	5.428E-03	3.246E-03	1.411E-03	5.571E-04	7.116E-04	2.436E-03	7.488E-03	2.955E-02	9.253E-02	8.735E-02	8.778E-02	4.322E-02	2.180E-02	1.214E-02
15.0	5.185E-03	5.710E-03	3.700E-03	2.247E-03	9.606E-04	3.586E-04	4.489E-04	1.586E-03	5.444E-03	2.218E-02	7.798E-02	6.746E-02	6.642E-02	3.321E-02	1.658E-02	8.840E-03
15.5	4.060E-03	3.940E-03	2.523E-03	1.556E-03	6.539E-04	2.308E-04	2.831E-04	1.032E-03	3.958E-03	1.665E-02	6.000E-02	4.932E-02	4.961E-02	2.532E-02	1.244E-02	7.052E-03
16.0	3.179E-03	2.719E-03	1.720E-03	1.077E-03	4.451E-04	1.486E-04	1.786E-04	6.722E-04	2.878E-03	1.250E-02	4.616E-02	3.605E-02	3.705E-02	1.930E-02	9.325E-03	5.625E-03
16.5	2.369E-03	1.876E-03	1.172E-03	7.458E-04	3.030E-04	9.564E-05	1.126E-04	4.376E-04	2.092E-03	9.384E-03	3.296E-02	2.708E-02	2.746E-02	1.456E-02	7.662E-03	4.487E-03
17.0	1.766E-03	1.294E-03	7.992E-04	5.164E-04	2.062E-04	6.156E-05	7.105E-05	2.849E-04	1.460E-03	7.045E-03	2.354E-02	2.034E-02	2.034E-02	1.099E-02	6.295E-03	3.580E-03
17.5	1.316E-03	8.931E-04	5.448E-04	3.575E-04	1.404E-04	3.963E-05	4.482E-05	1.855E-04	1.019E-03	5.289E-03	1.670E-02	1.517E-02	1.495E-02	8.173E-03	5.171E-03	2.791E-03
18.0	9.805E-04	6.163E-04	3.714E-04	2.475E-04	9.557E-05	2.551E-05	2.827E-05	1.208E-04	7.112E-04	3.970E-03	1.185E-02	1.131E-02	1.099E-02	6.080E-03	4.248E-03	2.177E-03
18.5	7.307E-04	4.252E-04	2.532E-04	1.714E-04	6.506E-05	1.642E-05	1.783E-05	7.862E-05	4.963E-04	2.980E-03	8.340E-03	8.338E-03	7.997E-03	4.955E-03	3.489E-03	1.659E-03
19.0	5.445E-04	2.934E-04	1.726E-04	1.187E-04	4.428E-05	1.057E-05	1.125E-05	5.118E-05	3.464E-04	2.237E-03	5.871E-03	6.150E-03	5.819E-03	4.038E-03	2.867E-03	1.265E-03
19.5	4.057E-04	2.025E-04	1.177E-04	8.215E-05	3.014E-05	6.803E-06	7.094E-06	3.332E-05	2.417E-04	1.680E-03	4.091E-03	4.474E-03	4.175E-03	3.290E-03	2.209E-03	9.643E-04
20.0	3.023E-04	1.397E-04	8.022E-05	5.688E-05	2.052E-05	4.379E-06	4.475E-06	2.169E-05	1.687E-04	1.265E-03	2.850E-03	3.255E-03	2.996E-03	2.682E-03	1.703E-03	7.350E-04
20.5	2.253E-04	9.639E-05	5.468E-05	3.938E-05	1.397E-05	2.819E-06	2.822E-06	1.412E-05	1.177E-04	9.531E-04	1.958E-03	2.593E-03	2.354E-03	2.134E-03	1.312E-03	5.604E-04
21.0	1.679E-04	6.651E-05	3.728E-05	2.727E-05	9.508E-06	1.815E-06	1.780E-06	9.195E-06	8.216E-05	7.180E-04	1.345E-03	2.067E-03	1.850E-03	1.698E-03	1.012E-03	4.273E-04
21.5	1.251E-04	4.589E-05	2.541E-05	1.888E-05	6.472E-06	1.168E-06	1.123E-06	5.986E-06	5.734E-05	5.409E-04	1.018E-03	1.647E-03	1.454E-03	1.320E-03	7.797E-04	3.257E-04
22.0	9.320E-05	3.167E-05	1.733E-05	1.307E-05	4.406E-06	7.519E-07	7.083E-07	3.897E-06	4.002E-05	4.074E-04	7.710E-04	1.312E-03	1.143E-03	1.026E-03	6.010E-04	2.483E-04
22.5	6.945E-05	2.185E-05	1.181E-05	9.050E-06	2.999E-06	4.840E-07	4.467E-07	2.537E-06	2.793E-05	3.069E-04	5.871E-04	1.024E-03	8.989E-04	7.967E-04	4.631E-04	1.893E-04
23.0	5.175E-05	1.508E-05	8.052E-06	6.266E-06	2.042E-06	3.115E-07	2.818E-07	1.652E-06	1.949E-05	2.312E-04	4.471E-04	7.985E-04	7.070E-04	6.190E-04	3.569E-04	1.443E-04
23.5	3.857E-05	1.040E-05	5.489E-06	4.338E-06	1.390E-06	2.005E-07	1.777E-07	1.075E-06	1.360E-05	1.742E-04	3.404E-04	6.098E-04	5.559E-04	4.811E-04	2.751E-04	1.100E-04
24.0	2.875E-05	7.178E-06	3.742E-06	3.004E-06	9.460E-07	1.291E-07	1.121E-07	7.001E-07	9.492E-06	1.312E-04	2.592E-04	4.657E-04	4.371E-04	3.740E-04	2.120E-04	8.385E-05
24.5	2.142E-05	4.953E-06	2.551E-06	2.080E-06	6.439E-07	8.309E-08	7.072E-08	4.558E-07	6.624E-06	9.883E-05	1.974E-04	3.557E-04	3.437E-04	2.906E-04	1.634E-04	6.393E-05
25.0	1.596E-05	3.417E-06	1.739E-06	1.440E-06	4.383E-07	5.348E-08	4.460E-08	2.967E-07	4.623E-06	7.445E-05	1.503E-04	2.717E-04	2.703E-04	2.258E-04	1.260E-04	4.874E-05
25.5	1.190E-05	2.358E-06	1.186E-06	9.968E-07	2.984E-07	3.443E-08	2.813E-08	1.932E-07	3.226E-06	5.609E-05	1.145E-04	2.075E-04	2.125E-04	1.755E-04	9.706E-05	3.715E-05
26.0	8.865E-06	1.627E-06	8.082E-07	6.902E-07	2.031E-07	2.216E-08	1.775E-08	1.258E-07	2.251E-06	4.225E-05	8.715E-05	1.585E-04	1.671E-04	1.364E-04	7.480E-05	2.833E-05
26.5	6.606E-06	1.123E-06	5.509E-07	4.779E-07	1.383E-07	1.426E-08	1.119E-08	8.188E-08	1.571E-06	3.183E-05	6.637E-05	1.210E-04	1.314E-04	1.060E-04	5.766E-05	2.159E-05
27.0	4.922E-06	7.746E-07	3.756E-07	3.308E-07	9.412E-08	9.182E-09	7.060E-09	5.331E-08	1.097E-06	2.398E-05	5.055E-05	9.240E-05	1.033E-04	8.235E-05	4.444E-05	1.646E-05
27.5	3.668E-06	5.345E-07	2.560E-07	2.291E-07	6.407E-08	5.911E-09	4.453E-09	3.471E-08	7.652E-07	1.806E-05	3.849E-05	7.057E-05	8.125E-05	6.399E-05	3.425E-05	1.255E-05
28.0	2.733E-06	3.688E-07	1.745E-07	1.586E-07	4.361E-08	3.805E-09	2.809E-09	2.259E-08	5.340E-07	1.361E-05	2.931E-05	5.390E-05	6.390E-05	4.972E-05	2.640E-05	9.565E-06
28.5	2.037E-06	2.545E-07	1.190E-07	1.098E-07	2.969E-08	2.449E-09	1.772E-09	1.471E-08	3.727E-07	1.025E-05	2.232E-05	4.117E-05	5.024E-05	3.864E-05	2.035E-05	7.293E-06
29.0	1.518E-06	1.756E-07	8.112E-08	7.603E-08	2.021E-08	1.576E-09	1.118E-09	9.577E-09	2.601E-07	7.720E-06	1.700E-05	3.144E-05	3.950E-05	3.003E-05	1.568E-05	5.560E-06
29.5	1.131E-06	1.212E-07	5.530E-08	5.264E-08	1.376E-08	1.015E-09	7.049E-10	6.235E-09	1.815E-07	5.816E-06	1.294E-05	2.401E-05	3.106E-05	2.333E-05	1.209E-05	4.238E-06
30.0	8.430E-07	8.360E-08	3.770E-08	3.644E-08	9.364E-09	6.532E-10	4.446E-10	4.059E-09	1.267E-07	4.381E-06	9.855E-06	1.834E-05	2.442E-05	1.813E-05	9.315E-06	3.231E-06
30.5	6.281E-07	5.768E-08	2.570E-08	2.523E-08	6.374E-09	4.205E-10	2.805E-10	2.643E-09	8.840E-08	3.300E-06	7.505E-06	1.401E-05	1.920E-05	1.409E-05	7.180E-06	2.463E-06
31.0	4.680E-07	3.980E-08	1.752E-08	1.747E-08	4.339E-09	2.706E-10	1.769E-10	1.720E-09	6.170E-08	2.486E-06	5.715E-06	1.070E-05	1.510E-05	1.095E-05	5.535E-06	1.878E-06
31.5	3.488E-07	2.746E-08	1.194E-08	1.210E-08	2.954E-09	1.742E-10	1.116E-10	1.120E-09	4.306E-08	1.873E-06	4.352E-06	8.169E-06	1.187E-05	8.508E-06	4.265E-06	1.431E-06
32.0	2.599E-07	1.895E-08	8.142E-09	8.374E-09	2.010E-09	1.121E-10	7.038E-11	7.292E-10	3.005E-08	1.411E-06	3.314E-06	6.240E-06	9.335E-06	6.610E-06	3.287E-06	1.091E-06
32.5	1.937E-07	1.308E-08	5.551E-09	5.798E-09	1.369E-09	7.218E-11	4.439E-11	4.747E-10	2.097E-08	1.063E-06	2.524E-06	4.765E-06	7.342E-06	5.137E-06	2.533E-06	8.317E-07
33.0	1.443E-07	9.022E-09	3.784E-09	4.014E-09	9.316E-10	4.647E-11	2.800E-11	3.091E-10	1.463E-08	8.006E-07	1.922E-06	3.639E-06	5.775E-06	3.993E-06	1.953E-06	6.340E-07
33.5	1.075E-07	6.225E-09	2.580E-09	2.779E-09	6.342E-10	2.991E-11	1.766E-11	2.012E-10	1.021E-08	6.031E-07	1.463E-06	2.779E-06	4.540E-06	3.103E-06	1.505E-06	4.834E-07
34.0	8.015E-08	4.296E-09	1.759E-09	1.924E-09	4.317E-10	1.925E-11	1.114E-11	1.310E-10	7.127E-09	4.543E-07	1.115E-06	2.123E-06	3.570E-06	2.411E-06	1.160E-06	3.685E-07
34.5	5.973E-08	2.964E-09	1.199E-09	1.332E-09	2.938E-10	1.239E-11	7.027E-12	8.528E-11	4.974E-09	3.422E-07	8.485E-07	1.621E-06	2.807E-06	1.874E-06	8.940E-07	2.809E-07
35.0	4.451E-08	2.045E-09	8.173E-10	9.225E-10	2.000E-10	7.977E-12	4.432E-12	5.552E-11	3.471E-09	2.578E-07	6.460E-07	1.238E-06	2.207E-06	1.456E-06	6.890E-07	2.142E-07
35.5	3.317E-08	1.411E-09	5.571E-10	6.387E-10	1.362E-10	5.135E-12	2.796E-12	3.615E-11	2.422E-09	1.942E-07	4.920E-07	9.454E-07	1.735E-06	1.131E-06	5.310E-07	1.633E-07
36.0	2.472E-08	9.737E-10	3.798E-10	4.422E-10	9.269E-11	3.305E-12	1.763E-12	2.353E-11	1.691E-09	1.463E-07	3.747E-07	7.220E-07	1.365E-06	8.790E-07	4.093E-07	1.245E-07
36.5	1.842E-08	6.719E-10	2.589E-10	3.062E-10	6.309E-11	2.128E-12	1.112E-12	1.532E-11	1.180E-09	1.102E-07	2.853E-07	5.515E-07	1.073E-06	6.832E-07	3.155E-07	9.489E-08
37.0	1.373E-08	4.636E-10	1.765E-10	2.120E-10	4.295E-11	1.370E-12	7.017E-13	9.975E-12	8.234E-10	8.302E-08	2.173E-07	4.212E-07	8.435E-07	5.310E-07	2.432E-07	7.235E-08
37.5	1.023E-08	3.199E-10	1.203E-10	1.468E-10	2.923E-11	8.816E-13	4.425E-13	6.494E-12	5.746E-10	6.254E-08	1.655E-07	3.217E-07	6.632E-07	4.126E-07	1.874E-07	5.515E-08
38.0	7.620E-09	2.207E-10	8.203E-11	1.016E-10	1.990E-11	5.675E-13	2.791E-13	4.228E-12	4.010E-10	4.711E-08	1.260E-07	2.457E-07	5.215E-07	3.206E-07	1.445E-07	4.204E-08
38.5	5.679E-09	1.523E-10	5.592E-11	7.035E-11	1.355E-11	3.654E-13	1.761E-13	2.752E-12	2.799E-10	3.549E-08	9.594E-08	1.876E-07	4.101E-07	2.491E-07	1.113E-07	3.205E-08
39.0	4.232E-09	1.051E-10	3.812E-11	4.871E-11	9.221E-12	2.351E-13	1.110E-13	1.792E-12	1.953E-10	2.673E-08	7.305E-08	1.433E-07	3.226E-07	1.936E-07	8.580E-08	2.443E-08
39.5	3.154E-09	7.251E-11	2.599E-11	3.373E-11	6.277E-12	1.514E-13	7.006E-14	1.167E-12	1.363E-10	2.014E-08	5.563E-08	1.095E-07	2.536E-07	1.504E-07	6.612E-08	1.863E-08
40.0	2.350E-09	5.003E-11	1.772E-11	2.335E-11	4.273E-12	9.748E-14	4.419E-14	7.594E-13	9.512E-11	1.517E-08	4.237E-08	8.360E-08	1.995E-07	1.169E-07	5.095E-08	1.420E-08
40.5	1.751E-09	3.452E-11	1.208E-11	1.617E-11	2.909E-12	6.273E-14	2.787E-14	4.944E-13	6.638E-11	1.143E-08	3.226E-08	6.384E-08	1.568E-07	9.085E-08	3.928E-08	1.082E-08
41.0	1.305E-09	2.382E-11	8.234E-12	1.119E-11	1.980E-12	4.041E-14	1.754E-14	3.219E-13	4.633E-11	8.608E-09	2.457E-08	4.876E-08	1.233E-07	7.060E-08	3.028E-08	8.250E-09
41.5	9.724E-10	1.644E-11	5.613E-12	7.750E-12	1.348E-12	2.598E-14	1.110E-14	2.095E-13	3.233E-11	6.485E-09	1.871E-08	3.724E-08	9.696E-08	5.486E-08	2.333E-08	6.290E-09
42.0	7.245E-10	1.134E-11	3.827E-12	5.365E-12	9.175E-13	1.676E-14	6.994E-15	1.364E-13	2.256E-11	4.885E-09	1.425E-08	2.844E-08	7.625E-08	4.263E-08	1.799E-08	4.795E-09
