%
% Overschrijdingskansen potentiele windsnelheid Schiphol voor ZW t/m N. Zonder statistische onzekerheid.
%
% Door: C.P.M. Geerse van HKV lijn in water
% Datum: 17 december 2015
%
% Zie voor beschrijving het rapport:
% Werkwijze uitintegreren onzekerheden basisstochasten voor Hydra-NL.
% Afvoeren, meerpeilen, zeewaterstanden en windsnelheden. 
% Chris Geerse. HKV Lijn in Water, december 2015.
% 
%u m/s	ZW		WZW		W		WNW		NW		NNW		N
0.0	1.000E+00	1.000E+00	1.000E+00	1.000E+00	1.000E+00	1.000E+00	1.000E+00
2.0	9.969E-01	9.979E-01	9.991E-01	9.958E-01	9.947E-01	9.962E-01	9.886E-01
2.5	9.838E-01	9.916E-01	9.897E-01	9.842E-01	9.627E-01	9.638E-01	9.336E-01
3.0	9.719E-01	9.888E-01	9.794E-01	9.663E-01	9.449E-01	9.429E-01	8.924E-01
3.5	9.470E-01	9.656E-01	9.616E-01	9.284E-01	8.845E-01	8.800E-01	7.712E-01
4.0	9.295E-01	9.494E-01	9.486E-01	9.003E-01	8.597E-01	8.400E-01	7.048E-01
4.5	8.952E-01	9.143E-01	9.083E-01	8.413E-01	7.904E-01	7.657E-01	5.858E-01
5.0	8.740E-01	8.932E-01	8.821E-01	8.104E-01	7.655E-01	7.238E-01	5.332E-01
5.5	8.284E-01	8.496E-01	8.321E-01	7.584E-01	6.927E-01	6.743E-01	4.645E-01
6.0	7.923E-01	8.194E-01	8.082E-01	7.317E-01	6.536E-01	6.057E-01	4.050E-01
6.5	7.349E-01	7.667E-01	7.596E-01	6.798E-01	5.897E-01	5.467E-01	3.364E-01
7.0	6.737E-01	7.309E-01	7.315E-01	6.306E-01	5.258E-01	4.590E-01	2.792E-01
7.5	6.120E-01	6.803E-01	6.717E-01	5.674E-01	4.671E-01	4.114E-01	2.197E-01
8.0	5.683E-01	6.444E-01	6.155E-01	5.197E-01	3.996E-01	3.390E-01	1.670E-01
8.5	5.228E-01	5.741E-01	5.529E-01	4.480E-01	3.304E-01	2.886E-01	1.304E-01
9.0	4.835E-01	5.355E-01	5.070E-01	4.031E-01	2.682E-01	2.343E-01	1.073E-01
9.5	4.317E-01	4.722E-01	4.462E-01	3.343E-01	2.274E-01	2.019E-01	8.835E-02
10.0	3.905E-01	4.252E-01	4.153E-01	3.034E-01	1.812E-01	1.619E-01	7.271E-02
10.5	3.419E-01	3.640E-01	3.714E-01	2.570E-01	1.456E-01	1.352E-01	5.984E-02
11.0	3.069E-01	3.268E-01	3.312E-01	2.303E-01	1.332E-01	1.079E-01	4.925E-02
11.5	2.664E-01	2.832E-01	2.862E-01	1.910E-01	1.094E-01	8.605E-02	4.053E-02
12.0	2.333E-01	2.474E-01	2.479E-01	1.559E-01	8.990E-02	6.864E-02	3.336E-02
12.5	1.909E-01	2.024E-01	2.142E-01	1.152E-01	7.386E-02	5.475E-02	2.745E-02
13.0	1.678E-01	1.715E-01	1.749E-01	9.410E-02	6.067E-02	4.368E-02	2.260E-02
13.5	1.254E-01	1.300E-01	1.375E-01	7.669E-02	4.984E-02	3.484E-02	1.860E-02
14.0	1.098E-01	1.131E-01	1.160E-01	6.250E-02	4.095E-02	2.779E-02	1.530E-02
14.5	8.734E-02	8.573E-02	8.138E-02	5.093E-02	3.364E-02	2.217E-02	1.260E-02
15.0	7.798E-02	6.746E-02	6.642E-02	4.151E-02	2.764E-02	1.768E-02	1.037E-02
15.5	5.427E-02	4.919E-02	5.239E-02	3.383E-02	2.270E-02	1.411E-02	8.532E-03
16.0	4.616E-02	4.006E-02	4.117E-02	2.757E-02	1.865E-02	1.125E-02	6.358E-03
16.5	3.474E-02	3.192E-02	3.235E-02	2.247E-02	1.532E-02	8.975E-03	4.738E-03
17.0	2.615E-02	2.543E-02	2.543E-02	1.831E-02	1.259E-02	7.159E-03	3.531E-03
17.5	1.968E-02	2.026E-02	1.998E-02	1.492E-02	1.034E-02	5.711E-03	2.631E-03
18.0	1.481E-02	1.615E-02	1.570E-02	1.216E-02	8.495E-03	4.353E-03	1.961E-03
18.5	1.114E-02	1.287E-02	1.234E-02	9.909E-03	6.978E-03	3.319E-03	1.461E-03
19.0	8.387E-03	1.025E-02	9.699E-03	8.075E-03	5.733E-03	2.530E-03	1.089E-03
19.5	6.312E-03	8.169E-03	7.623E-03	6.581E-03	4.418E-03	1.929E-03	8.113E-04
20.0	4.750E-03	6.509E-03	5.991E-03	5.363E-03	3.405E-03	1.470E-03	6.046E-04
20.5	3.575E-03	5.187E-03	4.708E-03	4.371E-03	2.625E-03	1.121E-03	4.505E-04
21.0	2.690E-03	4.133E-03	3.700E-03	3.396E-03	2.023E-03	8.545E-04	3.357E-04
21.5	2.025E-03	3.293E-03	2.908E-03	2.639E-03	1.559E-03	6.514E-04	2.502E-04
22.0	1.542E-03	2.624E-03	2.286E-03	2.051E-03	1.202E-03	4.966E-04	1.864E-04
22.5	1.174E-03	2.091E-03	1.798E-03	1.594E-03	9.262E-04	3.786E-04	1.389E-04
23.0	8.941E-04	1.597E-03	1.414E-03	1.238E-03	7.138E-04	2.886E-04	1.035E-04
23.5	6.808E-04	1.220E-03	1.112E-03	9.624E-04	5.502E-04	2.200E-04	7.714E-05
24.0	5.184E-04	9.314E-04	8.741E-04	7.479E-04	4.240E-04	1.677E-04	5.749E-05
24.5	3.948E-04	7.113E-04	6.873E-04	5.812E-04	3.268E-04	1.279E-04	4.284E-05
25.0	3.006E-04	5.433E-04	5.405E-04	4.516E-04	2.519E-04	9.747E-05	3.192E-05
25.5	2.289E-04	4.149E-04	4.250E-04	3.509E-04	1.941E-04	7.430E-05	2.379E-05
26.0	1.743E-04	3.169E-04	3.342E-04	2.727E-04	1.496E-04	5.665E-05	1.773E-05
26.5	1.327E-04	2.420E-04	2.628E-04	2.119E-04	1.153E-04	4.318E-05	1.321E-05
27.0	1.011E-04	1.848E-04	2.066E-04	1.647E-04	8.888E-05	3.292E-05	9.844E-06
27.5	7.698E-05	1.412E-04	1.625E-04	1.280E-04	6.851E-05	2.510E-05	7.336E-06
28.0	5.862E-05	1.078E-04	1.278E-04	9.944E-05	5.280E-05	1.913E-05	5.466E-06
28.5	4.464E-05	8.234E-05	1.005E-04	7.728E-05	4.069E-05	1.458E-05	4.073E-06
29.0	3.399E-05	6.288E-05	7.899E-05	6.005E-05	3.136E-05	1.112E-05	3.036E-06
29.5	2.588E-05	4.802E-05	6.212E-05	4.666E-05	2.417E-05	8.476E-06	2.262E-06
30.0	1.971E-05	3.668E-05	4.884E-05	3.626E-05	1.863E-05	6.461E-06	1.686E-06
30.5	1.501E-05	2.801E-05	3.841E-05	2.818E-05	1.436E-05	4.926E-06	1.256E-06
31.0	1.143E-05	2.139E-05	3.020E-05	2.190E-05	1.107E-05	3.755E-06	9.360E-07
31.5	8.703E-06	1.634E-05	2.375E-05	1.702E-05	8.530E-06	2.863E-06	6.975E-07
32.0	6.628E-06	1.248E-05	1.867E-05	1.322E-05	6.574E-06	2.182E-06	5.198E-07
32.5	5.047E-06	9.530E-06	1.468E-05	1.028E-05	5.067E-06	1.664E-06	3.873E-07
33.0	3.843E-06	7.278E-06	1.155E-05	7.985E-06	3.905E-06	1.268E-06	2.886E-07
33.5	2.927E-06	5.559E-06	9.079E-06	6.205E-06	3.010E-06	9.668E-07	2.151E-07
34.0	2.229E-06	4.245E-06	7.139E-06	4.822E-06	2.320E-06	7.370E-07	1.603E-07
34.5	1.697E-06	3.242E-06	5.613E-06	3.747E-06	1.788E-06	5.619E-07	1.194E-07
35.0	1.292E-06	2.476E-06	4.414E-06	2.912E-06	1.378E-06	4.283E-07	8.901E-08
35.5	9.841E-07	1.891E-06	3.471E-06	2.263E-06	1.062E-06	3.265E-07	6.633E-08
36.0	7.494E-07	1.444E-06	2.729E-06	1.758E-06	8.186E-07	2.489E-07	4.943E-08
36.5	5.706E-07	1.103E-06	2.146E-06	1.366E-06	6.309E-07	1.898E-07	3.683E-08
37.0	4.345E-07	8.424E-07	1.687E-06	1.062E-06	4.863E-07	1.447E-07	2.745E-08
37.5	3.309E-07	6.434E-07	1.327E-06	8.251E-07	3.748E-07	1.103E-07	2.045E-08
38.0	2.520E-07	4.914E-07	1.043E-06	6.411E-07	2.889E-07	8.407E-08	1.524E-08
38.5	1.919E-07	3.753E-07	8.204E-07	4.982E-07	2.226E-07	6.409E-08	1.136E-08
39.0	1.461E-07	2.866E-07	6.451E-07	3.872E-07	1.716E-07	4.886E-08	8.464E-09
39.5	1.113E-07	2.189E-07	5.073E-07	3.009E-07	1.323E-07	3.725E-08	6.307E-09
40.0	8.473E-08	1.672E-07	3.989E-07	2.338E-07	1.019E-07	2.840E-08	4.700E-09
40.5	6.452E-08	1.277E-07	3.137E-07	1.817E-07	7.856E-08	2.165E-08	3.502E-09
41.0	4.913E-08	9.751E-08	2.466E-07	1.412E-07	6.055E-08	1.650E-08	2.610E-09
41.5	3.741E-08	7.447E-08	1.939E-07	1.097E-07	4.667E-08	1.258E-08	1.945E-09
42.0	2.849E-08	5.688E-08	1.525E-07	8.525E-08	3.597E-08	9.590E-09	1.449E-09