% Conditionele overschrijdingskans zeewaterstand Maasmond 1985, per windrichting, voor 12-uursperioden.
%
% Door:    C.P.M. Geerse van HKV lijn in water
% Datum:   5 juli 2016
% Project: PR 3341.10
%
% Zie voor achtergronden het rapport:
% Werkwijze uitintegreren onzekerheden basisstochasten voor Hydra-NL. Update februari 2016
% Afvoeren, meerpeilen, zeewaterstanden en windsnelheden. 
% Chris Geerse. HKV Lijn in Water, februari 2016.
%
% N.B. Vermoedelijk zijn de figuren 4-15 en 4-16 uit dat rapport niet correct (mogelijk bevatten ze zeespiegelstijging).
% Onderstaande getallen zijn opnieuw uitgerekend, met de onzekerheidsgegevens uit Tabel 4-27 van dat rapport.
%
% 
% Tijdsperiode: 12 uur.
%
% Richt.ZW              WZW             W               WNW             NW              NNW             N	
% P(r)	0.112768	0.100106	0.075202	0.050088	0.039606	0.036933	0.030742
% m+NAP
0.8	1.000E+00	1.000E+00	1.000E+00	1.000E+00	1.000E+00	1.000E+00	1.000E+00
0.9	1.000E+00	1.000E+00	1.000E+00	1.000E+00	1.000E+00	1.000E+00	1.000E+00
1.0	1.000E+00	1.000E+00	1.000E+00	1.000E+00	1.000E+00	1.000E+00	9.994E-01
1.1	1.000E+00	1.000E+00	1.000E+00	1.000E+00	1.000E+00	1.000E+00	9.506E-01
1.2	9.613E-01	9.885E-01	1.000E+00	1.000E+00	9.768E-01	9.626E-01	5.956E-01
1.3	6.176E-01	8.389E-01	9.800E-01	9.919E-01	7.592E-01	6.483E-01	3.619E-01
1.4	2.743E-01	4.499E-01	7.773E-01	8.843E-01	5.166E-01	4.237E-01	2.213E-01
1.5	1.181E-01	2.327E-01	4.735E-01	5.758E-01	3.503E-01	2.787E-01	1.361E-01
1.6	5.095E-02	1.210E-01	2.836E-01	3.668E-01	2.390E-01	1.844E-01	8.413E-02
1.7	2.202E-02	6.328E-02	1.709E-01	2.350E-01	1.640E-01	1.228E-01	5.230E-02
1.8	9.541E-03	3.326E-02	1.036E-01	1.514E-01	1.132E-01	8.218E-02	3.268E-02
1.9	4.142E-03	1.757E-02	6.313E-02	9.796E-02	7.854E-02	5.529E-02	2.053E-02
2.0	1.803E-03	9.328E-03	3.868E-02	6.369E-02	5.475E-02	3.737E-02	1.295E-02
2.1	7.869E-04	4.977E-03	2.382E-02	4.159E-02	3.834E-02	2.538E-02	8.208E-03
2.2	3.445E-04	2.668E-03	1.474E-02	2.728E-02	2.696E-02	1.731E-02	5.225E-03
2.3	1.513E-04	1.437E-03	9.160E-03	1.795E-02	1.904E-02	1.185E-02	3.340E-03
2.4	6.666E-05	7.775E-04	5.719E-03	1.186E-02	1.349E-02	8.146E-03	2.144E-03
2.5	2.949E-05	4.225E-04	3.585E-03	7.869E-03	9.600E-03	5.620E-03	1.382E-03
2.6	1.310E-05	2.306E-04	2.256E-03	5.237E-03	6.854E-03	3.892E-03	8.935E-04
2.7	5.849E-06	1.264E-04	1.426E-03	3.496E-03	4.909E-03	2.703E-03	5.801E-04
2.8	2.623E-06	6.953E-05	9.044E-04	2.342E-03	3.528E-03	1.884E-03	3.778E-04
2.9	1.181E-06	3.834E-05	5.748E-04	1.572E-03	2.540E-03	1.316E-03	2.466E-04
3.0	5.331E-07	2.117E-05	3.656E-04	1.055E-03	1.829E-03	9.194E-04	1.611E-04
3.1	2.452E-07	1.183E-05	2.347E-04	7.138E-04	1.327E-03	6.472E-04	1.062E-04
3.2	1.138E-07	6.643E-06	1.513E-04	4.847E-04	9.654E-04	4.571E-04	7.023E-05
3.3	5.320E-08	3.749E-06	9.789E-05	3.302E-04	7.045E-04	3.238E-04	4.662E-05
3.4	2.509E-08	2.125E-06	6.356E-05	2.256E-04	5.156E-04	2.301E-04	3.106E-05
3.5	1.190E-08	1.207E-06	4.134E-05	1.544E-04	3.778E-04	1.637E-04	2.072E-05
3.6	5.671E-09	6.866E-07	2.690E-05	1.057E-04	2.769E-04	1.165E-04	1.383E-05
3.7	2.752E-09	3.950E-07	1.765E-05	7.286E-05	2.041E-04	8.346E-05	9.304E-06
3.8	1.357E-09	2.295E-07	1.166E-05	5.053E-05	1.512E-04	6.011E-05	6.299E-06
3.9	6.761E-10	1.340E-07	7.738E-06	3.517E-05	1.124E-04	4.344E-05	4.282E-06
4.0	3.398E-10	7.869E-08	5.153E-06	2.456E-05	8.371E-05	3.147E-05	2.921E-06
4.1	1.721E-10	4.638E-08	3.440E-06	1.719E-05	6.247E-05	2.285E-05	1.997E-06
4.2	8.774E-11	2.743E-08	2.302E-06	1.205E-05	4.668E-05	1.661E-05	1.368E-06
4.3	4.508E-11	1.629E-08	1.545E-06	8.471E-06	3.496E-05	1.211E-05	9.404E-07
4.4	2.343E-11	9.751E-09	1.043E-06	5.986E-06	2.629E-05	8.870E-06	6.498E-07
4.5	1.237E-11	5.895E-09	7.096E-07	4.257E-06	1.987E-05	6.531E-06	4.521E-07
4.6	6.628E-12	3.597E-09	4.857E-07	3.044E-06	1.508E-05	4.832E-06	3.164E-07
4.7	3.599E-12	2.210E-09	3.339E-07	2.185E-06	1.148E-05	3.586E-06	2.223E-07
4.8	1.978E-12	1.365E-09	2.304E-07	1.573E-06	8.758E-06	2.669E-06	1.567E-07
4.9	1.103E-12	8.464E-10	1.595E-07	1.135E-06	6.696E-06	1.991E-06	1.108E-07
5.0	6.256E-13	5.274E-10	1.108E-07	8.221E-07	5.132E-06	1.489E-06	7.861E-08
5.1	3.640E-13	3.302E-10	7.724E-08	5.974E-07	3.944E-06	1.117E-06	5.596E-08
5.2	2.194E-13	2.079E-10	5.411E-08	4.359E-07	3.042E-06	8.415E-07	4.001E-08
5.3	1.387E-13	1.318E-10	3.810E-08	3.196E-07	2.355E-06	6.365E-07	2.876E-08
5.4	9.310E-14	8.420E-11	2.699E-08	2.355E-07	1.830E-06	4.835E-07	2.077E-08
5.5	6.683E-14	5.420E-11	1.922E-08	1.743E-07	1.428E-06	3.688E-07	1.508E-08
5.6	5.129E-14	3.513E-11	1.375E-08	1.296E-07	1.117E-06	2.823E-07	1.100E-08
5.7	4.176E-14	2.292E-11	9.881E-09	9.669E-08	8.767E-07	2.168E-07	8.052E-09
5.8	3.562E-14	1.503E-11	7.127E-09	7.237E-08	6.896E-07	1.669E-07	5.915E-09
5.9	3.145E-14	9.900E-12	5.156E-09	5.432E-08	5.436E-07	1.288E-07	4.358E-09
6.0	2.841E-14	6.550E-12	3.742E-09	4.087E-08	4.294E-07	9.966E-08	3.219E-09
6.1	2.604E-14	4.352E-12	2.723E-09	3.083E-08	3.397E-07	7.726E-08	2.384E-09
6.2	2.407E-14	2.903E-12	1.987E-09	2.331E-08	2.693E-07	6.001E-08	1.770E-09
6.3	2.235E-14	1.945E-12	1.453E-09	1.767E-08	2.138E-07	4.670E-08	1.317E-09
6.4	2.078E-14	1.309E-12	1.066E-09	1.342E-08	1.700E-07	3.641E-08	9.823E-10
6.5	1.931E-14	8.847E-13	7.832E-10	1.021E-08	1.353E-07	2.843E-08	7.342E-10
6.6	1.791E-14	6.011E-13	5.769E-10	7.784E-09	1.079E-07	2.224E-08	5.499E-10
6.7	1.657E-14	4.108E-13	4.259E-10	5.945E-09	8.609E-08	1.742E-08	4.126E-10
6.8	1.528E-14	2.825E-13	3.150E-10	4.548E-09	6.876E-08	1.366E-08	3.102E-10
6.9	1.403E-14	1.956E-13	2.335E-10	3.485E-09	5.496E-08	1.072E-08	2.336E-10
7.0	1.283E-14	1.366E-13	1.734E-10	2.674E-09	4.395E-08	8.424E-09	1.762E-10
7.1	1.167E-14	9.619E-14	1.290E-10	2.054E-09	3.515E-08	6.623E-09	1.330E-10
7.2	1.057E-14	6.845E-14	9.605E-11	1.579E-09	2.812E-08	5.210E-09	1.006E-10
7.3	9.511E-15	4.924E-14	7.165E-11	1.216E-09	2.248E-08	4.099E-09	7.616E-11
7.4	8.512E-15	3.585E-14	5.351E-11	9.360E-10	1.797E-08	3.225E-09	5.771E-11
7.5	7.571E-15	2.642E-14	4.001E-11	7.210E-10	1.435E-08	2.537E-09	4.376E-11
7.6	6.691E-15	1.972E-14	2.993E-11	5.554E-10	1.145E-08	1.994E-09	3.319E-11
7.7	5.874E-15	1.490E-14	2.241E-11	4.278E-10	9.116E-09	1.566E-09	2.518E-11
7.8	5.120E-15	1.138E-14	1.678E-11	3.292E-10	7.246E-09	1.228E-09	1.910E-11
7.9	4.431E-15	8.783E-15	1.257E-11	2.532E-10	5.747E-09	9.615E-10	1.448E-11
8.0	3.806E-15	6.837E-15	9.406E-12	1.945E-10	4.546E-09	7.513E-10	1.097E-11