% Conditionele overschrijdingskans zeewaterstand Hoek van Holland 1985, per windrichting, voor 12-uursperioden.
% Door: 	Chris Geerse
% Project:	PR3140.10
% Datum:	oktober 2015
%
%m+NAP  ZW              WZW             W               WNW             NW              NNW             N
0.80	1.000E+00	1.000E+00	1.000E+00	1.000E+00	1.000E+00	1.000E+00	1.000E+00
0.90	1.000E+00	1.000E+00	1.000E+00	1.000E+00	1.000E+00	1.000E+00	1.000E+00
1.00	1.000E+00	1.000E+00	1.000E+00	1.000E+00	1.000E+00	1.000E+00	1.000E+00
1.10	1.000E+00	1.000E+00	1.000E+00	1.000E+00	1.000E+00	1.000E+00	7.176E-01
1.20	1.000E+00	1.000E+00	1.000E+00	1.000E+00	9.768E-01	8.192E-01	4.325E-01
1.30	8.938E-01	1.000E+00	1.000E+00	1.000E+00	6.517E-01	5.304E-01	2.624E-01
1.40	3.840E-01	5.700E-01	8.811E-01	8.738E-01	4.381E-01	3.460E-01	1.602E-01
1.50	1.653E-01	2.945E-01	5.238E-01	5.527E-01	2.966E-01	2.273E-01	9.842E-02
1.60	7.129E-02	1.530E-01	3.134E-01	3.518E-01	2.021E-01	1.502E-01	6.079E-02
1.70	3.081E-02	7.991E-02	1.886E-01	2.251E-01	1.386E-01	9.989E-02	3.776E-02
1.80	1.334E-02	4.195E-02	1.142E-01	1.448E-01	9.554E-02	6.679E-02	2.357E-02
1.90	5.789E-03	2.214E-02	6.952E-02	9.365E-02	6.621E-02	4.489E-02	1.479E-02
2.00	2.518E-03	1.174E-02	4.255E-02	6.083E-02	4.611E-02	3.031E-02	9.320E-03
2.10	1.098E-03	6.260E-03	2.618E-02	3.969E-02	3.226E-02	2.057E-02	5.902E-03
2.20	4.805E-04	3.353E-03	1.618E-02	2.600E-02	2.267E-02	1.401E-02	3.754E-03
2.30	2.109E-04	1.804E-03	1.005E-02	1.711E-02	1.599E-02	9.588E-03	2.398E-03
2.40	9.287E-05	9.752E-04	6.267E-03	1.129E-02	1.133E-02	6.585E-03	1.538E-03
2.50	4.106E-05	5.295E-04	3.926E-03	7.485E-03	8.052E-03	4.540E-03	9.901E-04
2.60	1.823E-05	2.887E-04	2.469E-03	4.978E-03	5.744E-03	3.141E-03	6.399E-04
2.70	8.127E-06	1.581E-04	1.559E-03	3.321E-03	4.112E-03	2.181E-03	4.151E-04
2.80	3.642E-06	8.693E-05	9.880E-04	2.223E-03	2.952E-03	1.519E-03	2.702E-04
2.90	1.640E-06	4.798E-05	6.284E-04	1.493E-03	2.127E-03	1.061E-03	1.765E-04
3.00	7.427E-07	2.658E-05	4.010E-04	1.005E-03	1.536E-03	7.438E-04	1.157E-04
3.10	3.382E-07	1.478E-05	2.568E-04	6.789E-04	1.113E-03	5.227E-04	7.604E-05
3.20	1.549E-07	8.247E-06	1.649E-04	4.598E-04	8.083E-04	3.684E-04	5.014E-05
3.30	7.138E-08	4.617E-06	1.062E-04	3.122E-04	5.887E-04	2.603E-04	3.316E-05
3.40	3.309E-08	2.593E-06	6.865E-05	2.126E-04	4.298E-04	1.845E-04	2.199E-05
3.50	1.544E-08	1.461E-06	4.448E-05	1.451E-04	3.145E-04	1.310E-04	1.463E-05
3.60	7.242E-09	8.257E-07	2.889E-05	9.927E-05	2.307E-04	9.328E-05	9.754E-06
3.70	3.418E-09	4.680E-07	1.882E-05	6.808E-05	1.696E-04	6.657E-05	6.521E-06
3.80	1.622E-09	2.659E-07	1.229E-05	4.680E-05	1.250E-04	4.762E-05	4.370E-06
3.90	7.743E-10	1.515E-07	8.042E-06	3.224E-05	9.227E-05	3.413E-05	2.936E-06
4.00	3.715E-10	8.657E-08	5.276E-06	2.226E-05	6.827E-05	2.452E-05	1.977E-06
4.10	1.791E-10	4.958E-08	3.469E-06	1.541E-05	5.061E-05	1.765E-05	1.334E-06
4.20	8.674E-11	2.846E-08	2.286E-06	1.068E-05	3.759E-05	1.273E-05	9.020E-07
4.30	4.219E-11	1.637E-08	1.509E-06	7.422E-06	2.797E-05	9.201E-06	6.113E-07
4.40	2.060E-11	9.440E-09	9.986E-07	5.167E-06	2.085E-05	6.662E-06	4.151E-07
4.50	1.009E-11	5.454E-09	6.620E-07	3.604E-06	1.557E-05	4.833E-06	2.824E-07
4.60	4.962E-12	3.158E-09	4.397E-07	2.519E-06	1.165E-05	3.512E-06	1.925E-07
4.70	2.447E-12	1.832E-09	2.926E-07	1.763E-06	8.726E-06	2.557E-06	1.315E-07
4.80	1.210E-12	1.065E-09	1.951E-07	1.237E-06	6.549E-06	1.864E-06	8.993E-08
4.90	5.996E-13	6.198E-10	1.303E-07	8.689E-07	4.922E-06	1.362E-06	6.163E-08
5.00	2.979E-13	3.615E-10	8.717E-08	6.116E-07	3.706E-06	9.962E-07	4.230E-08
5.10	1.482E-13	2.112E-10	5.841E-08	4.312E-07	2.794E-06	7.300E-07	2.908E-08
5.20	7.394E-14	1.236E-10	3.921E-08	3.045E-07	2.109E-06	5.357E-07	2.003E-08
5.30	3.686E-14	7.242E-11	2.636E-08	2.154E-07	1.595E-06	3.937E-07	1.381E-08
5.40	1.843E-14	4.251E-11	1.775E-08	1.526E-07	1.208E-06	2.898E-07	9.540E-09
5.50	9.215E-15	2.499E-11	1.197E-08	1.083E-07	9.156E-07	2.136E-07	6.598E-09
5.60	4.663E-15	1.471E-11	8.084E-09	7.693E-08	6.951E-07	1.577E-07	4.570E-09
5.70	2.331E-15	8.668E-12	5.467E-09	5.475E-08	5.284E-07	1.165E-07	3.170E-09
5.80	1.221E-15	5.116E-12	3.703E-09	3.902E-08	4.022E-07	8.625E-08	2.201E-09
5.90	5.551E-16	3.023E-12	2.512E-09	2.785E-08	3.065E-07	6.392E-08	1.531E-09
6.00	3.331E-16	1.789E-12	1.706E-09	1.990E-08	2.339E-07	4.743E-08	1.066E-09
6.10	1.110E-16	1.060E-12	1.160E-09	1.425E-08	1.787E-07	3.524E-08	7.430E-10
6.20	1.110E-16	6.284E-13	7.901E-10	1.021E-08	1.366E-07	2.621E-08	5.185E-10
6.30	0.000E+00	3.730E-13	5.387E-10	7.327E-09	1.046E-07	1.952E-08	3.623E-10
6.40	0.000E+00	2.217E-13	3.678E-10	5.265E-09	8.020E-08	1.456E-08	2.535E-10
6.50	0.000E+00	1.319E-13	2.514E-10	3.788E-09	6.154E-08	1.087E-08	1.775E-10
6.60	0.000E+00	7.860E-14	1.721E-10	2.729E-09	4.728E-08	8.122E-09	1.244E-10
6.70	0.000E+00	4.685E-14	1.179E-10	1.969E-09	3.636E-08	6.077E-09	8.733E-11
6.80	0.000E+00	2.798E-14	8.089E-11	1.422E-09	2.799E-08	4.551E-09	6.135E-11
6.90	0.000E+00	1.665E-14	5.556E-11	1.028E-09	2.157E-08	3.413E-09	4.314E-11
7.00	0.000E+00	9.992E-15	3.820E-11	7.441E-10	1.664E-08	2.561E-09	3.037E-11
7.10	0.000E+00	5.995E-15	2.630E-11	5.393E-10	1.285E-08	1.925E-09	2.140E-11
7.20	0.000E+00	3.553E-15	1.812E-11	3.912E-10	9.928E-09	1.448E-09	1.509E-11
7.30	0.000E+00	2.109E-15	1.250E-11	2.842E-10	7.680E-09	1.090E-09	1.065E-11
7.40	0.000E+00	1.332E-15	8.632E-12	2.066E-10	5.947E-09	8.213E-10	7.526E-12
7.50	0.000E+00	7.772E-16	5.967E-12	1.504E-10	4.609E-09	6.195E-10	5.322E-12
7.60	0.000E+00	4.441E-16	4.129E-12	1.096E-10	3.575E-09	4.677E-10	3.767E-12
7.70	0.000E+00	3.331E-16	2.860E-12	7.995E-11	2.776E-09	3.535E-10	2.668E-12
7.80	0.000E+00	2.220E-16	1.983E-12	5.838E-11	2.157E-09	2.674E-10	1.891E-12
7.90	0.000E+00	1.110E-16	1.376E-12	4.267E-11	1.678E-09	2.024E-10	1.342E-12
8.00	0.000E+00	1.110E-16	9.561E-13	3.122E-11	1.306E-09	1.534E-10	9.530E-13