% Conditionele overschrijdingskans zeewaterstand Hoek van Holland 1985, per windrichting, voor getijperioden.
% Door: 	Chris Geerse
% Project:	PR3140.10
% Datum:	oktober 2015
%
%m+NAP  ZW              WZW             W               WNW             NW              NNW             N
0.80	1.000E+00	1.000E+00	1.000E+00	1.000E+00	1.000E+00	1.000E+00	1.000E+00
0.90	1.000E+00	1.000E+00	1.000E+00	1.000E+00	1.000E+00	1.000E+00	1.000E+00
1.00	1.000E+00	1.000E+00	1.000E+00	1.000E+00	1.000E+00	1.000E+00	1.000E+00
1.10	1.000E+00	1.000E+00	1.000E+00	1.000E+00	1.000E+00	1.000E+00	7.297E-01
1.20	1.000E+00	1.000E+00	1.000E+00	1.000E+00	9.797E-01	8.296E-01	4.436E-01
1.30	9.018E-01	1.000E+00	1.000E+00	1.000E+00	6.642E-01	5.426E-01	2.702E-01
1.40	3.943E-01	5.824E-01	8.896E-01	8.826E-01	4.492E-01	3.556E-01	1.653E-01
1.50	1.705E-01	3.030E-01	5.359E-01	5.651E-01	3.052E-01	2.342E-01	1.017E-01
1.60	7.367E-02	1.579E-01	3.223E-01	3.614E-01	2.084E-01	1.550E-01	6.284E-02
1.70	3.186E-02	8.256E-02	1.945E-01	2.320E-01	1.430E-01	1.032E-01	3.904E-02
1.80	1.380E-02	4.338E-02	1.179E-01	1.495E-01	9.868E-02	6.903E-02	2.438E-02
1.90	5.989E-03	2.290E-02	7.185E-02	9.673E-02	6.843E-02	4.641E-02	1.530E-02
2.00	2.606E-03	1.215E-02	4.400E-02	6.287E-02	4.767E-02	3.135E-02	9.642E-03
2.10	1.137E-03	6.476E-03	2.707E-02	4.104E-02	3.336E-02	2.127E-02	6.106E-03
2.20	4.972E-04	3.469E-03	1.674E-02	2.689E-02	2.344E-02	1.450E-02	3.884E-03
2.30	2.182E-04	1.867E-03	1.039E-02	1.769E-02	1.654E-02	9.919E-03	2.481E-03
2.40	9.609E-05	1.009E-03	6.484E-03	1.168E-02	1.172E-02	6.813E-03	1.591E-03
2.50	4.248E-05	5.479E-04	4.062E-03	7.744E-03	8.330E-03	4.697E-03	1.024E-03
2.60	1.886E-05	2.988E-04	2.555E-03	5.150E-03	5.943E-03	3.250E-03	6.621E-04
2.70	8.410E-06	1.636E-04	1.613E-03	3.436E-03	4.254E-03	2.256E-03	4.295E-04
2.80	3.768E-06	8.994E-05	1.022E-03	2.300E-03	3.055E-03	1.572E-03	2.796E-04
2.90	1.697E-06	4.964E-05	6.502E-04	1.544E-03	2.200E-03	1.098E-03	1.826E-04
3.00	7.685E-07	2.750E-05	4.150E-04	1.040E-03	1.589E-03	7.696E-04	1.197E-04
3.10	3.499E-07	1.529E-05	2.657E-04	7.024E-04	1.151E-03	5.409E-04	7.868E-05
3.20	1.603E-07	8.533E-06	1.706E-04	4.757E-04	8.364E-04	3.812E-04	5.188E-05
3.30	7.386E-08	4.777E-06	1.099E-04	3.230E-04	6.091E-04	2.694E-04	3.431E-05
3.40	3.424E-08	2.683E-06	7.103E-05	2.199E-04	4.447E-04	1.909E-04	2.276E-05
3.50	1.597E-08	1.512E-06	4.602E-05	1.501E-04	3.254E-04	1.356E-04	1.514E-05
3.60	7.494E-09	8.544E-07	2.990E-05	1.027E-04	2.387E-04	9.652E-05	1.009E-05
3.70	3.537E-09	4.842E-07	1.947E-05	7.044E-05	1.755E-04	6.888E-05	6.747E-06
3.80	1.679E-09	2.752E-07	1.271E-05	4.842E-05	1.293E-04	4.927E-05	4.522E-06
3.90	8.012E-10	1.568E-07	8.321E-06	3.336E-05	9.548E-05	3.532E-05	3.038E-06
4.00	3.844E-10	8.958E-08	5.459E-06	2.304E-05	7.064E-05	2.537E-05	2.045E-06
4.10	1.853E-10	5.130E-08	3.589E-06	1.594E-05	5.236E-05	1.826E-05	1.380E-06
4.20	8.975E-11	2.945E-08	2.365E-06	1.105E-05	3.889E-05	1.317E-05	9.333E-07
4.30	4.365E-11	1.694E-08	1.562E-06	7.679E-06	2.894E-05	9.521E-06	6.325E-07
4.40	2.131E-11	9.768E-09	1.033E-06	5.346E-06	2.157E-05	6.894E-06	4.295E-07
4.50	1.044E-11	5.644E-09	6.850E-07	3.729E-06	1.611E-05	5.001E-06	2.922E-07
4.60	5.135E-12	3.268E-09	4.550E-07	2.606E-06	1.205E-05	3.634E-06	1.992E-07
4.70	2.532E-12	1.895E-09	3.028E-07	1.824E-06	9.029E-06	2.645E-06	1.360E-07
4.80	1.252E-12	1.102E-09	2.019E-07	1.280E-06	6.776E-06	1.929E-06	9.305E-08
4.90	6.205E-13	6.413E-10	1.348E-07	8.991E-07	5.093E-06	1.409E-06	6.377E-08
5.00	3.082E-13	3.740E-10	9.019E-08	6.328E-07	3.834E-06	1.031E-06	4.377E-08
5.10	1.533E-13	2.185E-10	6.044E-08	4.461E-07	2.891E-06	7.553E-07	3.009E-08
5.20	7.649E-14	1.279E-10	4.057E-08	3.150E-07	2.183E-06	5.543E-07	2.072E-08
5.30	3.819E-14	7.494E-11	2.727E-08	2.228E-07	1.650E-06	4.074E-07	1.429E-08
5.40	1.910E-14	4.398E-11	1.836E-08	1.579E-07	1.250E-06	2.999E-07	9.871E-09
5.50	9.548E-15	2.585E-11	1.238E-08	1.120E-07	9.474E-07	2.210E-07	6.827E-09
5.60	4.774E-15	1.522E-11	8.364E-09	7.960E-08	7.193E-07	1.631E-07	4.729E-09
5.70	2.442E-15	8.969E-12	5.657E-09	5.665E-08	5.468E-07	1.206E-07	3.280E-09
5.80	0.000E+00	5.294E-12	3.832E-09	4.037E-08	4.162E-07	8.925E-08	2.278E-09
5.90	0.000E+00	3.128E-12	2.599E-09	2.882E-08	3.172E-07	6.614E-08	1.584E-09
6.00	0.000E+00	1.851E-12	1.765E-09	2.060E-08	2.420E-07	4.908E-08	1.103E-09
6.10	0.000E+00	1.096E-12	1.200E-09	1.474E-08	1.849E-07	3.646E-08	7.688E-10
6.20	0.000E+00	6.503E-13	8.175E-10	1.056E-08	1.414E-07	2.712E-08	5.366E-10
6.30	0.000E+00	3.860E-13	5.574E-10	7.582E-09	1.083E-07	2.020E-08	3.749E-10
6.40	0.000E+00	2.294E-13	3.806E-10	5.448E-09	8.298E-08	1.506E-08	2.623E-10
6.50	0.000E+00	1.364E-13	2.602E-10	3.920E-09	6.368E-08	1.124E-08	1.837E-10
6.60	0.000E+00	8.138E-14	1.781E-10	2.824E-09	4.892E-08	8.404E-09	1.288E-10
6.70	0.000E+00	4.852E-14	1.220E-10	2.037E-09	3.762E-08	6.288E-09	9.036E-11
6.80	0.000E+00	2.898E-14	8.370E-11	1.471E-09	2.896E-08	4.709E-09	6.348E-11
6.90	0.000E+00	1.721E-14	5.749E-11	1.064E-09	2.232E-08	3.531E-09	4.464E-11
7.00	0.000E+00	1.033E-14	3.953E-11	7.699E-10	1.721E-08	2.650E-09	3.142E-11
7.10	0.000E+00	6.217E-15	2.721E-11	5.580E-10	1.329E-08	1.991E-09	2.214E-11
7.20	0.000E+00	3.664E-15	1.875E-11	4.048E-10	1.027E-08	1.498E-09	1.561E-11
7.30	0.000E+00	2.220E-15	1.293E-11	2.940E-10	7.947E-09	1.128E-09	1.102E-11
7.40	0.000E+00	0.000E+00	8.932E-12	2.138E-10	6.153E-09	8.498E-10	7.787E-12
7.50	0.000E+00	0.000E+00	6.174E-12	1.556E-10	4.769E-09	6.410E-10	5.506E-12
7.60	0.000E+00	0.000E+00	4.273E-12	1.134E-10	3.699E-09	4.840E-10	3.897E-12
7.70	0.000E+00	0.000E+00	2.960E-12	8.273E-11	2.872E-09	3.658E-10	2.761E-12
7.80	0.000E+00	0.000E+00	2.052E-12	6.041E-11	2.232E-09	2.767E-10	1.957E-12
7.90	0.000E+00	0.000E+00	1.424E-12	4.415E-11	1.736E-09	2.095E-10	1.389E-12
8.00	0.000E+00	0.000E+00	9.893E-13	3.230E-11	1.351E-09	1.587E-10	9.861E-13