% Conditionele overschrijdingskans zeewaterstand Maasmond 1985, per windrichting, voor 12-uursperioden.
% Door: 	Chris Geerse
% Project:	PR3140.10
% Datum:	oktober 2015
%
%m+NAP  ZW              WZW             W               WNW             NW              NNW             N
0.80	1.000E+00	1.000E+00	1.000E+00	1.000E+00	1.000E+00	1.000E+00	1.000E+00
0.90	1.000E+00	1.000E+00	1.000E+00	1.000E+00	1.000E+00	1.000E+00	1.000E+00
1.00	1.000E+00	1.000E+00	1.000E+00	1.000E+00	1.000E+00	1.000E+00	1.000E+00
1.10	1.000E+00	1.000E+00	1.000E+00	1.000E+00	1.000E+00	1.000E+00	6.481E-01
1.20	1.000E+00	1.000E+00	1.000E+00	1.000E+00	9.003E-01	7.505E-01	3.912E-01
1.30	7.547E-01	9.705E-01	1.000E+00	1.000E+00	6.016E-01	4.867E-01	2.377E-01
1.40	3.244E-01	4.992E-01	7.937E-01	7.969E-01	4.050E-01	3.179E-01	1.453E-01
1.50	1.397E-01	2.582E-01	4.724E-01	5.047E-01	2.746E-01	2.091E-01	8.934E-02
1.60	6.027E-02	1.343E-01	2.830E-01	3.216E-01	1.873E-01	1.384E-01	5.525E-02
1.70	2.605E-02	7.022E-02	1.705E-01	2.060E-01	1.286E-01	9.213E-02	3.435E-02
1.80	1.129E-02	3.691E-02	1.034E-01	1.327E-01	8.874E-02	6.166E-02	2.146E-02
1.90	4.900E-03	1.950E-02	6.300E-02	8.587E-02	6.156E-02	4.148E-02	1.348E-02
2.00	2.133E-03	1.035E-02	3.860E-02	5.583E-02	4.291E-02	2.804E-02	8.503E-03
2.10	9.308E-04	5.523E-03	2.377E-02	3.646E-02	3.005E-02	1.904E-02	5.389E-03
2.20	4.074E-04	2.961E-03	1.470E-02	2.391E-02	2.113E-02	1.298E-02	3.431E-03
2.30	1.789E-04	1.595E-03	9.139E-03	1.574E-02	1.492E-02	8.891E-03	2.193E-03
2.40	7.886E-05	8.628E-04	5.706E-03	1.040E-02	1.058E-02	6.112E-03	1.408E-03
2.50	3.489E-05	4.689E-04	3.577E-03	6.897E-03	7.524E-03	4.217E-03	9.070E-04
2.60	1.550E-05	2.559E-04	2.252E-03	4.589E-03	5.371E-03	2.919E-03	5.867E-04
2.70	6.919E-06	1.402E-04	1.423E-03	3.064E-03	3.847E-03	2.028E-03	3.808E-04
2.80	3.103E-06	7.716E-05	9.023E-04	2.052E-03	2.764E-03	1.414E-03	2.481E-04
2.90	1.399E-06	4.262E-05	5.743E-04	1.379E-03	1.992E-03	9.882E-04	1.622E-04
3.00	6.343E-07	2.363E-05	3.667E-04	9.291E-04	1.440E-03	6.930E-04	1.063E-04
3.10	2.892E-07	1.315E-05	2.350E-04	6.278E-04	1.044E-03	4.873E-04	6.995E-05
3.20	1.326E-07	7.341E-06	1.510E-04	4.254E-04	7.585E-04	3.436E-04	4.615E-05
3.30	6.118E-08	4.113E-06	9.734E-05	2.890E-04	5.526E-04	2.430E-04	3.054E-05
3.40	2.840E-08	2.312E-06	6.292E-05	1.969E-04	4.037E-04	1.722E-04	2.027E-05
3.50	1.326E-08	1.303E-06	4.079E-05	1.344E-04	2.956E-04	1.224E-04	1.349E-05
3.60	6.230E-09	7.369E-07	2.651E-05	9.204E-05	2.169E-04	8.718E-05	8.997E-06
3.70	2.944E-09	4.179E-07	1.728E-05	6.315E-05	1.595E-04	6.225E-05	6.018E-06
3.80	1.399E-09	2.376E-07	1.129E-05	4.343E-05	1.176E-04	4.454E-05	4.035E-06
3.90	6.683E-10	1.355E-07	7.390E-06	2.994E-05	8.686E-05	3.194E-05	2.712E-06
4.00	3.209E-10	7.742E-08	4.851E-06	2.068E-05	6.429E-05	2.296E-05	1.827E-06
4.10	1.549E-10	4.436E-08	3.191E-06	1.432E-05	4.768E-05	1.653E-05	1.233E-06
4.20	7.507E-11	2.547E-08	2.103E-06	9.930E-06	3.542E-05	1.193E-05	8.344E-07
4.30	3.654E-11	1.466E-08	1.389E-06	6.902E-06	2.637E-05	8.625E-06	5.657E-07
4.40	1.785E-11	8.458E-09	9.196E-07	4.807E-06	1.966E-05	6.247E-06	3.843E-07
4.50	8.755E-12	4.889E-09	6.099E-07	3.354E-06	1.469E-05	4.533E-06	2.615E-07
4.60	4.307E-12	2.832E-09	4.053E-07	2.345E-06	1.099E-05	3.296E-06	1.783E-07
4.70	2.125E-12	1.643E-09	2.698E-07	1.642E-06	8.238E-06	2.400E-06	1.218E-07
4.80	1.051E-12	9.553E-10	1.799E-07	1.152E-06	6.185E-06	1.751E-06	8.337E-08
4.90	5.212E-13	5.564E-10	1.202E-07	8.099E-07	4.650E-06	1.279E-06	5.715E-08
5.00	2.590E-13	3.246E-10	8.045E-08	5.702E-07	3.502E-06	9.360E-07	3.924E-08
5.10	1.290E-13	1.897E-10	5.393E-08	4.021E-07	2.641E-06	6.861E-07	2.699E-08
5.20	6.428E-14	1.110E-10	3.621E-08	2.841E-07	1.994E-06	5.037E-07	1.859E-08
5.30	3.209E-14	6.509E-11	2.435E-08	2.010E-07	1.508E-06	3.703E-07	1.283E-08
5.40	1.610E-14	3.822E-11	1.640E-08	1.424E-07	1.142E-06	2.726E-07	8.861E-09
5.50	8.105E-15	2.247E-11	1.106E-08	1.011E-07	8.664E-07	2.010E-07	6.130E-09
5.60	3.997E-15	1.323E-11	7.475E-09	7.186E-08	6.580E-07	1.484E-07	4.247E-09
5.70	1.998E-15	7.800E-12	5.057E-09	5.116E-08	5.003E-07	1.097E-07	2.947E-09
5.80	9.992E-16	4.605E-12	3.426E-09	3.647E-08	3.809E-07	8.123E-08	2.047E-09
5.90	5.551E-16	2.722E-12	2.324E-09	2.604E-08	2.903E-07	6.021E-08	1.424E-09
6.00	2.220E-16	1.611E-12	1.579E-09	1.861E-08	2.216E-07	4.469E-08	9.915E-10
6.10	1.110E-16	9.543E-13	1.074E-09	1.333E-08	1.693E-07	3.321E-08	6.914E-10
6.20	1.110E-16	5.661E-13	7.318E-10	9.554E-09	1.295E-07	2.471E-08	4.826E-10
6.30	0.000E+00	3.362E-13	4.991E-10	6.858E-09	9.920E-08	1.841E-08	3.373E-10
6.40	0.000E+00	1.998E-13	3.408E-10	4.929E-09	7.605E-08	1.373E-08	2.360E-10
6.50	0.000E+00	1.189E-13	2.330E-10	3.548E-09	5.838E-08	1.025E-08	1.653E-10
6.60	0.000E+00	7.083E-14	1.595E-10	2.556E-09	4.485E-08	7.663E-09	1.159E-10
6.70	0.000E+00	4.219E-14	1.093E-10	1.844E-09	3.450E-08	5.735E-09	8.137E-11
6.80	0.000E+00	2.520E-14	7.503E-11	1.332E-09	2.656E-08	4.296E-09	5.717E-11
6.90	0.000E+00	1.510E-14	5.154E-11	9.635E-10	2.047E-08	3.222E-09	4.021E-11
7.00	0.000E+00	8.993E-15	3.545E-11	6.976E-10	1.580E-08	2.419E-09	2.831E-11
7.10	0.000E+00	5.440E-15	2.441E-11	5.057E-10	1.220E-08	1.818E-09	1.995E-11
7.20	0.000E+00	3.220E-15	1.682E-11	3.670E-10	9.430E-09	1.368E-09	1.407E-11
7.30	0.000E+00	1.887E-15	1.161E-11	2.666E-10	7.297E-09	1.030E-09	9.936E-12
7.40	0.000E+00	1.110E-15	8.017E-12	1.939E-10	5.651E-09	7.762E-10	7.021E-12
7.50	0.000E+00	6.661E-16	5.543E-12	1.412E-10	4.380E-09	5.856E-10	4.966E-12
7.60	0.000E+00	4.441E-16	3.836E-12	1.029E-10	3.399E-09	4.422E-10	3.515E-12
7.70	0.000E+00	2.220E-16	2.658E-12	7.507E-11	2.639E-09	3.343E-10	2.491E-12
7.80	0.000E+00	1.110E-16	1.843E-12	5.483E-11	2.051E-09	2.529E-10	1.766E-12
7.90	0.000E+00	1.110E-16	1.280E-12	4.008E-11	1.596E-09	1.915E-10	1.253E-12
8.00	0.000E+00	0.000E+00	8.890E-13	2.933E-11	1.242E-09	1.451E-10	8.901E-13