19 11 132
99 4 255 128 33 105 10 2050 01 03 14 00 1
0      0      1      0      0     21
0 12 11 51144.00 2686.00 128 52249.70 4552.50 26000 15000 96
11.31 11.31 11.31 11.31 11.31 11.31 11.31 11.31 11.31 11.31 11.31 11.31 
11.31 11.31 11.31 11.31 11.31 11.31 11.31 11.31 11.31 11.31 11.31 11.31 
11.31 11.31 11.31 11.31 11.31 11.31 11.31 11.31 11.31 11.31 11.31 11.31 
11.31 11.31 11.31 11.31 11.31 11.31 11.31 11.31 11.31 11.31 11.31 11.31 
11.31 11.31 11.31 11.31 11.31 11.31 11.31 11.31 11.31 11.31 11.31 11.31 
11.31 11.31 11.31 11.31 11.31 11.31 10.96 11.21 11.21 11.21 11.22 11.23 
11.26 11.31 11.31 11.31 11.31 10.96 10.96 11.05 11.05 11.06 11.08 11.26 
11.26 11.31 11.31 11.31 10.96 10.96 10.96 10.88 10.90 11.08 11.08 11.26 
11.26 11.31 11.31 10.75 10.80 10.80 10.76 10.90 10.90 11.08 11.08 11.26 
11.26 11.31 10.75 10.75 10.75 10.75 10.75 10.75 10.90 11.08 11.08 11.26 
11.26 10.75 10.75 10.75 10.75 10.75 10.75 10.90 11.08 11.08 11.26 11.26 
