19 11 132
99 4 255 128 33 105 10 2050 01 02 03 00 1
0      0      1      0      0     21
0 12 11 51144.00 2686.00 128 52249.70 4552.50 26000 15000 96
16.14 16.14 16.14 16.14 16.14 16.14 16.14 16.14 16.14 16.14 16.14 16.14 
16.14 16.14 16.14 16.14 16.14 16.14 16.14 16.14 16.14 16.14 16.14 16.14 
16.14 16.14 16.14 16.14 16.14 16.14 16.14 16.14 16.14 16.14 16.14 16.14 
16.14 16.14 16.14 16.14 16.14 16.14 16.14 16.14 16.14 16.14 16.14 16.14 
16.14 16.14 16.14 16.14 16.14 16.14 16.14 16.14 16.14 16.14 16.14 16.14 
16.14 16.14 16.14 16.14 16.14 16.14 15.64 16.00 16.00 16.00 16.01 16.03 
16.07 16.14 16.14 16.14 16.14 15.64 15.64 15.76 15.76 15.78 15.81 16.07 
16.07 16.14 16.14 16.14 15.64 15.64 15.64 15.53 15.56 15.81 15.81 16.07 
16.07 16.14 16.14 15.33 15.41 15.41 15.35 15.56 15.56 15.81 15.81 16.07 
16.07 16.14 15.33 15.33 15.33 15.33 15.33 15.33 15.56 15.81 15.81 16.07 
16.07 15.33 15.33 15.33 15.33 15.33 15.33 15.56 15.81 15.81 16.07 16.07 
