19 11 132
99 4 255 128 33 105 10 2050 01 04 15 00 1
0      0      1      0      0     21
0 12 11 51144.00 2686.00 128 52249.70 4552.50 26000 15000 96
5.81 5.81 5.81 5.81 5.81 5.81 5.81 5.81 5.81 5.81 5.81 5.81 
5.81 5.81 5.81 5.81 5.81 5.81 5.81 5.81 5.81 5.81 5.81 5.81 
5.81 5.81 5.81 5.81 5.81 5.81 5.81 5.81 5.81 5.81 5.81 5.81 
5.81 5.81 5.81 5.81 5.81 5.81 5.81 5.81 5.81 5.81 5.81 5.81 
5.81 5.81 5.81 5.81 5.81 5.81 5.81 5.81 5.81 5.81 5.81 5.81 
5.81 5.81 5.81 5.81 5.81 5.81 5.63 5.76 5.76 5.76 5.77 5.77 
5.79 5.81 5.81 5.81 5.81 5.63 5.63 5.68 5.68 5.69 5.70 5.79 
5.79 5.81 5.81 5.81 5.63 5.63 5.63 5.60 5.61 5.70 5.70 5.79 
5.79 5.81 5.81 5.52 5.55 5.55 5.53 5.61 5.61 5.70 5.70 5.79 
5.79 5.81 5.52 5.52 5.52 5.52 5.52 5.52 5.61 5.70 5.70 5.79 
5.79 5.52 5.52 5.52 5.52 5.52 5.52 5.61 5.70 5.70 5.79 5.79 
