19 11 132
99 4 255 128 33 105 10 2050 01 01 21 30 1
0      0      1      0      0     21
0 12 11 51144.00 2686.00 128 52249.70 4552.50 26000 15000 96
12.85 12.85 12.85 12.85 12.85 12.85 12.85 12.85 12.85 12.85 12.85 12.85 
12.85 12.85 12.85 12.85 12.85 12.85 12.85 12.85 12.85 12.85 12.85 12.85 
12.85 12.85 12.85 12.85 12.85 12.85 12.85 12.85 12.85 12.85 12.85 12.85 
12.85 12.85 12.85 12.85 12.85 12.85 12.85 12.85 12.85 12.85 12.85 12.85 
12.85 12.85 12.85 12.85 12.85 12.85 12.85 12.85 12.85 12.85 12.85 12.85 
12.85 12.85 12.85 12.85 12.85 12.85 12.45 12.73 12.73 12.73 12.75 12.76 
12.79 12.85 12.85 12.85 12.85 12.45 12.45 12.55 12.55 12.56 12.59 12.79 
12.79 12.85 12.85 12.85 12.45 12.45 12.45 12.36 12.38 12.59 12.59 12.79 
12.79 12.85 12.85 12.20 12.27 12.27 12.22 12.38 12.38 12.59 12.59 12.79 
12.79 12.85 12.20 12.20 12.20 12.20 12.20 12.20 12.38 12.59 12.59 12.79 
12.79 12.20 12.20 12.20 12.20 12.20 12.20 12.38 12.59 12.59 12.79 12.79 
