19 11 132
99 4 255 128 33 105 10 2050 01 04 10 00 1
0      0      1      0      0     21
0 12 11 51144.00 2686.00 128 52249.70 4552.50 26000 15000 96
6.48 6.48 6.48 6.48 6.48 6.48 6.48 6.48 6.48 6.48 6.48 6.48 
6.48 6.48 6.48 6.48 6.48 6.48 6.48 6.48 6.48 6.48 6.48 6.48 
6.48 6.48 6.48 6.48 6.48 6.48 6.48 6.48 6.48 6.48 6.48 6.48 
6.48 6.48 6.48 6.48 6.48 6.48 6.48 6.48 6.48 6.48 6.48 6.48 
6.48 6.48 6.48 6.48 6.48 6.48 6.48 6.48 6.48 6.48 6.48 6.48 
6.48 6.48 6.48 6.48 6.48 6.48 6.28 6.42 6.42 6.42 6.43 6.43 
6.45 6.48 6.48 6.48 6.48 6.28 6.28 6.33 6.33 6.33 6.35 6.45 
6.45 6.48 6.48 6.48 6.28 6.28 6.28 6.23 6.24 6.35 6.35 6.45 
6.45 6.48 6.48 6.15 6.19 6.19 6.16 6.24 6.24 6.35 6.35 6.45 
6.45 6.48 6.15 6.15 6.15 6.15 6.15 6.15 6.24 6.35 6.35 6.45 
6.45 6.15 6.15 6.15 6.15 6.15 6.15 6.24 6.35 6.35 6.45 6.45 
