19 11 132
99 4 255 128 33 105 10 2050 01 03 09 30 1
0      0      1      0      0     21
0 12 11 51144.00 2686.00 128 52249.70 4552.50 26000 15000 96
13.36 13.36 13.36 13.36 13.36 13.36 13.36 13.36 13.36 13.36 13.36 13.36 
13.36 13.36 13.36 13.36 13.36 13.36 13.36 13.36 13.36 13.36 13.36 13.36 
13.36 13.36 13.36 13.36 13.36 13.36 13.36 13.36 13.36 13.36 13.36 13.36 
13.36 13.36 13.36 13.36 13.36 13.36 13.36 13.36 13.36 13.36 13.36 13.36 
13.36 13.36 13.36 13.36 13.36 13.36 13.36 13.36 13.36 13.36 13.36 13.36 
13.36 13.36 13.36 13.36 13.36 13.36 12.95 13.24 13.24 13.24 13.26 13.27 
13.30 13.36 13.36 13.36 13.36 12.95 12.95 13.05 13.05 13.06 13.09 13.30 
13.30 13.36 13.36 13.36 12.95 12.95 12.95 12.86 12.88 13.09 13.09 13.30 
13.30 13.36 13.36 12.69 12.76 12.76 12.71 12.88 12.88 13.09 13.09 13.30 
13.30 13.36 12.69 12.69 12.69 12.69 12.69 12.69 12.88 13.09 13.09 13.30 
13.30 12.69 12.69 12.69 12.69 12.69 12.69 12.88 13.09 13.09 13.30 13.30 
