19 11 132
99 4 255 128 33 105 10 2050 01 03 19 30 1
0      0      1      0      0     21
0 12 11 51144.00 2686.00 128 52249.70 4552.50 26000 15000 96
9.46 9.46 9.46 9.46 9.46 9.46 9.46 9.46 9.46 9.46 9.46 9.46 
9.46 9.46 9.46 9.46 9.46 9.46 9.46 9.46 9.46 9.46 9.46 9.46 
9.46 9.46 9.46 9.46 9.46 9.46 9.46 9.46 9.46 9.46 9.46 9.46 
9.46 9.46 9.46 9.46 9.46 9.46 9.46 9.46 9.46 9.46 9.46 9.46 
9.46 9.46 9.46 9.46 9.46 9.46 9.46 9.46 9.46 9.46 9.46 9.46 
9.46 9.46 9.46 9.46 9.46 9.46 9.16 9.38 9.38 9.38 9.39 9.39 
9.42 9.46 9.46 9.46 9.46 9.16 9.16 9.24 9.24 9.25 9.27 9.42 
9.42 9.46 9.46 9.46 9.16 9.16 9.16 9.10 9.12 9.27 9.27 9.42 
9.42 9.46 9.46 8.99 9.04 9.04 9.00 9.12 9.12 9.27 9.27 9.42 
9.42 9.46 8.99 8.99 8.99 8.99 8.99 8.99 9.12 9.27 9.27 9.42 
9.42 8.99 8.99 8.99 8.99 8.99 8.99 9.12 9.27 9.27 9.42 9.42 
