19 11 132
99 4 255 128 33 105 10 2050 01 02 17 30 1
0      0      1      0      0     21
0 12 11 51144.00 2686.00 128 52249.70 4552.50 26000 15000 96
29.54 29.54 29.54 29.54 29.54 29.54 29.54 29.54 29.54 29.54 29.54 29.54 
29.54 29.54 29.54 29.54 29.54 29.54 29.54 29.54 29.54 29.54 29.54 29.54 
29.54 29.54 29.54 29.54 29.54 29.54 29.54 29.54 29.54 29.54 29.54 29.54 
29.54 29.54 29.54 29.54 29.54 29.54 29.54 29.54 29.54 29.54 29.54 29.54 
29.54 29.54 29.54 29.54 29.54 29.54 29.54 29.54 29.54 29.54 29.54 29.54 
29.54 29.54 29.54 29.54 29.54 29.54 28.63 29.29 29.29 29.29 29.31 29.34 
29.42 29.54 29.54 29.54 29.54 28.63 28.63 28.86 28.86 28.89 28.95 29.42 
29.42 29.54 29.54 29.54 28.63 28.63 28.63 28.43 28.48 28.95 28.95 29.42 
29.42 29.54 29.54 28.07 28.22 28.22 28.10 28.48 28.48 28.95 28.95 29.42 
29.42 29.54 28.07 28.07 28.07 28.07 28.07 28.07 28.48 28.95 28.95 29.42 
29.42 28.07 28.07 28.07 28.07 28.07 28.07 28.48 28.95 28.95 29.42 29.42 
