19 11 132
99 4 255 128 33 105 10 2050 01 01 21 00 1
0      0      1      0      0     21
0 12 11 51144.00 2686.00 128 52249.70 4552.50 26000 15000 96
12.60 12.60 12.60 12.60 12.60 12.60 12.60 12.60 12.60 12.60 12.60 12.60 
12.60 12.60 12.60 12.60 12.60 12.60 12.60 12.60 12.60 12.60 12.60 12.60 
12.60 12.60 12.60 12.60 12.60 12.60 12.60 12.60 12.60 12.60 12.60 12.60 
12.60 12.60 12.60 12.60 12.60 12.60 12.60 12.60 12.60 12.60 12.60 12.60 
12.60 12.60 12.60 12.60 12.60 12.60 12.60 12.60 12.60 12.60 12.60 12.60 
12.60 12.60 12.60 12.60 12.60 12.60 12.21 12.49 12.49 12.49 12.51 12.52 
12.55 12.60 12.60 12.60 12.60 12.21 12.21 12.31 12.31 12.32 12.35 12.55 
12.55 12.60 12.60 12.60 12.21 12.21 12.21 12.13 12.15 12.35 12.35 12.55 
12.55 12.60 12.60 11.97 12.04 12.04 11.99 12.15 12.15 12.35 12.35 12.55 
12.55 12.60 11.97 11.97 11.97 11.97 11.97 11.97 12.15 12.35 12.35 12.55 
12.55 11.97 11.97 11.97 11.97 11.97 11.97 12.15 12.35 12.35 12.55 12.55 
