19 11 132
99 4 255 128 33 105 10 2050 01 01 15 30 1
0      0      1      0      0     21
0 12 11 51144.00 2686.00 128 52249.70 4552.50 26000 15000 96
10.39 10.39 10.39 10.39 10.39 10.39 10.39 10.39 10.39 10.39 10.39 10.39 
10.39 10.39 10.39 10.39 10.39 10.39 10.39 10.39 10.39 10.39 10.39 10.39 
10.39 10.39 10.39 10.39 10.39 10.39 10.39 10.39 10.39 10.39 10.39 10.39 
10.39 10.39 10.39 10.39 10.39 10.39 10.39 10.39 10.39 10.39 10.39 10.39 
10.39 10.39 10.39 10.39 10.39 10.39 10.39 10.39 10.39 10.39 10.39 10.39 
10.39 10.39 10.39 10.39 10.39 10.39 10.07 10.30 10.30 10.30 10.31 10.32 
10.35 10.39 10.39 10.39 10.39 10.07 10.07 10.15 10.15 10.16 10.18 10.35 
10.35 10.39 10.39 10.39 10.07 10.07 10.07 10.00 10.02 10.18 10.18 10.35 
10.35 10.39 10.39 9.87 9.93 9.93 9.88 10.02 10.02 10.18 10.18 10.35 
10.35 10.39 9.87 9.87 9.87 9.87 9.87 9.87 10.02 10.18 10.18 10.35 
10.35 9.87 9.87 9.87 9.87 9.87 9.87 10.02 10.18 10.18 10.35 10.35 
