19 11 132
99 4 255 128 33 105 10 2050 01 02 09 30 1
0      0      1      0      0     21
0 12 11 51144.00 2686.00 128 52249.70 4552.50 26000 15000 96
22.28 22.28 22.28 22.28 22.28 22.28 22.28 22.28 22.28 22.28 22.28 22.28 
22.28 22.28 22.28 22.28 22.28 22.28 22.28 22.28 22.28 22.28 22.28 22.28 
22.28 22.28 22.28 22.28 22.28 22.28 22.28 22.28 22.28 22.28 22.28 22.28 
22.28 22.28 22.28 22.28 22.28 22.28 22.28 22.28 22.28 22.28 22.28 22.28 
22.28 22.28 22.28 22.28 22.28 22.28 22.28 22.28 22.28 22.28 22.28 22.28 
22.28 22.28 22.28 22.28 22.28 22.28 21.59 22.09 22.09 22.09 22.11 22.13 
22.19 22.28 22.28 22.28 22.28 21.59 21.59 21.77 21.77 21.79 21.83 22.19 
22.19 22.28 22.28 22.28 21.59 21.59 21.59 21.44 21.48 21.83 21.83 22.19 
22.19 22.28 22.28 21.17 21.29 21.29 21.20 21.48 21.48 21.83 21.83 22.19 
22.19 22.28 21.17 21.17 21.17 21.17 21.17 21.17 21.48 21.83 21.83 22.19 
22.19 21.17 21.17 21.17 21.17 21.17 21.17 21.48 21.83 21.83 22.19 22.19 
