19 11 132
99 4 255 128 33 105 10 2050 01 03 11 00 1
0      0      1      0      0     21
0 12 11 51144.00 2686.00 128 52249.70 4552.50 26000 15000 96
12.61 12.61 12.61 12.61 12.61 12.61 12.61 12.61 12.61 12.61 12.61 12.61 
12.61 12.61 12.61 12.61 12.61 12.61 12.61 12.61 12.61 12.61 12.61 12.61 
12.61 12.61 12.61 12.61 12.61 12.61 12.61 12.61 12.61 12.61 12.61 12.61 
12.61 12.61 12.61 12.61 12.61 12.61 12.61 12.61 12.61 12.61 12.61 12.61 
12.61 12.61 12.61 12.61 12.61 12.61 12.61 12.61 12.61 12.61 12.61 12.61 
12.61 12.61 12.61 12.61 12.61 12.61 12.22 12.50 12.50 12.50 12.51 12.52 
12.56 12.61 12.61 12.61 12.61 12.22 12.22 12.32 12.32 12.33 12.36 12.56 
12.56 12.61 12.61 12.61 12.22 12.22 12.22 12.13 12.16 12.36 12.36 12.56 
12.56 12.61 12.61 11.98 12.05 12.05 11.99 12.16 12.16 12.36 12.36 12.56 
12.56 12.61 11.98 11.98 11.98 11.98 11.98 11.98 12.16 12.36 12.36 12.56 
12.56 11.98 11.98 11.98 11.98 11.98 11.98 12.16 12.36 12.36 12.56 12.56 
