19 11 132
99 4 255 128 33 105 10 2050 01 03 02 30 1
0      0      1      0      0     21
0 12 11 51144.00 2686.00 128 52249.70 4552.50 26000 15000 96
18.15 18.15 18.15 18.15 18.15 18.15 18.15 18.15 18.15 18.15 18.15 18.15 
18.15 18.15 18.15 18.15 18.15 18.15 18.15 18.15 18.15 18.15 18.15 18.15 
18.15 18.15 18.15 18.15 18.15 18.15 18.15 18.15 18.15 18.15 18.15 18.15 
18.15 18.15 18.15 18.15 18.15 18.15 18.15 18.15 18.15 18.15 18.15 18.15 
18.15 18.15 18.15 18.15 18.15 18.15 18.15 18.15 18.15 18.15 18.15 18.15 
18.15 18.15 18.15 18.15 18.15 18.15 17.58 17.99 17.99 17.99 18.01 18.02 
18.07 18.15 18.15 18.15 18.15 17.58 17.58 17.73 17.73 17.74 17.78 18.07 
18.07 18.15 18.15 18.15 17.58 17.58 17.58 17.46 17.50 17.78 17.78 18.07 
18.07 18.15 18.15 17.24 17.34 17.34 17.26 17.50 17.50 17.78 17.78 18.07 
18.07 18.15 17.24 17.24 17.24 17.24 17.24 17.24 17.50 17.78 17.78 18.07 
18.07 17.24 17.24 17.24 17.24 17.24 17.24 17.50 17.78 17.78 18.07 18.07 
