19 11 132
99 4 255 128 33 105 10 2050 01 02 01 30 1
0      0      1      0      0     21
0 12 11 51144.00 2686.00 128 52249.70 4552.50 26000 15000 96
15.11 15.11 15.11 15.11 15.11 15.11 15.11 15.11 15.11 15.11 15.11 15.11 
15.11 15.11 15.11 15.11 15.11 15.11 15.11 15.11 15.11 15.11 15.11 15.11 
15.11 15.11 15.11 15.11 15.11 15.11 15.11 15.11 15.11 15.11 15.11 15.11 
15.11 15.11 15.11 15.11 15.11 15.11 15.11 15.11 15.11 15.11 15.11 15.11 
15.11 15.11 15.11 15.11 15.11 15.11 15.11 15.11 15.11 15.11 15.11 15.11 
15.11 15.11 15.11 15.11 15.11 15.11 14.64 14.98 14.98 14.98 14.99 15.00 
15.04 15.11 15.11 15.11 15.11 14.64 14.64 14.76 14.76 14.77 14.80 15.04 
15.04 15.11 15.11 15.11 14.64 14.64 14.64 14.54 14.56 14.80 14.80 15.04 
15.04 15.11 15.11 14.35 14.43 14.43 14.37 14.56 14.56 14.80 14.80 15.04 
15.04 15.11 14.35 14.35 14.35 14.35 14.35 14.35 14.56 14.80 14.80 15.04 
15.04 14.35 14.35 14.35 14.35 14.35 14.35 14.56 14.80 14.80 15.04 15.04 
