19 11 132
99 4 255 128 33 105 10 2050 01 01 04 30 1
0      0      1      0      0     21
0 12 11 51144.00 2686.00 128 52249.70 4552.50 26000 15000 96
7.57 7.57 7.57 7.57 7.57 7.57 7.57 7.57 7.57 7.57 7.57 7.57 
7.57 7.57 7.57 7.57 7.57 7.57 7.57 7.57 7.57 7.57 7.57 7.57 
7.57 7.57 7.57 7.57 7.57 7.57 7.57 7.57 7.57 7.57 7.57 7.57 
7.57 7.57 7.57 7.57 7.57 7.57 7.57 7.57 7.57 7.57 7.57 7.57 
7.57 7.57 7.57 7.57 7.57 7.57 7.57 7.57 7.57 7.57 7.57 7.57 
7.57 7.57 7.57 7.57 7.57 7.57 7.33 7.50 7.50 7.50 7.51 7.52 
7.54 7.57 7.57 7.57 7.57 7.33 7.33 7.39 7.39 7.40 7.42 7.54 
7.54 7.57 7.57 7.57 7.33 7.33 7.33 7.28 7.30 7.42 7.42 7.54 
7.54 7.57 7.57 7.19 7.23 7.23 7.20 7.30 7.30 7.42 7.42 7.54 
7.54 7.57 7.19 7.19 7.19 7.19 7.19 7.19 7.30 7.42 7.42 7.54 
7.54 7.19 7.19 7.19 7.19 7.19 7.19 7.30 7.42 7.42 7.54 7.54 
