19 11 132
99 4 255 128 33 105 10 2050 01 01 02 00 1
0      0      1      0      0     21
0 12 11 51144.00 2686.00 128 52249.70 4552.50 26000 15000 96
7.11 7.11 7.11 7.11 7.11 7.11 7.11 7.11 7.11 7.11 7.11 7.11 
7.11 7.11 7.11 7.11 7.11 7.11 7.11 7.11 7.11 7.11 7.11 7.11 
7.11 7.11 7.11 7.11 7.11 7.11 7.11 7.11 7.11 7.11 7.11 7.11 
7.11 7.11 7.11 7.11 7.11 7.11 7.11 7.11 7.11 7.11 7.11 7.11 
7.11 7.11 7.11 7.11 7.11 7.11 7.11 7.11 7.11 7.11 7.11 7.11 
7.11 7.11 7.11 7.11 7.11 7.11 6.89 7.05 7.05 7.05 7.06 7.06 
7.08 7.11 7.11 7.11 7.11 6.89 6.89 6.95 6.95 6.95 6.97 7.08 
7.08 7.11 7.11 7.11 6.89 6.89 6.89 6.84 6.86 6.97 6.97 7.08 
7.08 7.11 7.11 6.76 6.79 6.79 6.76 6.86 6.86 6.97 6.97 7.08 
7.08 7.11 6.76 6.76 6.76 6.76 6.76 6.76 6.86 6.97 6.97 7.08 
7.08 6.76 6.76 6.76 6.76 6.76 6.76 6.86 6.97 6.97 7.08 7.08 
