19 11 132
99 4 255 128 33 105 10 2050 01 01 18 00 1
0      0      1      0      0     21
0 12 11 51144.00 2686.00 128 52249.70 4552.50 26000 15000 96
11.31 11.31 11.31 11.31 11.31 11.31 11.31 11.31 11.31 11.31 11.31 11.31 
11.31 11.31 11.31 11.31 11.31 11.31 11.31 11.31 11.31 11.31 11.31 11.31 
11.31 11.31 11.31 11.31 11.31 11.31 11.31 11.31 11.31 11.31 11.31 11.31 
11.31 11.31 11.31 11.31 11.31 11.31 11.31 11.31 11.31 11.31 11.31 11.31 
11.31 11.31 11.31 11.31 11.31 11.31 11.31 11.31 11.31 11.31 11.31 11.31 
11.31 11.31 11.31 11.31 11.31 11.31 10.95 11.21 11.21 11.21 11.22 11.23 
11.26 11.31 11.31 11.31 11.31 10.95 10.95 11.04 11.04 11.05 11.08 11.26 
11.26 11.31 11.31 11.31 10.95 10.95 10.95 10.88 10.90 11.08 11.08 11.26 
11.26 11.31 11.31 10.74 10.80 10.80 10.75 10.90 10.90 11.08 11.08 11.26 
11.26 11.31 10.74 10.74 10.74 10.74 10.74 10.74 10.90 11.08 11.08 11.26 
11.26 10.74 10.74 10.74 10.74 10.74 10.74 10.90 11.08 11.08 11.26 11.26 
