19 11 132
99 4 255 128 33 105 10 2050 01 04 04 30 1
0      0      1      0      0     21
0 12 11 51144.00 2686.00 128 52249.70 4552.50 26000 15000 96
7.38 7.38 7.38 7.38 7.38 7.38 7.38 7.38 7.38 7.38 7.38 7.38 
7.38 7.38 7.38 7.38 7.38 7.38 7.38 7.38 7.38 7.38 7.38 7.38 
7.38 7.38 7.38 7.38 7.38 7.38 7.38 7.38 7.38 7.38 7.38 7.38 
7.38 7.38 7.38 7.38 7.38 7.38 7.38 7.38 7.38 7.38 7.38 7.38 
7.38 7.38 7.38 7.38 7.38 7.38 7.38 7.38 7.38 7.38 7.38 7.38 
7.38 7.38 7.38 7.38 7.38 7.38 7.15 7.32 7.32 7.32 7.32 7.33 
7.35 7.38 7.38 7.38 7.38 7.15 7.15 7.21 7.21 7.22 7.23 7.35 
7.35 7.38 7.38 7.38 7.15 7.15 7.15 7.10 7.12 7.23 7.23 7.35 
7.35 7.38 7.38 7.01 7.05 7.05 7.02 7.12 7.12 7.23 7.23 7.35 
7.35 7.38 7.01 7.01 7.01 7.01 7.01 7.01 7.12 7.23 7.23 7.35 
7.35 7.01 7.01 7.01 7.01 7.01 7.01 7.12 7.23 7.23 7.35 7.35 
