19 11 132
99 4 255 128 33 105 10 2050 01 03 08 00 1
0      0      1      0      0     21
0 12 11 51144.00 2686.00 128 52249.70 4552.50 26000 15000 96
14.19 14.19 14.19 14.19 14.19 14.19 14.19 14.19 14.19 14.19 14.19 14.19 
14.19 14.19 14.19 14.19 14.19 14.19 14.19 14.19 14.19 14.19 14.19 14.19 
14.19 14.19 14.19 14.19 14.19 14.19 14.19 14.19 14.19 14.19 14.19 14.19 
14.19 14.19 14.19 14.19 14.19 14.19 14.19 14.19 14.19 14.19 14.19 14.19 
14.19 14.19 14.19 14.19 14.19 14.19 14.19 14.19 14.19 14.19 14.19 14.19 
14.19 14.19 14.19 14.19 14.19 14.19 13.75 14.07 14.07 14.07 14.08 14.10 
14.13 14.19 14.19 14.19 14.19 13.75 13.75 13.86 13.86 13.88 13.91 14.13 
14.13 14.19 14.19 14.19 13.75 13.75 13.75 13.66 13.68 13.91 13.91 14.13 
14.13 14.19 14.19 13.48 13.56 13.56 13.50 13.68 13.68 13.91 13.91 14.13 
14.13 14.19 13.48 13.48 13.48 13.48 13.48 13.48 13.68 13.91 13.91 14.13 
14.13 13.48 13.48 13.48 13.48 13.48 13.48 13.68 13.91 13.91 14.13 14.13 
