19 11 132
99 4 255 128 33 105 10 2050 01 03 03 30 1
0      0      1      0      0     21
0 12 11 51144.00 2686.00 128 52249.70 4552.50 26000 15000 96
17.30 17.30 17.30 17.30 17.30 17.30 17.30 17.30 17.30 17.30 17.30 17.30 
17.30 17.30 17.30 17.30 17.30 17.30 17.30 17.30 17.30 17.30 17.30 17.30 
17.30 17.30 17.30 17.30 17.30 17.30 17.30 17.30 17.30 17.30 17.30 17.30 
17.30 17.30 17.30 17.30 17.30 17.30 17.30 17.30 17.30 17.30 17.30 17.30 
17.30 17.30 17.30 17.30 17.30 17.30 17.30 17.30 17.30 17.30 17.30 17.30 
17.30 17.30 17.30 17.30 17.30 17.30 16.76 17.15 17.15 17.15 17.17 17.18 
17.22 17.30 17.30 17.30 17.30 16.76 16.76 16.90 16.90 16.92 16.95 17.22 
17.22 17.30 17.30 17.30 16.76 16.76 16.76 16.65 16.68 16.95 16.95 17.22 
17.22 17.30 17.30 16.44 16.53 16.53 16.46 16.68 16.68 16.95 16.95 17.22 
17.22 17.30 16.44 16.44 16.44 16.44 16.44 16.44 16.68 16.95 16.95 17.22 
17.22 16.44 16.44 16.44 16.44 16.44 16.44 16.68 16.95 16.95 17.22 17.22 
