19 11 132
99 4 255 128 33 105 10 2050 01 03 22 00 1
0      0      1      0      0     21
0 12 11 51144.00 2686.00 128 52249.70 4552.50 26000 15000 96
8.79 8.79 8.79 8.79 8.79 8.79 8.79 8.79 8.79 8.79 8.79 8.79 
8.79 8.79 8.79 8.79 8.79 8.79 8.79 8.79 8.79 8.79 8.79 8.79 
8.79 8.79 8.79 8.79 8.79 8.79 8.79 8.79 8.79 8.79 8.79 8.79 
8.79 8.79 8.79 8.79 8.79 8.79 8.79 8.79 8.79 8.79 8.79 8.79 
8.79 8.79 8.79 8.79 8.79 8.79 8.79 8.79 8.79 8.79 8.79 8.79 
8.79 8.79 8.79 8.79 8.79 8.79 8.51 8.71 8.71 8.71 8.72 8.73 
8.75 8.79 8.79 8.79 8.79 8.51 8.51 8.58 8.58 8.59 8.61 8.75 
8.75 8.79 8.79 8.79 8.51 8.51 8.51 8.45 8.47 8.61 8.61 8.75 
8.75 8.79 8.79 8.35 8.39 8.39 8.36 8.47 8.47 8.61 8.61 8.75 
8.75 8.79 8.35 8.35 8.35 8.35 8.35 8.35 8.47 8.61 8.61 8.75 
8.75 8.35 8.35 8.35 8.35 8.35 8.35 8.47 8.61 8.61 8.75 8.75 
