19 11 132
99 4 255 128 33 105 10 2050 01 02 14 00 1
0      0      1      0      0     21
0 12 11 51144.00 2686.00 128 52249.70 4552.50 26000 15000 96
28.72 28.72 28.72 28.72 28.72 28.72 28.72 28.72 28.72 28.72 28.72 28.72 
28.72 28.72 28.72 28.72 28.72 28.72 28.72 28.72 28.72 28.72 28.72 28.72 
28.72 28.72 28.72 28.72 28.72 28.72 28.72 28.72 28.72 28.72 28.72 28.72 
28.72 28.72 28.72 28.72 28.72 28.72 28.72 28.72 28.72 28.72 28.72 28.72 
28.72 28.72 28.72 28.72 28.72 28.72 28.72 28.72 28.72 28.72 28.72 28.72 
28.72 28.72 28.72 28.72 28.72 28.72 27.83 28.47 28.47 28.47 28.49 28.52 
28.59 28.72 28.72 28.72 28.72 27.83 27.83 28.05 28.05 28.08 28.14 28.59 
28.59 28.72 28.72 28.72 27.83 27.83 27.83 27.63 27.68 28.14 28.14 28.59 
28.59 28.72 28.72 27.28 27.43 27.43 27.32 27.68 27.68 28.14 28.14 28.59 
28.59 28.72 27.28 27.28 27.28 27.28 27.28 27.28 27.68 28.14 28.14 28.59 
28.59 27.28 27.28 27.28 27.28 27.28 27.28 27.68 28.14 28.14 28.59 28.59 
