19 11 132
99 4 255 128 33 105 10 2050 01 04 02 30 1
0      0      1      0      0     21
0 12 11 51144.00 2686.00 128 52249.70 4552.50 26000 15000 96
7.77 7.77 7.77 7.77 7.77 7.77 7.77 7.77 7.77 7.77 7.77 7.77 
7.77 7.77 7.77 7.77 7.77 7.77 7.77 7.77 7.77 7.77 7.77 7.77 
7.77 7.77 7.77 7.77 7.77 7.77 7.77 7.77 7.77 7.77 7.77 7.77 
7.77 7.77 7.77 7.77 7.77 7.77 7.77 7.77 7.77 7.77 7.77 7.77 
7.77 7.77 7.77 7.77 7.77 7.77 7.77 7.77 7.77 7.77 7.77 7.77 
7.77 7.77 7.77 7.77 7.77 7.77 7.53 7.70 7.70 7.70 7.71 7.72 
7.73 7.77 7.77 7.77 7.77 7.53 7.53 7.59 7.59 7.60 7.61 7.73 
7.73 7.77 7.77 7.77 7.53 7.53 7.53 7.48 7.49 7.61 7.61 7.73 
7.73 7.77 7.77 7.38 7.42 7.42 7.39 7.49 7.49 7.61 7.61 7.73 
7.73 7.77 7.38 7.38 7.38 7.38 7.38 7.38 7.49 7.61 7.61 7.73 
7.73 7.38 7.38 7.38 7.38 7.38 7.38 7.49 7.61 7.61 7.73 7.73 
