19 11 132
99 4 255 128 33 105 10 2050 01 03 22 30 1
0      0      1      0      0     21
0 12 11 51144.00 2686.00 128 52249.70 4552.50 26000 15000 96
8.66 8.66 8.66 8.66 8.66 8.66 8.66 8.66 8.66 8.66 8.66 8.66 
8.66 8.66 8.66 8.66 8.66 8.66 8.66 8.66 8.66 8.66 8.66 8.66 
8.66 8.66 8.66 8.66 8.66 8.66 8.66 8.66 8.66 8.66 8.66 8.66 
8.66 8.66 8.66 8.66 8.66 8.66 8.66 8.66 8.66 8.66 8.66 8.66 
8.66 8.66 8.66 8.66 8.66 8.66 8.66 8.66 8.66 8.66 8.66 8.66 
8.66 8.66 8.66 8.66 8.66 8.66 8.39 8.59 8.59 8.59 8.59 8.60 
8.62 8.66 8.66 8.66 8.66 8.39 8.39 8.46 8.46 8.47 8.49 8.62 
8.62 8.66 8.66 8.66 8.39 8.39 8.39 8.33 8.35 8.49 8.49 8.62 
8.62 8.66 8.66 8.23 8.27 8.27 8.24 8.35 8.35 8.49 8.49 8.62 
8.62 8.66 8.23 8.23 8.23 8.23 8.23 8.23 8.35 8.49 8.49 8.62 
8.62 8.23 8.23 8.23 8.23 8.23 8.23 8.35 8.49 8.49 8.62 8.62 
