19 11 132
99 4 255 128 33 105 10 2050 01 03 18 30 1
0      0      1      0      0     21
0 12 11 51144.00 2686.00 128 52249.70 4552.50 26000 15000 96
9.75 9.75 9.75 9.75 9.75 9.75 9.75 9.75 9.75 9.75 9.75 9.75 
9.75 9.75 9.75 9.75 9.75 9.75 9.75 9.75 9.75 9.75 9.75 9.75 
9.75 9.75 9.75 9.75 9.75 9.75 9.75 9.75 9.75 9.75 9.75 9.75 
9.75 9.75 9.75 9.75 9.75 9.75 9.75 9.75 9.75 9.75 9.75 9.75 
9.75 9.75 9.75 9.75 9.75 9.75 9.75 9.75 9.75 9.75 9.75 9.75 
9.75 9.75 9.75 9.75 9.75 9.75 9.45 9.67 9.67 9.67 9.68 9.69 
9.71 9.75 9.75 9.75 9.75 9.45 9.45 9.53 9.53 9.54 9.56 9.71 
9.71 9.75 9.75 9.75 9.45 9.45 9.45 9.39 9.40 9.56 9.56 9.71 
9.71 9.75 9.75 9.27 9.32 9.32 9.28 9.40 9.40 9.56 9.56 9.71 
9.71 9.75 9.27 9.27 9.27 9.27 9.27 9.27 9.40 9.56 9.56 9.71 
9.71 9.27 9.27 9.27 9.27 9.27 9.27 9.40 9.56 9.56 9.71 9.71 
