19 11 132
99 4 255 128 33 105 10 2050 01 02 03 30 1
0      0      1      0      0     21
0 12 11 51144.00 2686.00 128 52249.70 4552.50 26000 15000 96
16.51 16.51 16.51 16.51 16.51 16.51 16.51 16.51 16.51 16.51 16.51 16.51 
16.51 16.51 16.51 16.51 16.51 16.51 16.51 16.51 16.51 16.51 16.51 16.51 
16.51 16.51 16.51 16.51 16.51 16.51 16.51 16.51 16.51 16.51 16.51 16.51 
16.51 16.51 16.51 16.51 16.51 16.51 16.51 16.51 16.51 16.51 16.51 16.51 
16.51 16.51 16.51 16.51 16.51 16.51 16.51 16.51 16.51 16.51 16.51 16.51 
16.51 16.51 16.51 16.51 16.51 16.51 15.99 16.36 16.36 16.36 16.38 16.39 
16.43 16.51 16.51 16.51 16.51 15.99 15.99 16.12 16.12 16.14 16.17 16.43 
16.43 16.51 16.51 16.51 15.99 15.99 15.99 15.88 15.91 16.17 16.17 16.43 
16.43 16.51 16.51 15.68 15.77 15.77 15.70 15.91 15.91 16.17 16.17 16.43 
16.43 16.51 15.68 15.68 15.68 15.68 15.68 15.68 15.91 16.17 16.17 16.43 
16.43 15.68 15.68 15.68 15.68 15.68 15.68 15.91 16.17 16.17 16.43 16.43 
