19 11 132
99 4 255 128 33 105 10 2050 01 01 13 00 1
0      0      1      0      0     21
0 12 11 51144.00 2686.00 128 52249.70 4552.50 26000 15000 96
9.60 9.60 9.60 9.60 9.60 9.60 9.60 9.60 9.60 9.60 9.60 9.60 
9.60 9.60 9.60 9.60 9.60 9.60 9.60 9.60 9.60 9.60 9.60 9.60 
9.60 9.60 9.60 9.60 9.60 9.60 9.60 9.60 9.60 9.60 9.60 9.60 
9.60 9.60 9.60 9.60 9.60 9.60 9.60 9.60 9.60 9.60 9.60 9.60 
9.60 9.60 9.60 9.60 9.60 9.60 9.60 9.60 9.60 9.60 9.60 9.60 
9.60 9.60 9.60 9.60 9.60 9.60 9.30 9.52 9.52 9.52 9.53 9.53 
9.56 9.60 9.60 9.60 9.60 9.30 9.30 9.38 9.38 9.39 9.41 9.56 
9.56 9.60 9.60 9.60 9.30 9.30 9.30 9.24 9.26 9.41 9.41 9.56 
9.56 9.60 9.60 9.12 9.17 9.17 9.13 9.26 9.26 9.41 9.41 9.56 
9.56 9.60 9.12 9.12 9.12 9.12 9.12 9.12 9.26 9.41 9.41 9.56 
9.56 9.12 9.12 9.12 9.12 9.12 9.12 9.26 9.41 9.41 9.56 9.56 
