19 11 132
99 4 255 128 33 105 10 2050 01 01 17 30 1
0      0      1      0      0     21
0 12 11 51144.00 2686.00 128 52249.70 4552.50 26000 15000 96
11.11 11.11 11.11 11.11 11.11 11.11 11.11 11.11 11.11 11.11 11.11 11.11 
11.11 11.11 11.11 11.11 11.11 11.11 11.11 11.11 11.11 11.11 11.11 11.11 
11.11 11.11 11.11 11.11 11.11 11.11 11.11 11.11 11.11 11.11 11.11 11.11 
11.11 11.11 11.11 11.11 11.11 11.11 11.11 11.11 11.11 11.11 11.11 11.11 
11.11 11.11 11.11 11.11 11.11 11.11 11.11 11.11 11.11 11.11 11.11 11.11 
11.11 11.11 11.11 11.11 11.11 11.11 10.77 11.01 11.01 11.01 11.03 11.04 
11.06 11.11 11.11 11.11 11.11 10.77 10.77 10.85 10.85 10.86 10.89 11.06 
11.06 11.11 11.11 11.11 10.77 10.77 10.77 10.69 10.71 10.89 10.89 11.06 
11.06 11.11 11.11 10.56 10.61 10.61 10.57 10.71 10.71 10.89 10.89 11.06 
11.06 11.11 10.56 10.56 10.56 10.56 10.56 10.56 10.71 10.89 10.89 11.06 
11.06 10.56 10.56 10.56 10.56 10.56 10.56 10.71 10.89 10.89 11.06 11.06 
