19 11 132
99 4 255 128 33 105 10 2050 01 03 07 00 1
0      0      1      0      0     21
0 12 11 51144.00 2686.00 128 52249.70 4552.50 26000 15000 96
14.80 14.80 14.80 14.80 14.80 14.80 14.80 14.80 14.80 14.80 14.80 14.80 
14.80 14.80 14.80 14.80 14.80 14.80 14.80 14.80 14.80 14.80 14.80 14.80 
14.80 14.80 14.80 14.80 14.80 14.80 14.80 14.80 14.80 14.80 14.80 14.80 
14.80 14.80 14.80 14.80 14.80 14.80 14.80 14.80 14.80 14.80 14.80 14.80 
14.80 14.80 14.80 14.80 14.80 14.80 14.80 14.80 14.80 14.80 14.80 14.80 
14.80 14.80 14.80 14.80 14.80 14.80 14.34 14.67 14.67 14.67 14.68 14.70 
14.73 14.80 14.80 14.80 14.80 14.34 14.34 14.45 14.45 14.47 14.50 14.73 
14.73 14.80 14.80 14.80 14.34 14.34 14.34 14.24 14.27 14.50 14.50 14.73 
14.73 14.80 14.80 14.06 14.13 14.13 14.08 14.27 14.27 14.50 14.50 14.73 
14.73 14.80 14.06 14.06 14.06 14.06 14.06 14.06 14.27 14.50 14.50 14.73 
14.73 14.06 14.06 14.06 14.06 14.06 14.06 14.27 14.50 14.50 14.73 14.73 
