19 11 132
99 4 255 128 33 105 10 2050 01 03 16 00 1
0      0      1      0      0     21
0 12 11 51144.00 2686.00 128 52249.70 4552.50 26000 15000 96
10.57 10.57 10.57 10.57 10.57 10.57 10.57 10.57 10.57 10.57 10.57 10.57 
10.57 10.57 10.57 10.57 10.57 10.57 10.57 10.57 10.57 10.57 10.57 10.57 
10.57 10.57 10.57 10.57 10.57 10.57 10.57 10.57 10.57 10.57 10.57 10.57 
10.57 10.57 10.57 10.57 10.57 10.57 10.57 10.57 10.57 10.57 10.57 10.57 
10.57 10.57 10.57 10.57 10.57 10.57 10.57 10.57 10.57 10.57 10.57 10.57 
10.57 10.57 10.57 10.57 10.57 10.57 10.24 10.48 10.48 10.48 10.49 10.50 
10.52 10.57 10.57 10.57 10.57 10.24 10.24 10.32 10.32 10.33 10.36 10.52 
10.52 10.57 10.57 10.57 10.24 10.24 10.24 10.17 10.19 10.36 10.36 10.52 
10.52 10.57 10.57 10.04 10.10 10.10 10.05 10.19 10.19 10.36 10.36 10.52 
10.52 10.57 10.04 10.04 10.04 10.04 10.04 10.04 10.19 10.36 10.36 10.52 
10.52 10.04 10.04 10.04 10.04 10.04 10.04 10.19 10.36 10.36 10.52 10.52 
