19 11 132
99 4 255 128 33 105 10 2050 01 01 18 30 1
0      0      1      0      0     21
0 12 11 51144.00 2686.00 128 52249.70 4552.50 26000 15000 96
11.51 11.51 11.51 11.51 11.51 11.51 11.51 11.51 11.51 11.51 11.51 11.51 
11.51 11.51 11.51 11.51 11.51 11.51 11.51 11.51 11.51 11.51 11.51 11.51 
11.51 11.51 11.51 11.51 11.51 11.51 11.51 11.51 11.51 11.51 11.51 11.51 
11.51 11.51 11.51 11.51 11.51 11.51 11.51 11.51 11.51 11.51 11.51 11.51 
11.51 11.51 11.51 11.51 11.51 11.51 11.51 11.51 11.51 11.51 11.51 11.51 
11.51 11.51 11.51 11.51 11.51 11.51 11.15 11.40 11.40 11.40 11.42 11.43 
11.45 11.51 11.51 11.51 11.51 11.15 11.15 11.24 11.24 11.25 11.27 11.45 
11.45 11.51 11.51 11.51 11.15 11.15 11.15 11.07 11.09 11.27 11.27 11.45 
11.45 11.51 11.51 10.93 10.99 10.99 10.94 11.09 11.09 11.27 11.27 11.45 
11.45 11.51 10.93 10.93 10.93 10.93 10.93 10.93 11.09 11.27 11.27 11.45 
11.45 10.93 10.93 10.93 10.93 10.93 10.93 11.09 11.27 11.27 11.45 11.45 
