19 11 132
99 4 255 128 33 105 10 2050 01 03 20 30 1
0      0      1      0      0     21
0 12 11 51144.00 2686.00 128 52249.70 4552.50 26000 15000 96
9.18 9.18 9.18 9.18 9.18 9.18 9.18 9.18 9.18 9.18 9.18 9.18 
9.18 9.18 9.18 9.18 9.18 9.18 9.18 9.18 9.18 9.18 9.18 9.18 
9.18 9.18 9.18 9.18 9.18 9.18 9.18 9.18 9.18 9.18 9.18 9.18 
9.18 9.18 9.18 9.18 9.18 9.18 9.18 9.18 9.18 9.18 9.18 9.18 
9.18 9.18 9.18 9.18 9.18 9.18 9.18 9.18 9.18 9.18 9.18 9.18 
9.18 9.18 9.18 9.18 9.18 9.18 8.89 9.10 9.10 9.10 9.11 9.12 
9.14 9.18 9.18 9.18 9.18 8.89 8.89 8.97 8.97 8.97 8.99 9.14 
9.14 9.18 9.18 9.18 8.89 8.89 8.89 8.83 8.85 8.99 8.99 9.14 
9.14 9.18 9.18 8.72 8.77 8.77 8.73 8.85 8.85 8.99 8.99 9.14 
9.14 9.18 8.72 8.72 8.72 8.72 8.72 8.72 8.85 8.99 8.99 9.14 
9.14 8.72 8.72 8.72 8.72 8.72 8.72 8.85 8.99 8.99 9.14 9.14 
