19 11 132
99 4 255 128 33 105 10 2050 01 03 21 30 1
0      0      1      0      0     21
0 12 11 51144.00 2686.00 128 52249.70 4552.50 26000 15000 96
8.91 8.91 8.91 8.91 8.91 8.91 8.91 8.91 8.91 8.91 8.91 8.91 
8.91 8.91 8.91 8.91 8.91 8.91 8.91 8.91 8.91 8.91 8.91 8.91 
8.91 8.91 8.91 8.91 8.91 8.91 8.91 8.91 8.91 8.91 8.91 8.91 
8.91 8.91 8.91 8.91 8.91 8.91 8.91 8.91 8.91 8.91 8.91 8.91 
8.91 8.91 8.91 8.91 8.91 8.91 8.91 8.91 8.91 8.91 8.91 8.91 
8.91 8.91 8.91 8.91 8.91 8.91 8.64 8.84 8.84 8.84 8.84 8.85 
8.87 8.91 8.91 8.91 8.91 8.64 8.64 8.71 8.71 8.71 8.73 8.87 
8.87 8.91 8.91 8.91 8.64 8.64 8.64 8.58 8.59 8.73 8.73 8.87 
8.87 8.91 8.91 8.47 8.51 8.51 8.48 8.59 8.59 8.73 8.73 8.87 
8.87 8.91 8.47 8.47 8.47 8.47 8.47 8.47 8.59 8.73 8.73 8.87 
8.87 8.47 8.47 8.47 8.47 8.47 8.47 8.59 8.73 8.73 8.87 8.87 
