19 11 132
99 4 255 128 33 105 10 2050 01 02 13 00 1
0      0      1      0      0     21
0 12 11 51144.00 2686.00 128 52249.70 4552.50 26000 15000 96
27.13 27.13 27.13 27.13 27.13 27.13 27.13 27.13 27.13 27.13 27.13 27.13 
27.13 27.13 27.13 27.13 27.13 27.13 27.13 27.13 27.13 27.13 27.13 27.13 
27.13 27.13 27.13 27.13 27.13 27.13 27.13 27.13 27.13 27.13 27.13 27.13 
27.13 27.13 27.13 27.13 27.13 27.13 27.13 27.13 27.13 27.13 27.13 27.13 
27.13 27.13 27.13 27.13 27.13 27.13 27.13 27.13 27.13 27.13 27.13 27.13 
27.13 27.13 27.13 27.13 27.13 27.13 26.29 26.90 26.90 26.90 26.92 26.95 
27.01 27.13 27.13 27.13 27.13 26.29 26.29 26.50 26.50 26.53 26.59 27.01 
27.01 27.13 27.13 27.13 26.29 26.29 26.29 26.11 26.16 26.59 26.59 27.01 
27.01 27.13 27.13 25.78 25.92 25.92 25.81 26.16 26.16 26.59 26.59 27.01 
27.01 27.13 25.78 25.78 25.78 25.78 25.78 25.78 26.16 26.59 26.59 27.01 
27.01 25.78 25.78 25.78 25.78 25.78 25.78 26.16 26.59 26.59 27.01 27.01 
