19 11 132
99 4 255 128 33 105 10 2050 01 02 02 00 1
0      0      1      0      0     21
0 12 11 51144.00 2686.00 128 52249.70 4552.50 26000 15000 96
15.44 15.44 15.44 15.44 15.44 15.44 15.44 15.44 15.44 15.44 15.44 15.44 
15.44 15.44 15.44 15.44 15.44 15.44 15.44 15.44 15.44 15.44 15.44 15.44 
15.44 15.44 15.44 15.44 15.44 15.44 15.44 15.44 15.44 15.44 15.44 15.44 
15.44 15.44 15.44 15.44 15.44 15.44 15.44 15.44 15.44 15.44 15.44 15.44 
15.44 15.44 15.44 15.44 15.44 15.44 15.44 15.44 15.44 15.44 15.44 15.44 
15.44 15.44 15.44 15.44 15.44 15.44 14.96 15.30 15.30 15.30 15.32 15.33 
15.37 15.44 15.44 15.44 15.44 14.96 14.96 15.08 15.08 15.09 15.13 15.37 
15.37 15.44 15.44 15.44 14.96 14.96 14.96 14.86 14.88 15.13 15.13 15.37 
15.37 15.44 15.44 14.67 14.75 14.75 14.68 14.88 14.88 15.13 15.13 15.37 
15.37 15.44 14.67 14.67 14.67 14.67 14.67 14.67 14.88 15.13 15.13 15.37 
15.37 14.67 14.67 14.67 14.67 14.67 14.67 14.88 15.13 15.13 15.37 15.37 
