19 11 132
99 4 255 128 33 105 10 2050 01 03 05 00 1
0      0      1      0      0     21
0 12 11 51144.00 2686.00 128 52249.70 4552.50 26000 15000 96
16.15 16.15 16.15 16.15 16.15 16.15 16.15 16.15 16.15 16.15 16.15 16.15 
16.15 16.15 16.15 16.15 16.15 16.15 16.15 16.15 16.15 16.15 16.15 16.15 
16.15 16.15 16.15 16.15 16.15 16.15 16.15 16.15 16.15 16.15 16.15 16.15 
16.15 16.15 16.15 16.15 16.15 16.15 16.15 16.15 16.15 16.15 16.15 16.15 
16.15 16.15 16.15 16.15 16.15 16.15 16.15 16.15 16.15 16.15 16.15 16.15 
16.15 16.15 16.15 16.15 16.15 16.15 15.65 16.01 16.01 16.01 16.02 16.04 
16.08 16.15 16.15 16.15 16.15 15.65 15.65 15.77 15.77 15.79 15.82 16.08 
16.08 16.15 16.15 16.15 15.65 15.65 15.65 15.54 15.57 15.82 15.82 16.08 
16.08 16.15 16.15 15.34 15.42 15.42 15.36 15.57 15.57 15.82 15.82 16.08 
16.08 16.15 15.34 15.34 15.34 15.34 15.34 15.34 15.57 15.82 15.82 16.08 
16.08 15.34 15.34 15.34 15.34 15.34 15.34 15.57 15.82 15.82 16.08 16.08 
