19 11 132
99 4 255 128 33 105 10 2050 01 02 22 30 1
0      0      1      0      0     21
0 12 11 51144.00 2686.00 128 52249.70 4552.50 26000 15000 96
22.30 22.30 22.30 22.30 22.30 22.30 22.30 22.30 22.30 22.30 22.30 22.30 
22.30 22.30 22.30 22.30 22.30 22.30 22.30 22.30 22.30 22.30 22.30 22.30 
22.30 22.30 22.30 22.30 22.30 22.30 22.30 22.30 22.30 22.30 22.30 22.30 
22.30 22.30 22.30 22.30 22.30 22.30 22.30 22.30 22.30 22.30 22.30 22.30 
22.30 22.30 22.30 22.30 22.30 22.30 22.30 22.30 22.30 22.30 22.30 22.30 
22.30 22.30 22.30 22.30 22.30 22.30 21.61 22.10 22.10 22.10 22.13 22.15 
22.20 22.30 22.30 22.30 22.30 21.61 21.61 21.78 21.78 21.80 21.85 22.20 
22.20 22.30 22.30 22.30 21.61 21.61 21.61 21.46 21.50 21.85 21.85 22.20 
22.20 22.30 22.30 21.18 21.30 21.30 21.21 21.50 21.50 21.85 21.85 22.20 
22.20 22.30 21.18 21.18 21.18 21.18 21.18 21.18 21.50 21.85 21.85 22.20 
22.20 21.18 21.18 21.18 21.18 21.18 21.18 21.50 21.85 21.85 22.20 22.20 
