19 11 132
99 4 255 128 33 105 10 2050 01 02 20 30 1
0      0      1      0      0     21
0 12 11 51144.00 2686.00 128 52249.70 4552.50 26000 15000 96
24.92 24.92 24.92 24.92 24.92 24.92 24.92 24.92 24.92 24.92 24.92 24.92 
24.92 24.92 24.92 24.92 24.92 24.92 24.92 24.92 24.92 24.92 24.92 24.92 
24.92 24.92 24.92 24.92 24.92 24.92 24.92 24.92 24.92 24.92 24.92 24.92 
24.92 24.92 24.92 24.92 24.92 24.92 24.92 24.92 24.92 24.92 24.92 24.92 
24.92 24.92 24.92 24.92 24.92 24.92 24.92 24.92 24.92 24.92 24.92 24.92 
24.92 24.92 24.92 24.92 24.92 24.92 24.15 24.71 24.71 24.71 24.73 24.75 
24.82 24.92 24.92 24.92 24.92 24.15 24.15 24.35 24.35 24.37 24.42 24.82 
24.82 24.92 24.92 24.92 24.15 24.15 24.15 23.98 24.03 24.42 24.42 24.82 
24.82 24.92 24.92 23.68 23.81 23.81 23.71 24.03 24.03 24.42 24.42 24.82 
24.82 24.92 23.68 23.68 23.68 23.68 23.68 23.68 24.03 24.42 24.42 24.82 
24.82 23.68 23.68 23.68 23.68 23.68 23.68 24.03 24.42 24.42 24.82 24.82 
