19 11 132
99 4 255 128 33 105 10 2050 01 03 10 00 1
0      0      1      0      0     21
0 12 11 51144.00 2686.00 128 52249.70 4552.50 26000 15000 96
13.10 13.10 13.10 13.10 13.10 13.10 13.10 13.10 13.10 13.10 13.10 13.10 
13.10 13.10 13.10 13.10 13.10 13.10 13.10 13.10 13.10 13.10 13.10 13.10 
13.10 13.10 13.10 13.10 13.10 13.10 13.10 13.10 13.10 13.10 13.10 13.10 
13.10 13.10 13.10 13.10 13.10 13.10 13.10 13.10 13.10 13.10 13.10 13.10 
13.10 13.10 13.10 13.10 13.10 13.10 13.10 13.10 13.10 13.10 13.10 13.10 
13.10 13.10 13.10 13.10 13.10 13.10 12.70 12.99 12.99 12.99 13.00 13.01 
13.05 13.10 13.10 13.10 13.10 12.70 12.70 12.80 12.80 12.81 12.84 13.05 
13.05 13.10 13.10 13.10 12.70 12.70 12.70 12.61 12.63 12.84 12.84 13.05 
13.05 13.10 13.10 12.45 12.52 12.52 12.46 12.63 12.63 12.84 12.84 13.05 
13.05 13.10 12.45 12.45 12.45 12.45 12.45 12.45 12.63 12.84 12.84 13.05 
13.05 12.45 12.45 12.45 12.45 12.45 12.45 12.63 12.84 12.84 13.05 13.05 
