19 11 132
99 4 255 128 33 105 10 2050 01 04 07 30 1
0      0      1      0      0     21
0 12 11 51144.00 2686.00 128 52249.70 4552.50 26000 15000 96
6.86 6.86 6.86 6.86 6.86 6.86 6.86 6.86 6.86 6.86 6.86 6.86 
6.86 6.86 6.86 6.86 6.86 6.86 6.86 6.86 6.86 6.86 6.86 6.86 
6.86 6.86 6.86 6.86 6.86 6.86 6.86 6.86 6.86 6.86 6.86 6.86 
6.86 6.86 6.86 6.86 6.86 6.86 6.86 6.86 6.86 6.86 6.86 6.86 
6.86 6.86 6.86 6.86 6.86 6.86 6.86 6.86 6.86 6.86 6.86 6.86 
6.86 6.86 6.86 6.86 6.86 6.86 6.65 6.80 6.80 6.80 6.81 6.82 
6.83 6.86 6.86 6.86 6.86 6.65 6.65 6.70 6.70 6.71 6.72 6.83 
6.83 6.86 6.86 6.86 6.65 6.65 6.65 6.60 6.62 6.72 6.72 6.83 
6.83 6.86 6.86 6.52 6.56 6.56 6.53 6.62 6.62 6.72 6.72 6.83 
6.83 6.86 6.52 6.52 6.52 6.52 6.52 6.52 6.62 6.72 6.72 6.83 
6.83 6.52 6.52 6.52 6.52 6.52 6.52 6.62 6.72 6.72 6.83 6.83 
