19 11 132
99 4 255 128 33 105 10 2050 01 02 06 30 1
0      0      1      0      0     21
0 12 11 51144.00 2686.00 128 52249.70 4552.50 26000 15000 96
19.05 19.05 19.05 19.05 19.05 19.05 19.05 19.05 19.05 19.05 19.05 19.05 
19.05 19.05 19.05 19.05 19.05 19.05 19.05 19.05 19.05 19.05 19.05 19.05 
19.05 19.05 19.05 19.05 19.05 19.05 19.05 19.05 19.05 19.05 19.05 19.05 
19.05 19.05 19.05 19.05 19.05 19.05 19.05 19.05 19.05 19.05 19.05 19.05 
19.05 19.05 19.05 19.05 19.05 19.05 19.05 19.05 19.05 19.05 19.05 19.05 
19.05 19.05 19.05 19.05 19.05 19.05 18.46 18.89 18.89 18.89 18.90 18.92 
18.97 19.05 19.05 19.05 19.05 18.46 18.46 18.61 18.61 18.63 18.67 18.97 
18.97 19.05 19.05 19.05 18.46 18.46 18.46 18.33 18.37 18.67 18.67 18.97 
18.97 19.05 19.05 18.10 18.20 18.20 18.12 18.37 18.37 18.67 18.67 18.97 
18.97 19.05 18.10 18.10 18.10 18.10 18.10 18.10 18.37 18.67 18.67 18.97 
18.97 18.10 18.10 18.10 18.10 18.10 18.10 18.37 18.67 18.67 18.97 18.97 
