19 11 132
99 4 255 128 33 105 10 2050 01 03 12 30 1
0      0      1      0      0     21
0 12 11 51144.00 2686.00 128 52249.70 4552.50 26000 15000 96
11.93 11.93 11.93 11.93 11.93 11.93 11.93 11.93 11.93 11.93 11.93 11.93 
11.93 11.93 11.93 11.93 11.93 11.93 11.93 11.93 11.93 11.93 11.93 11.93 
11.93 11.93 11.93 11.93 11.93 11.93 11.93 11.93 11.93 11.93 11.93 11.93 
11.93 11.93 11.93 11.93 11.93 11.93 11.93 11.93 11.93 11.93 11.93 11.93 
11.93 11.93 11.93 11.93 11.93 11.93 11.93 11.93 11.93 11.93 11.93 11.93 
11.93 11.93 11.93 11.93 11.93 11.93 11.56 11.83 11.83 11.83 11.84 11.85 
11.88 11.93 11.93 11.93 11.93 11.56 11.56 11.65 11.65 11.66 11.69 11.88 
11.88 11.93 11.93 11.93 11.56 11.56 11.56 11.48 11.50 11.69 11.69 11.88 
11.88 11.93 11.93 11.33 11.40 11.40 11.35 11.50 11.50 11.69 11.69 11.88 
11.88 11.93 11.33 11.33 11.33 11.33 11.33 11.33 11.50 11.69 11.69 11.88 
11.88 11.33 11.33 11.33 11.33 11.33 11.33 11.50 11.69 11.69 11.88 11.88 
