19 11 132
99 4 255 128 33 105 10 2050 01 03 21 00 1
0      0      1      0      0     21
0 12 11 51144.00 2686.00 128 52249.70 4552.50 26000 15000 96
9.04 9.04 9.04 9.04 9.04 9.04 9.04 9.04 9.04 9.04 9.04 9.04 
9.04 9.04 9.04 9.04 9.04 9.04 9.04 9.04 9.04 9.04 9.04 9.04 
9.04 9.04 9.04 9.04 9.04 9.04 9.04 9.04 9.04 9.04 9.04 9.04 
9.04 9.04 9.04 9.04 9.04 9.04 9.04 9.04 9.04 9.04 9.04 9.04 
9.04 9.04 9.04 9.04 9.04 9.04 9.04 9.04 9.04 9.04 9.04 9.04 
9.04 9.04 9.04 9.04 9.04 9.04 8.76 8.97 8.97 8.97 8.97 8.98 
9.00 9.04 9.04 9.04 9.04 8.76 8.76 8.83 8.83 8.84 8.86 9.00 
9.00 9.04 9.04 9.04 8.76 8.76 8.76 8.70 8.72 8.86 8.86 9.00 
9.00 9.04 9.04 8.59 8.64 8.64 8.60 8.72 8.72 8.86 8.86 9.00 
9.00 9.04 8.59 8.59 8.59 8.59 8.59 8.59 8.72 8.86 8.86 9.00 
9.00 8.59 8.59 8.59 8.59 8.59 8.59 8.72 8.86 8.86 9.00 9.00 
