19 11 132
99 4 255 128 33 105 10 2050 01 04 09 30 1
0      0      1      0      0     21
0 12 11 51144.00 2686.00 128 52249.70 4552.50 26000 15000 96
6.55 6.55 6.55 6.55 6.55 6.55 6.55 6.55 6.55 6.55 6.55 6.55 
6.55 6.55 6.55 6.55 6.55 6.55 6.55 6.55 6.55 6.55 6.55 6.55 
6.55 6.55 6.55 6.55 6.55 6.55 6.55 6.55 6.55 6.55 6.55 6.55 
6.55 6.55 6.55 6.55 6.55 6.55 6.55 6.55 6.55 6.55 6.55 6.55 
6.55 6.55 6.55 6.55 6.55 6.55 6.55 6.55 6.55 6.55 6.55 6.55 
6.55 6.55 6.55 6.55 6.55 6.55 6.35 6.49 6.49 6.49 6.50 6.51 
6.52 6.55 6.55 6.55 6.55 6.35 6.35 6.40 6.40 6.41 6.42 6.52 
6.52 6.55 6.55 6.55 6.35 6.35 6.35 6.30 6.32 6.42 6.42 6.52 
6.52 6.55 6.55 6.22 6.26 6.26 6.23 6.32 6.32 6.42 6.42 6.52 
6.52 6.55 6.22 6.22 6.22 6.22 6.22 6.22 6.32 6.42 6.42 6.52 
6.52 6.22 6.22 6.22 6.22 6.22 6.22 6.32 6.42 6.42 6.52 6.52 
