19 11 132
99 4 255 128 33 105 10 2050 01 03 06 00 1
0      0      1      0      0     21
0 12 11 51144.00 2686.00 128 52249.70 4552.50 26000 15000 96
15.45 15.45 15.45 15.45 15.45 15.45 15.45 15.45 15.45 15.45 15.45 15.45 
15.45 15.45 15.45 15.45 15.45 15.45 15.45 15.45 15.45 15.45 15.45 15.45 
15.45 15.45 15.45 15.45 15.45 15.45 15.45 15.45 15.45 15.45 15.45 15.45 
15.45 15.45 15.45 15.45 15.45 15.45 15.45 15.45 15.45 15.45 15.45 15.45 
15.45 15.45 15.45 15.45 15.45 15.45 15.45 15.45 15.45 15.45 15.45 15.45 
15.45 15.45 15.45 15.45 15.45 15.45 14.97 15.31 15.31 15.31 15.33 15.34 
15.38 15.45 15.45 15.45 15.45 14.97 14.97 15.09 15.09 15.10 15.14 15.38 
15.38 15.45 15.45 15.45 14.97 14.97 14.97 14.86 14.89 15.14 15.14 15.38 
15.38 15.45 15.45 14.67 14.76 14.76 14.69 14.89 14.89 15.14 15.14 15.38 
15.38 15.45 14.67 14.67 14.67 14.67 14.67 14.67 14.89 15.14 15.14 15.38 
15.38 14.67 14.67 14.67 14.67 14.67 14.67 14.89 15.14 15.14 15.38 15.38 
