19 11 132
99 4 255 128 33 105 10 2050 01 03 17 30 1
0      0      1      0      0     21
0 12 11 51144.00 2686.00 128 52249.70 4552.50 26000 15000 96
10.07 10.07 10.07 10.07 10.07 10.07 10.07 10.07 10.07 10.07 10.07 10.07 
10.07 10.07 10.07 10.07 10.07 10.07 10.07 10.07 10.07 10.07 10.07 10.07 
10.07 10.07 10.07 10.07 10.07 10.07 10.07 10.07 10.07 10.07 10.07 10.07 
10.07 10.07 10.07 10.07 10.07 10.07 10.07 10.07 10.07 10.07 10.07 10.07 
10.07 10.07 10.07 10.07 10.07 10.07 10.07 10.07 10.07 10.07 10.07 10.07 
10.07 10.07 10.07 10.07 10.07 10.07 9.75 9.98 9.98 9.98 9.99 10.00 
10.02 10.07 10.07 10.07 10.07 9.75 9.75 9.83 9.83 9.84 9.86 10.02 
10.02 10.07 10.07 10.07 9.75 9.75 9.75 9.69 9.70 9.86 9.86 10.02 
10.02 10.07 10.07 9.56 9.62 9.62 9.57 9.70 9.70 9.86 9.86 10.02 
10.02 10.07 9.56 9.56 9.56 9.56 9.56 9.56 9.70 9.86 9.86 10.02 
10.02 9.56 9.56 9.56 9.56 9.56 9.56 9.70 9.86 9.86 10.02 10.02 
