19 11 132
99 4 255 128 33 105 10 2050 01 01 16 30 1
0      0      1      0      0     21
0 12 11 51144.00 2686.00 128 52249.70 4552.50 26000 15000 96
10.74 10.74 10.74 10.74 10.74 10.74 10.74 10.74 10.74 10.74 10.74 10.74 
10.74 10.74 10.74 10.74 10.74 10.74 10.74 10.74 10.74 10.74 10.74 10.74 
10.74 10.74 10.74 10.74 10.74 10.74 10.74 10.74 10.74 10.74 10.74 10.74 
10.74 10.74 10.74 10.74 10.74 10.74 10.74 10.74 10.74 10.74 10.74 10.74 
10.74 10.74 10.74 10.74 10.74 10.74 10.74 10.74 10.74 10.74 10.74 10.74 
10.74 10.74 10.74 10.74 10.74 10.74 10.41 10.65 10.65 10.65 10.66 10.67 
10.69 10.74 10.74 10.74 10.74 10.41 10.41 10.49 10.49 10.50 10.52 10.69 
10.69 10.74 10.74 10.74 10.41 10.41 10.41 10.34 10.35 10.52 10.52 10.69 
10.69 10.74 10.74 10.20 10.26 10.26 10.22 10.35 10.35 10.52 10.52 10.69 
10.69 10.74 10.20 10.20 10.20 10.20 10.20 10.20 10.35 10.52 10.52 10.69 
10.69 10.20 10.20 10.20 10.20 10.20 10.20 10.35 10.52 10.52 10.69 10.69 
