19 11 132
99 4 255 128 33 105 10 2050 01 03 03 00 1
0      0      1      0      0     21
0 12 11 51144.00 2686.00 128 52249.70 4552.50 26000 15000 96
17.72 17.72 17.72 17.72 17.72 17.72 17.72 17.72 17.72 17.72 17.72 17.72 
17.72 17.72 17.72 17.72 17.72 17.72 17.72 17.72 17.72 17.72 17.72 17.72 
17.72 17.72 17.72 17.72 17.72 17.72 17.72 17.72 17.72 17.72 17.72 17.72 
17.72 17.72 17.72 17.72 17.72 17.72 17.72 17.72 17.72 17.72 17.72 17.72 
17.72 17.72 17.72 17.72 17.72 17.72 17.72 17.72 17.72 17.72 17.72 17.72 
17.72 17.72 17.72 17.72 17.72 17.72 17.17 17.56 17.56 17.56 17.58 17.59 
17.64 17.72 17.72 17.72 17.72 17.17 17.17 17.30 17.30 17.32 17.36 17.64 
17.64 17.72 17.72 17.72 17.17 17.17 17.17 17.05 17.08 17.36 17.36 17.64 
17.64 17.72 17.72 16.83 16.92 16.92 16.85 17.08 17.08 17.36 17.36 17.64 
17.64 17.72 16.83 16.83 16.83 16.83 16.83 16.83 17.08 17.36 17.36 17.64 
17.64 16.83 16.83 16.83 16.83 16.83 16.83 17.08 17.36 17.36 17.64 17.64 
