19 11 132
99 4 255 128 33 105 10 2050 01 03 07 30 1
0      0      1      0      0     21
0 12 11 51144.00 2686.00 128 52249.70 4552.50 26000 15000 96
14.49 14.49 14.49 14.49 14.49 14.49 14.49 14.49 14.49 14.49 14.49 14.49 
14.49 14.49 14.49 14.49 14.49 14.49 14.49 14.49 14.49 14.49 14.49 14.49 
14.49 14.49 14.49 14.49 14.49 14.49 14.49 14.49 14.49 14.49 14.49 14.49 
14.49 14.49 14.49 14.49 14.49 14.49 14.49 14.49 14.49 14.49 14.49 14.49 
14.49 14.49 14.49 14.49 14.49 14.49 14.49 14.49 14.49 14.49 14.49 14.49 
14.49 14.49 14.49 14.49 14.49 14.49 14.04 14.36 14.36 14.36 14.38 14.39 
14.43 14.49 14.49 14.49 14.49 14.04 14.04 14.15 14.15 14.17 14.20 14.43 
14.43 14.49 14.49 14.49 14.04 14.04 14.04 13.94 13.97 14.20 14.20 14.43 
14.43 14.49 14.49 13.77 13.84 13.84 13.78 13.97 13.97 14.20 14.20 14.43 
14.43 14.49 13.77 13.77 13.77 13.77 13.77 13.77 13.97 14.20 14.20 14.43 
14.43 13.77 13.77 13.77 13.77 13.77 13.77 13.97 14.20 14.20 14.43 14.43 
