19 11 132
99 4 255 128 33 105 10 2050 01 01 06 30 1
0      0      1      0      0     21
0 12 11 51144.00 2686.00 128 52249.70 4552.50 26000 15000 96
7.97 7.97 7.97 7.97 7.97 7.97 7.97 7.97 7.97 7.97 7.97 7.97 
7.97 7.97 7.97 7.97 7.97 7.97 7.97 7.97 7.97 7.97 7.97 7.97 
7.97 7.97 7.97 7.97 7.97 7.97 7.97 7.97 7.97 7.97 7.97 7.97 
7.97 7.97 7.97 7.97 7.97 7.97 7.97 7.97 7.97 7.97 7.97 7.97 
7.97 7.97 7.97 7.97 7.97 7.97 7.97 7.97 7.97 7.97 7.97 7.97 
7.97 7.97 7.97 7.97 7.97 7.97 7.73 7.90 7.90 7.90 7.91 7.92 
7.94 7.97 7.97 7.97 7.97 7.73 7.73 7.79 7.79 7.80 7.81 7.94 
7.94 7.97 7.97 7.97 7.73 7.73 7.73 7.67 7.69 7.81 7.81 7.94 
7.94 7.97 7.97 7.57 7.62 7.62 7.58 7.69 7.69 7.81 7.81 7.94 
7.94 7.97 7.57 7.57 7.57 7.57 7.57 7.57 7.69 7.81 7.81 7.94 
7.94 7.57 7.57 7.57 7.57 7.57 7.57 7.69 7.81 7.81 7.94 7.94 
