19 11 132
99 4 255 128 33 105 10 2050 01 02 11 30 1
0      0      1      0      0     21
0 12 11 51144.00 2686.00 128 52249.70 4552.50 26000 15000 96
24.91 24.91 24.91 24.91 24.91 24.91 24.91 24.91 24.91 24.91 24.91 24.91 
24.91 24.91 24.91 24.91 24.91 24.91 24.91 24.91 24.91 24.91 24.91 24.91 
24.91 24.91 24.91 24.91 24.91 24.91 24.91 24.91 24.91 24.91 24.91 24.91 
24.91 24.91 24.91 24.91 24.91 24.91 24.91 24.91 24.91 24.91 24.91 24.91 
24.91 24.91 24.91 24.91 24.91 24.91 24.91 24.91 24.91 24.91 24.91 24.91 
24.91 24.91 24.91 24.91 24.91 24.91 24.13 24.69 24.69 24.69 24.71 24.74 
24.80 24.91 24.91 24.91 24.91 24.13 24.13 24.33 24.33 24.35 24.40 24.80 
24.80 24.91 24.91 24.91 24.13 24.13 24.13 23.97 24.01 24.40 24.40 24.80 
24.80 24.91 24.91 23.66 23.79 23.79 23.69 24.01 24.01 24.40 24.40 24.80 
24.80 24.91 23.66 23.66 23.66 23.66 23.66 23.66 24.01 24.40 24.40 24.80 
24.80 23.66 23.66 23.66 23.66 23.66 23.66 24.01 24.40 24.40 24.80 24.80 
