19 11 132
99 4 255 128 33 105 10 2050 01 04 08 30 1
0      0      1      0      0     21
0 12 11 51144.00 2686.00 128 52249.70 4552.50 26000 15000 96
6.70 6.70 6.70 6.70 6.70 6.70 6.70 6.70 6.70 6.70 6.70 6.70 
6.70 6.70 6.70 6.70 6.70 6.70 6.70 6.70 6.70 6.70 6.70 6.70 
6.70 6.70 6.70 6.70 6.70 6.70 6.70 6.70 6.70 6.70 6.70 6.70 
6.70 6.70 6.70 6.70 6.70 6.70 6.70 6.70 6.70 6.70 6.70 6.70 
6.70 6.70 6.70 6.70 6.70 6.70 6.70 6.70 6.70 6.70 6.70 6.70 
6.70 6.70 6.70 6.70 6.70 6.70 6.50 6.65 6.65 6.65 6.65 6.66 
6.67 6.70 6.70 6.70 6.70 6.50 6.50 6.55 6.55 6.55 6.57 6.67 
6.67 6.70 6.70 6.70 6.50 6.50 6.50 6.45 6.46 6.57 6.57 6.67 
6.67 6.70 6.70 6.37 6.40 6.40 6.38 6.46 6.46 6.57 6.57 6.67 
6.67 6.70 6.37 6.37 6.37 6.37 6.37 6.37 6.46 6.57 6.57 6.67 
6.67 6.37 6.37 6.37 6.37 6.37 6.37 6.46 6.57 6.57 6.67 6.67 
