19 11 132
99 4 255 128 33 105 10 2050 01 02 12 30 1
0      0      1      0      0     21
0 12 11 51144.00 2686.00 128 52249.70 4552.50 26000 15000 96
26.37 26.37 26.37 26.37 26.37 26.37 26.37 26.37 26.37 26.37 26.37 26.37 
26.37 26.37 26.37 26.37 26.37 26.37 26.37 26.37 26.37 26.37 26.37 26.37 
26.37 26.37 26.37 26.37 26.37 26.37 26.37 26.37 26.37 26.37 26.37 26.37 
26.37 26.37 26.37 26.37 26.37 26.37 26.37 26.37 26.37 26.37 26.37 26.37 
26.37 26.37 26.37 26.37 26.37 26.37 26.37 26.37 26.37 26.37 26.37 26.37 
26.37 26.37 26.37 26.37 26.37 26.37 25.55 26.14 26.14 26.14 26.16 26.19 
26.25 26.37 26.37 26.37 26.37 25.55 25.55 25.75 25.75 25.78 25.84 26.25 
26.25 26.37 26.37 26.37 25.55 25.55 25.55 25.37 25.42 25.84 25.84 26.25 
26.25 26.37 26.37 25.05 25.19 25.19 25.08 25.42 25.42 25.84 25.84 26.25 
26.25 26.37 25.05 25.05 25.05 25.05 25.05 25.05 25.42 25.84 25.84 26.25 
26.25 25.05 25.05 25.05 25.05 25.05 25.05 25.42 25.84 25.84 26.25 26.25 
