19 11 132
99 4 255 128 33 105 10 2050 01 04 11 30 1
0      0      1      0      0     21
0 12 11 51144.00 2686.00 128 52249.70 4552.50 26000 15000 96
6.27 6.27 6.27 6.27 6.27 6.27 6.27 6.27 6.27 6.27 6.27 6.27 
6.27 6.27 6.27 6.27 6.27 6.27 6.27 6.27 6.27 6.27 6.27 6.27 
6.27 6.27 6.27 6.27 6.27 6.27 6.27 6.27 6.27 6.27 6.27 6.27 
6.27 6.27 6.27 6.27 6.27 6.27 6.27 6.27 6.27 6.27 6.27 6.27 
6.27 6.27 6.27 6.27 6.27 6.27 6.27 6.27 6.27 6.27 6.27 6.27 
6.27 6.27 6.27 6.27 6.27 6.27 6.07 6.21 6.21 6.21 6.22 6.22 
6.24 6.27 6.27 6.27 6.27 6.07 6.07 6.12 6.12 6.13 6.14 6.24 
6.24 6.27 6.27 6.27 6.07 6.07 6.07 6.03 6.04 6.14 6.14 6.24 
6.24 6.27 6.27 5.95 5.98 5.98 5.96 6.04 6.04 6.14 6.14 6.24 
6.24 6.27 5.95 5.95 5.95 5.95 5.95 5.95 6.04 6.14 6.14 6.24 
6.24 5.95 5.95 5.95 5.95 5.95 5.95 6.04 6.14 6.14 6.24 6.24 
