19 11 132
99 4 255 128 33 105 10 2050 01 02 17 00 1
0      0      1      0      0     21
0 12 11 51144.00 2686.00 128 52249.70 4552.50 26000 15000 96
30.34 30.34 30.34 30.34 30.34 30.34 30.34 30.34 30.34 30.34 30.34 30.34 
30.34 30.34 30.34 30.34 30.34 30.34 30.34 30.34 30.34 30.34 30.34 30.34 
30.34 30.34 30.34 30.34 30.34 30.34 30.34 30.34 30.34 30.34 30.34 30.34 
30.34 30.34 30.34 30.34 30.34 30.34 30.34 30.34 30.34 30.34 30.34 30.34 
30.34 30.34 30.34 30.34 30.34 30.34 30.34 30.34 30.34 30.34 30.34 30.34 
30.34 30.34 30.34 30.34 30.34 30.34 29.40 30.08 30.08 30.08 30.11 30.13 
30.21 30.34 30.34 30.34 30.34 29.40 29.40 29.64 29.64 29.67 29.73 30.21 
30.21 30.34 30.34 30.34 29.40 29.40 29.40 29.20 29.25 29.73 29.73 30.21 
30.21 30.34 30.34 28.82 28.98 28.98 28.86 29.25 29.25 29.73 29.73 30.21 
30.21 30.34 28.82 28.82 28.82 28.82 28.82 28.82 29.25 29.73 29.73 30.21 
30.21 28.82 28.82 28.82 28.82 28.82 28.82 29.25 29.73 29.73 30.21 30.21 
