19 11 132
99 4 255 128 33 105 10 2050 01 03 23 30 1
0      0      1      0      0     21
0 12 11 51144.00 2686.00 128 52249.70 4552.50 26000 15000 96
8.42 8.42 8.42 8.42 8.42 8.42 8.42 8.42 8.42 8.42 8.42 8.42 
8.42 8.42 8.42 8.42 8.42 8.42 8.42 8.42 8.42 8.42 8.42 8.42 
8.42 8.42 8.42 8.42 8.42 8.42 8.42 8.42 8.42 8.42 8.42 8.42 
8.42 8.42 8.42 8.42 8.42 8.42 8.42 8.42 8.42 8.42 8.42 8.42 
8.42 8.42 8.42 8.42 8.42 8.42 8.42 8.42 8.42 8.42 8.42 8.42 
8.42 8.42 8.42 8.42 8.42 8.42 8.16 8.35 8.35 8.35 8.36 8.36 
8.38 8.42 8.42 8.42 8.42 8.16 8.16 8.23 8.23 8.23 8.25 8.38 
8.38 8.42 8.42 8.42 8.16 8.16 8.16 8.10 8.12 8.25 8.25 8.38 
8.38 8.42 8.42 8.00 8.04 8.04 8.01 8.12 8.12 8.25 8.25 8.38 
8.38 8.42 8.00 8.00 8.00 8.00 8.00 8.00 8.12 8.25 8.25 8.38 
8.38 8.00 8.00 8.00 8.00 8.00 8.00 8.12 8.25 8.25 8.38 8.38 
