19 11 132
99 4 255 128 33 105 10 2050 01 04 00 00 1
0      0      1      0      0     21
0 12 11 51144.00 2686.00 128 52249.70 4552.50 26000 15000 96
8.31 8.31 8.31 8.31 8.31 8.31 8.31 8.31 8.31 8.31 8.31 8.31 
8.31 8.31 8.31 8.31 8.31 8.31 8.31 8.31 8.31 8.31 8.31 8.31 
8.31 8.31 8.31 8.31 8.31 8.31 8.31 8.31 8.31 8.31 8.31 8.31 
8.31 8.31 8.31 8.31 8.31 8.31 8.31 8.31 8.31 8.31 8.31 8.31 
8.31 8.31 8.31 8.31 8.31 8.31 8.31 8.31 8.31 8.31 8.31 8.31 
8.31 8.31 8.31 8.31 8.31 8.31 8.05 8.23 8.23 8.23 8.24 8.25 
8.27 8.31 8.31 8.31 8.31 8.05 8.05 8.11 8.11 8.12 8.14 8.27 
8.27 8.31 8.31 8.31 8.05 8.05 8.05 7.99 8.01 8.14 8.14 8.27 
8.27 8.31 8.31 7.89 7.93 7.93 7.90 8.01 8.01 8.14 8.14 8.27 
8.27 8.31 7.89 7.89 7.89 7.89 7.89 7.89 8.01 8.14 8.14 8.27 
8.27 7.89 7.89 7.89 7.89 7.89 7.89 8.01 8.14 8.14 8.27 8.27 
