19 11 132
99 4 255 128 33 105 10 2050 01 03 09 00 1
0      0      1      0      0     21
0 12 11 51144.00 2686.00 128 52249.70 4552.50 26000 15000 96
13.63 13.63 13.63 13.63 13.63 13.63 13.63 13.63 13.63 13.63 13.63 13.63 
13.63 13.63 13.63 13.63 13.63 13.63 13.63 13.63 13.63 13.63 13.63 13.63 
13.63 13.63 13.63 13.63 13.63 13.63 13.63 13.63 13.63 13.63 13.63 13.63 
13.63 13.63 13.63 13.63 13.63 13.63 13.63 13.63 13.63 13.63 13.63 13.63 
13.63 13.63 13.63 13.63 13.63 13.63 13.63 13.63 13.63 13.63 13.63 13.63 
13.63 13.63 13.63 13.63 13.63 13.63 13.21 13.51 13.51 13.51 13.52 13.54 
13.57 13.63 13.63 13.63 13.63 13.21 13.21 13.31 13.31 13.32 13.35 13.57 
13.57 13.63 13.63 13.63 13.21 13.21 13.21 13.11 13.14 13.35 13.35 13.57 
13.57 13.63 13.63 12.95 13.02 13.02 12.96 13.14 13.14 13.35 13.35 13.57 
13.57 13.63 12.95 12.95 12.95 12.95 12.95 12.95 13.14 13.35 13.35 13.57 
13.57 12.95 12.95 12.95 12.95 12.95 12.95 13.14 13.35 13.35 13.57 13.57 
