19 11 132
99 4 255 128 33 105 10 2050 01 02 00 00 1
0      0      1      0      0     21
0 12 11 51144.00 2686.00 128 52249.70 4552.50 26000 15000 96
14.18 14.18 14.18 14.18 14.18 14.18 14.18 14.18 14.18 14.18 14.18 14.18 
14.18 14.18 14.18 14.18 14.18 14.18 14.18 14.18 14.18 14.18 14.18 14.18 
14.18 14.18 14.18 14.18 14.18 14.18 14.18 14.18 14.18 14.18 14.18 14.18 
14.18 14.18 14.18 14.18 14.18 14.18 14.18 14.18 14.18 14.18 14.18 14.18 
14.18 14.18 14.18 14.18 14.18 14.18 14.18 14.18 14.18 14.18 14.18 14.18 
14.18 14.18 14.18 14.18 14.18 14.18 13.74 14.06 14.06 14.06 14.07 14.09 
14.12 14.18 14.18 14.18 14.18 13.74 13.74 13.86 13.86 13.87 13.90 14.12 
14.12 14.18 14.18 14.18 13.74 13.74 13.74 13.65 13.67 13.90 13.90 14.12 
14.12 14.18 14.18 13.48 13.55 13.55 13.49 13.67 13.67 13.90 13.90 14.12 
14.12 14.18 13.48 13.48 13.48 13.48 13.48 13.48 13.67 13.90 13.90 14.12 
14.12 13.48 13.48 13.48 13.48 13.48 13.48 13.67 13.90 13.90 14.12 14.12 
