19 11 132
99 4 255 128 33 105 10 2050 01 03 01 30 1
0      0      1      0      0     21
0 12 11 51144.00 2686.00 128 52249.70 4552.50 26000 15000 96
19.06 19.06 19.06 19.06 19.06 19.06 19.06 19.06 19.06 19.06 19.06 19.06 
19.06 19.06 19.06 19.06 19.06 19.06 19.06 19.06 19.06 19.06 19.06 19.06 
19.06 19.06 19.06 19.06 19.06 19.06 19.06 19.06 19.06 19.06 19.06 19.06 
19.06 19.06 19.06 19.06 19.06 19.06 19.06 19.06 19.06 19.06 19.06 19.06 
19.06 19.06 19.06 19.06 19.06 19.06 19.06 19.06 19.06 19.06 19.06 19.06 
19.06 19.06 19.06 19.06 19.06 19.06 18.47 18.90 18.90 18.90 18.92 18.93 
18.98 19.06 19.06 19.06 19.06 18.47 18.47 18.62 18.62 18.64 18.68 18.98 
18.98 19.06 19.06 19.06 18.47 18.47 18.47 18.34 18.38 18.68 18.68 18.98 
18.98 19.06 19.06 18.11 18.21 18.21 18.13 18.38 18.38 18.68 18.68 18.98 
18.98 19.06 18.11 18.11 18.11 18.11 18.11 18.11 18.38 18.68 18.68 18.98 
18.98 18.11 18.11 18.11 18.11 18.11 18.11 18.38 18.68 18.68 18.98 18.98 
