19 11 132
99 4 255 128 33 105 10 2050 01 03 06 30 1
0      0      1      0      0     21
0 12 11 51144.00 2686.00 128 52249.70 4552.50 26000 15000 96
15.12 15.12 15.12 15.12 15.12 15.12 15.12 15.12 15.12 15.12 15.12 15.12 
15.12 15.12 15.12 15.12 15.12 15.12 15.12 15.12 15.12 15.12 15.12 15.12 
15.12 15.12 15.12 15.12 15.12 15.12 15.12 15.12 15.12 15.12 15.12 15.12 
15.12 15.12 15.12 15.12 15.12 15.12 15.12 15.12 15.12 15.12 15.12 15.12 
15.12 15.12 15.12 15.12 15.12 15.12 15.12 15.12 15.12 15.12 15.12 15.12 
15.12 15.12 15.12 15.12 15.12 15.12 14.65 14.98 14.98 14.98 15.00 15.01 
15.05 15.12 15.12 15.12 15.12 14.65 14.65 14.77 14.77 14.78 14.81 15.05 
15.05 15.12 15.12 15.12 14.65 14.65 14.65 14.55 14.57 14.81 14.81 15.05 
15.05 15.12 15.12 14.36 14.44 14.44 14.38 14.57 14.57 14.81 14.81 15.05 
15.05 15.12 14.36 14.36 14.36 14.36 14.36 14.36 14.57 14.81 14.81 15.05 
15.05 14.36 14.36 14.36 14.36 14.36 14.36 14.57 14.81 14.81 15.05 15.05 
