19 11 132
99 4 255 128 33 105 10 2050 01 04 13 30 1
0      0      1      0      0     21
0 12 11 51144.00 2686.00 128 52249.70 4552.50 26000 15000 96
6.00 6.00 6.00 6.00 6.00 6.00 6.00 6.00 6.00 6.00 6.00 6.00 
6.00 6.00 6.00 6.00 6.00 6.00 6.00 6.00 6.00 6.00 6.00 6.00 
6.00 6.00 6.00 6.00 6.00 6.00 6.00 6.00 6.00 6.00 6.00 6.00 
6.00 6.00 6.00 6.00 6.00 6.00 6.00 6.00 6.00 6.00 6.00 6.00 
6.00 6.00 6.00 6.00 6.00 6.00 6.00 6.00 6.00 6.00 6.00 6.00 
6.00 6.00 6.00 6.00 6.00 6.00 5.81 5.95 5.95 5.95 5.95 5.96 
5.97 6.00 6.00 6.00 6.00 5.81 5.81 5.86 5.86 5.87 5.88 5.97 
5.97 6.00 6.00 6.00 5.81 5.81 5.81 5.77 5.78 5.88 5.88 5.97 
5.97 6.00 6.00 5.70 5.73 5.73 5.71 5.78 5.78 5.88 5.88 5.97 
5.97 6.00 5.70 5.70 5.70 5.70 5.70 5.70 5.78 5.88 5.88 5.97 
5.97 5.70 5.70 5.70 5.70 5.70 5.70 5.78 5.88 5.88 5.97 5.97 
