19 11 132
99 4 255 128 33 105 10 2050 01 04 13 00 1
0      0      1      0      0     21
0 12 11 51144.00 2686.00 128 52249.70 4552.50 26000 15000 96
6.06 6.06 6.06 6.06 6.06 6.06 6.06 6.06 6.06 6.06 6.06 6.06 
6.06 6.06 6.06 6.06 6.06 6.06 6.06 6.06 6.06 6.06 6.06 6.06 
6.06 6.06 6.06 6.06 6.06 6.06 6.06 6.06 6.06 6.06 6.06 6.06 
6.06 6.06 6.06 6.06 6.06 6.06 6.06 6.06 6.06 6.06 6.06 6.06 
6.06 6.06 6.06 6.06 6.06 6.06 6.06 6.06 6.06 6.06 6.06 6.06 
6.06 6.06 6.06 6.06 6.06 6.06 5.88 6.01 6.01 6.01 6.02 6.02 
6.04 6.06 6.06 6.06 6.06 5.88 5.88 5.92 5.92 5.93 5.94 6.04 
6.04 6.06 6.06 6.06 5.88 5.88 5.88 5.84 5.85 5.94 5.94 6.04 
6.04 6.06 6.06 5.76 5.79 5.79 5.77 5.85 5.85 5.94 5.94 6.04 
6.04 6.06 5.76 5.76 5.76 5.76 5.76 5.76 5.85 5.94 5.94 6.04 
6.04 5.76 5.76 5.76 5.76 5.76 5.76 5.85 5.94 5.94 6.04 6.04 
