19 11 132
99 4 255 128 33 105 10 2050 01 01 12 30 1
0      0      1      0      0     21
0 12 11 51144.00 2686.00 128 52249.70 4552.50 26000 15000 96
9.45 9.45 9.45 9.45 9.45 9.45 9.45 9.45 9.45 9.45 9.45 9.45 
9.45 9.45 9.45 9.45 9.45 9.45 9.45 9.45 9.45 9.45 9.45 9.45 
9.45 9.45 9.45 9.45 9.45 9.45 9.45 9.45 9.45 9.45 9.45 9.45 
9.45 9.45 9.45 9.45 9.45 9.45 9.45 9.45 9.45 9.45 9.45 9.45 
9.45 9.45 9.45 9.45 9.45 9.45 9.45 9.45 9.45 9.45 9.45 9.45 
9.45 9.45 9.45 9.45 9.45 9.45 9.16 9.37 9.37 9.37 9.38 9.39 
9.41 9.45 9.45 9.45 9.45 9.16 9.16 9.24 9.24 9.24 9.26 9.41 
9.41 9.45 9.45 9.45 9.16 9.16 9.16 9.10 9.11 9.26 9.26 9.41 
9.41 9.45 9.45 8.98 9.03 9.03 8.99 9.11 9.11 9.26 9.26 9.41 
9.41 9.45 8.98 8.98 8.98 8.98 8.98 8.98 9.11 9.26 9.26 9.41 
9.41 8.98 8.98 8.98 8.98 8.98 8.98 9.11 9.26 9.26 9.41 9.41 
