19 11 132
99 4 255 128 33 105 10 2050 01 02 16 30 1
0      0      1      0      0     21
0 12 11 51144.00 2686.00 128 52249.70 4552.50 26000 15000 96
31.10 31.10 31.10 31.10 31.10 31.10 31.10 31.10 31.10 31.10 31.10 31.10 
31.10 31.10 31.10 31.10 31.10 31.10 31.10 31.10 31.10 31.10 31.10 31.10 
31.10 31.10 31.10 31.10 31.10 31.10 31.10 31.10 31.10 31.10 31.10 31.10 
31.10 31.10 31.10 31.10 31.10 31.10 31.10 31.10 31.10 31.10 31.10 31.10 
31.10 31.10 31.10 31.10 31.10 31.10 31.10 31.10 31.10 31.10 31.10 31.10 
31.10 31.10 31.10 31.10 31.10 31.10 30.14 30.83 30.83 30.83 30.86 30.89 
30.97 31.10 31.10 31.10 31.10 30.14 30.14 30.38 30.38 30.41 30.47 30.97 
30.97 31.10 31.10 31.10 30.14 30.14 30.14 29.93 29.98 30.47 30.47 30.97 
30.97 31.10 31.10 29.55 29.71 29.71 29.58 29.98 29.98 30.47 30.47 30.97 
30.97 31.10 29.55 29.55 29.55 29.55 29.55 29.55 29.98 30.47 30.47 30.97 
30.97 29.55 29.55 29.55 29.55 29.55 29.55 29.98 30.47 30.47 30.97 30.97 
