19 11 132
99 4 255 128 33 105 10 2050 01 03 13 00 1
0      0      1      0      0     21
0 12 11 51144.00 2686.00 128 52249.70 4552.50 26000 15000 96
11.72 11.72 11.72 11.72 11.72 11.72 11.72 11.72 11.72 11.72 11.72 11.72 
11.72 11.72 11.72 11.72 11.72 11.72 11.72 11.72 11.72 11.72 11.72 11.72 
11.72 11.72 11.72 11.72 11.72 11.72 11.72 11.72 11.72 11.72 11.72 11.72 
11.72 11.72 11.72 11.72 11.72 11.72 11.72 11.72 11.72 11.72 11.72 11.72 
11.72 11.72 11.72 11.72 11.72 11.72 11.72 11.72 11.72 11.72 11.72 11.72 
11.72 11.72 11.72 11.72 11.72 11.72 11.35 11.61 11.61 11.61 11.63 11.64 
11.67 11.72 11.72 11.72 11.72 11.35 11.35 11.44 11.44 11.46 11.48 11.67 
11.67 11.72 11.72 11.72 11.35 11.35 11.35 11.27 11.30 11.48 11.48 11.67 
11.67 11.72 11.72 11.13 11.19 11.19 11.15 11.30 11.30 11.48 11.48 11.67 
11.67 11.72 11.13 11.13 11.13 11.13 11.13 11.13 11.30 11.48 11.48 11.67 
11.67 11.13 11.13 11.13 11.13 11.13 11.13 11.30 11.48 11.48 11.67 11.67 
