19 11 132
99 4 255 128 33 105 10 2050 01 02 13 30 1
0      0      1      0      0     21
0 12 11 51144.00 2686.00 128 52249.70 4552.50 26000 15000 96
27.92 27.92 27.92 27.92 27.92 27.92 27.92 27.92 27.92 27.92 27.92 27.92 
27.92 27.92 27.92 27.92 27.92 27.92 27.92 27.92 27.92 27.92 27.92 27.92 
27.92 27.92 27.92 27.92 27.92 27.92 27.92 27.92 27.92 27.92 27.92 27.92 
27.92 27.92 27.92 27.92 27.92 27.92 27.92 27.92 27.92 27.92 27.92 27.92 
27.92 27.92 27.92 27.92 27.92 27.92 27.92 27.92 27.92 27.92 27.92 27.92 
27.92 27.92 27.92 27.92 27.92 27.92 27.05 27.67 27.67 27.67 27.70 27.73 
27.80 27.92 27.92 27.92 27.92 27.05 27.05 27.27 27.27 27.29 27.35 27.80 
27.80 27.92 27.92 27.92 27.05 27.05 27.05 26.86 26.91 27.35 27.35 27.80 
27.80 27.92 27.92 26.52 26.67 26.67 26.55 26.91 26.91 27.35 27.35 27.80 
27.80 27.92 26.52 26.52 26.52 26.52 26.52 26.52 26.91 27.35 27.35 27.80 
27.80 26.52 26.52 26.52 26.52 26.52 26.52 26.91 27.35 27.35 27.80 27.80 
