19 11 132
99 4 255 128 33 105 10 2050 01 01 15 00 1
0      0      1      0      0     21
0 12 11 51144.00 2686.00 128 52249.70 4552.50 26000 15000 96
10.22 10.22 10.22 10.22 10.22 10.22 10.22 10.22 10.22 10.22 10.22 10.22 
10.22 10.22 10.22 10.22 10.22 10.22 10.22 10.22 10.22 10.22 10.22 10.22 
10.22 10.22 10.22 10.22 10.22 10.22 10.22 10.22 10.22 10.22 10.22 10.22 
10.22 10.22 10.22 10.22 10.22 10.22 10.22 10.22 10.22 10.22 10.22 10.22 
10.22 10.22 10.22 10.22 10.22 10.22 10.22 10.22 10.22 10.22 10.22 10.22 
10.22 10.22 10.22 10.22 10.22 10.22 9.91 10.14 10.14 10.14 10.14 10.15 
10.18 10.22 10.22 10.22 10.22 9.91 9.91 9.99 9.99 10.00 10.02 10.18 
10.18 10.22 10.22 10.22 9.91 9.91 9.91 9.84 9.86 10.02 10.02 10.18 
10.18 10.22 10.22 9.71 9.77 9.77 9.73 9.86 9.86 10.02 10.02 10.18 
10.18 10.22 9.71 9.71 9.71 9.71 9.71 9.71 9.86 10.02 10.02 10.18 
10.18 9.71 9.71 9.71 9.71 9.71 9.71 9.86 10.02 10.02 10.18 10.18 
