19 11 132
99 4 255 128 33 105 10 2050 01 03 05 30 1
0      0      1      0      0     21
0 12 11 51144.00 2686.00 128 52249.70 4552.50 26000 15000 96
15.79 15.79 15.79 15.79 15.79 15.79 15.79 15.79 15.79 15.79 15.79 15.79 
15.79 15.79 15.79 15.79 15.79 15.79 15.79 15.79 15.79 15.79 15.79 15.79 
15.79 15.79 15.79 15.79 15.79 15.79 15.79 15.79 15.79 15.79 15.79 15.79 
15.79 15.79 15.79 15.79 15.79 15.79 15.79 15.79 15.79 15.79 15.79 15.79 
15.79 15.79 15.79 15.79 15.79 15.79 15.79 15.79 15.79 15.79 15.79 15.79 
15.79 15.79 15.79 15.79 15.79 15.79 15.30 15.65 15.65 15.65 15.67 15.68 
15.72 15.79 15.79 15.79 15.79 15.30 15.30 15.42 15.42 15.44 15.47 15.72 
15.72 15.79 15.79 15.79 15.30 15.30 15.30 15.19 15.22 15.47 15.47 15.72 
15.72 15.79 15.79 15.00 15.08 15.08 15.02 15.22 15.22 15.47 15.47 15.72 
15.72 15.79 15.00 15.00 15.00 15.00 15.00 15.00 15.22 15.47 15.47 15.72 
15.72 15.00 15.00 15.00 15.00 15.00 15.00 15.22 15.47 15.47 15.72 15.72 
