19 11 132
99 4 255 128 33 105 10 2050 01 03 01 00 1
0      0      1      0      0     21
0 12 11 51144.00 2686.00 128 52249.70 4552.50 26000 15000 96
19.55 19.55 19.55 19.55 19.55 19.55 19.55 19.55 19.55 19.55 19.55 19.55 
19.55 19.55 19.55 19.55 19.55 19.55 19.55 19.55 19.55 19.55 19.55 19.55 
19.55 19.55 19.55 19.55 19.55 19.55 19.55 19.55 19.55 19.55 19.55 19.55 
19.55 19.55 19.55 19.55 19.55 19.55 19.55 19.55 19.55 19.55 19.55 19.55 
19.55 19.55 19.55 19.55 19.55 19.55 19.55 19.55 19.55 19.55 19.55 19.55 
19.55 19.55 19.55 19.55 19.55 19.55 18.94 19.38 19.38 19.38 19.40 19.42 
19.47 19.55 19.55 19.55 19.55 18.94 18.94 19.10 19.10 19.11 19.16 19.47 
19.47 19.55 19.55 19.55 18.94 18.94 18.94 18.81 18.85 19.16 19.16 19.47 
19.47 19.55 19.55 18.57 18.68 18.68 18.60 18.85 18.85 19.16 19.16 19.47 
19.47 19.55 18.57 18.57 18.57 18.57 18.57 18.57 18.85 19.16 19.16 19.47 
19.47 18.57 18.57 18.57 18.57 18.57 18.57 18.85 19.16 19.16 19.47 19.47 
