19 11 132
99 4 255 128 33 105 10 2050 01 02 18 30 1
0      0      1      0      0     21
0 12 11 51144.00 2686.00 128 52249.70 4552.50 26000 15000 96
27.94 27.94 27.94 27.94 27.94 27.94 27.94 27.94 27.94 27.94 27.94 27.94 
27.94 27.94 27.94 27.94 27.94 27.94 27.94 27.94 27.94 27.94 27.94 27.94 
27.94 27.94 27.94 27.94 27.94 27.94 27.94 27.94 27.94 27.94 27.94 27.94 
27.94 27.94 27.94 27.94 27.94 27.94 27.94 27.94 27.94 27.94 27.94 27.94 
27.94 27.94 27.94 27.94 27.94 27.94 27.94 27.94 27.94 27.94 27.94 27.94 
27.94 27.94 27.94 27.94 27.94 27.94 27.07 27.69 27.69 27.69 27.72 27.75 
27.82 27.94 27.94 27.94 27.94 27.07 27.07 27.29 27.29 27.32 27.38 27.82 
27.82 27.94 27.94 27.94 27.07 27.07 27.07 26.88 26.93 27.38 27.38 27.82 
27.82 27.94 27.94 26.54 26.69 26.69 26.57 26.93 26.93 27.38 27.38 27.82 
27.82 27.94 26.54 26.54 26.54 26.54 26.54 26.54 26.93 27.38 27.38 27.82 
27.82 26.54 26.54 26.54 26.54 26.54 26.54 26.93 27.38 27.38 27.82 27.82 
