19 11 132
99 4 255 128 33 105 10 2050 01 02 14 30 1
0      0      1      0      0     21
0 12 11 51144.00 2686.00 128 52249.70 4552.50 26000 15000 96
29.52 29.52 29.52 29.52 29.52 29.52 29.52 29.52 29.52 29.52 29.52 29.52 
29.52 29.52 29.52 29.52 29.52 29.52 29.52 29.52 29.52 29.52 29.52 29.52 
29.52 29.52 29.52 29.52 29.52 29.52 29.52 29.52 29.52 29.52 29.52 29.52 
29.52 29.52 29.52 29.52 29.52 29.52 29.52 29.52 29.52 29.52 29.52 29.52 
29.52 29.52 29.52 29.52 29.52 29.52 29.52 29.52 29.52 29.52 29.52 29.52 
29.52 29.52 29.52 29.52 29.52 29.52 28.61 29.27 29.27 29.27 29.29 29.32 
29.39 29.52 29.52 29.52 29.52 28.61 28.61 28.84 28.84 28.86 28.93 29.39 
29.39 29.52 29.52 29.52 28.61 28.61 28.61 28.41 28.46 28.93 28.93 29.39 
29.39 29.52 29.52 28.05 28.20 28.20 28.08 28.46 28.46 28.93 28.93 29.39 
29.39 29.52 28.05 28.05 28.05 28.05 28.05 28.05 28.46 28.93 28.93 29.39 
29.39 28.05 28.05 28.05 28.05 28.05 28.05 28.46 28.93 28.93 29.39 29.39 
