%	Locatie			Oesterdam ( 73990,386948)								
%	Berekeningstype			Waterstand								
%												
%												
%			Uitsplitsingen ongeacht sluitwijze									
%	windsn.klassen (m/s)		Waterstanden m+NAP									
%	999	999	3.5		3.6		3.7		3.8		3.9		4.0		4.1		4.2		4.3		4.4
%	0	1	0.00E+00	0.00E+00	0.00E+00	0.00E+00	0.00E+00	0.00E+00	0.00E+00	0.00E+00	0.00E+00	0.00E+00
%	1	2	0.00E+00	0.00E+00	0.00E+00	0.00E+00	0.00E+00	0.00E+00	0.00E+00	0.00E+00	0.00E+00	0.00E+00
%	2	3	0.00E+00	0.00E+00	0.00E+00	0.00E+00	0.00E+00	0.00E+00	0.00E+00	0.00E+00	0.00E+00	0.00E+00
%	3	4	0.00E+00	0.00E+00	0.00E+00	0.00E+00	0.00E+00	0.00E+00	0.00E+00	0.00E+00	0.00E+00	0.00E+00
%	4	5	0.00E+00	0.00E+00	0.00E+00	0.00E+00	0.00E+00	0.00E+00	0.00E+00	0.00E+00	0.00E+00	0.00E+00
%	5	6	0.00E+00	0.00E+00	0.00E+00	0.00E+00	0.00E+00	0.00E+00	0.00E+00	0.00E+00	0.00E+00	0.00E+00
%	6	7	0.00E+00	0.00E+00	0.00E+00	0.00E+00	0.00E+00	0.00E+00	0.00E+00	0.00E+00	0.00E+00	0.00E+00
%	7	8	1.00E-05	0.00E+00	0.00E+00	0.00E+00	0.00E+00	0.00E+00	0.00E+00	0.00E+00	0.00E+00	0.00E+00
%	8	9	2.00E-05	1.00E-05	0.00E+00	0.00E+00	0.00E+00	0.00E+00	0.00E+00	0.00E+00	0.00E+00	0.00E+00
%	9	10	5.00E-05	3.00E-05	1.00E-05	0.00E+00	0.00E+00	0.00E+00	0.00E+00	0.00E+00	0.00E+00	0.00E+00
%	10	11	1.70E-04	7.00E-05	3.00E-05	0.00E+00	0.00E+00	0.00E+00	0.00E+00	0.00E+00	0.00E+00	0.00E+00
%	11	12	4.40E-04	2.30E-04	1.90E-04	0.00E+00	0.00E+00	0.00E+00	0.00E+00	0.00E+00	0.00E+00	0.00E+00
%	12	13	1.01E-03	5.30E-04	5.20E-04	1.50E-04	0.00E+00	0.00E+00	0.00E+00	0.00E+00	0.00E+00	0.00E+00
%	13	14	2.54E-03	1.87E-03	1.09E-03	5.70E-04	0.00E+00	0.00E+00	0.00E+00	1.00E-05	0.00E+00	0.00E+00
%	14	15	7.00E-03	4.52E-03	2.31E-03	1.22E-03	1.00E-05	1.00E-05	2.00E-05	2.00E-05	2.00E-05	1.00E-05
%	15	16	1.60E-02	1.07E-02	7.86E-03	4.03E-03	2.00E-05	2.00E-05	4.00E-05	5.00E-05	5.00E-05	5.00E-05
%	16	17	2.72E-02	2.17E-02	1.55E-02	8.81E-03	4.00E-05	5.00E-05	1.00E-04	1.50E-04	1.80E-04	2.00E-04
%	17	18	3.92E-02	3.69E-02	2.30E-02	1.45E-02	1.30E-04	1.10E-04	2.20E-04	3.40E-04	4.40E-04	5.50E-04
%	18	19	7.14E-02	5.65E-02	4.29E-02	3.14E-02	5.88E-03	1.90E-04	4.10E-04	6.60E-04	9.10E-04	1.18E-03
%	19	20	1.16E-01	7.59E-02	7.50E-02	4.74E-02	3.31E-02	3.80E-04	7.00E-04	1.19E-03	1.81E-03	2.37E-03
%	20	21	1.44E-01	1.05E-01	1.00E-01	8.86E-02	7.33E-02	9.70E-04	1.14E-03	2.03E-03	3.29E-03	4.62E-03
%	21	22	1.58E-01	1.34E-01	1.28E-01	1.24E-01	8.56E-02	1.53E-02	1.70E-03	3.15E-03	5.54E-03	8.61E-03
%	22	23	1.41E-01	1.60E-01	1.51E-01	1.31E-01	1.20E-01	6.45E-02	2.47E-03	4.65E-03	8.41E-03	1.40E-02
%	23	24	1.09E-01	1.50E-01	1.50E-01	1.33E-01	1.54E-01	1.42E-01	7.15E-03	6.03E-03	1.10E-02	1.89E-02
%	24	25	7.47E-02	9.34E-02	1.18E-01	1.25E-01	1.29E-01	1.67E-01	2.93E-02	6.79E-03	1.27E-02	2.29E-02
%	25	26	3.61E-02	5.65E-02	7.37E-02	1.08E-01	1.04E-01	1.49E-01	1.23E-01	9.81E-03	1.48E-02	2.62E-02
%	26	27	1.92E-02	3.53E-02	4.17E-02	7.00E-02	9.45E-02	1.23E-01	2.01E-01	2.77E-02	1.68E-02	3.03E-02
%	27	28	1.35E-02	1.73E-02	2.26E-02	3.96E-02	7.29E-02	8.72E-02	1.67E-01	8.81E-02	1.92E-02	3.43E-02
%	28	29	9.39E-03	1.27E-02	1.43E-02	2.35E-02	4.60E-02	6.74E-02	1.27E-01	1.66E-01	3.80E-02	3.47E-02
%	29	30	5.82E-03	1.07E-02	1.04E-02	1.76E-02	3.35E-02	6.79E-02	1.06E-01	1.94E-01	7.57E-02	3.34E-02
%	30	31	3.62E-03	6.48E-03	8.03E-03	1.26E-02	2.31E-02	5.89E-02	7.72E-02	1.60E-01	1.53E-01	5.41E-02
%	31	32	1.96E-03	3.71E-03	5.48E-03	6.84E-03	1.17E-02	2.77E-02	5.81E-02	1.05E-01	1.87E-01	1.11E-01
%	32	33	1.15E-03	2.00E-03	3.28E-03	4.03E-03	4.67E-03	1.15E-02	3.75E-02	6.84E-02	1.46E-01	1.52E-01
%	33	34	8.40E-04	1.32E-03	1.92E-03	2.66E-03	2.46E-03	5.60E-03	2.05E-02	4.70E-02	9.85E-02	1.47E-01
%	34	35	5.90E-04	1.01E-03	1.38E-03	1.70E-03	1.77E-03	3.85E-03	1.30E-02	3.34E-02	5.23E-02	1.12E-01
%	35	36	3.30E-04	6.60E-04	1.07E-03	1.31E-03	1.29E-03	2.80E-03	8.94E-03	2.70E-02	3.70E-02	6.37E-02
%	36	37	1.60E-04	3.70E-04	6.40E-04	1.14E-03	1.03E-03	1.77E-03	6.24E-03	1.86E-02	4.02E-02	3.04E-02
%	37	38	8.00E-05	1.90E-04	3.00E-04	6.20E-04	8.40E-04	1.38E-03	3.99E-03	1.14E-02	3.25E-02	2.34E-02
%	38	39	4.00E-05	1.00E-04	1.30E-04	2.50E-04	5.50E-04	1.00E-03	2.20E-03	6.20E-03	1.59E-02	2.43E-02
%	39	40	2.00E-05	5.00E-05	6.00E-05	1.10E-04	2.20E-04	5.40E-04	1.57E-03	4.28E-03	9.56E-03	1.74E-02
%	40	41	1.00E-05	2.00E-05	3.00E-05	6.00E-05	1.20E-04	3.60E-04	1.19E-03	3.22E-03	7.42E-03	9.77E-03
%	41	42	1.00E-05	1.00E-05	2.00E-05	3.00E-05	7.00E-05	1.90E-04	6.30E-04	1.66E-03	3.90E-03	6.87E-03
%	42	43	0.00E+00	1.00E-05	1.00E-05	2.00E-05	4.00E-05	1.10E-04	3.70E-04	8.90E-04	2.15E-03	4.39E-03
%	43	44	0.00E+00	1.00E-05	1.00E-05	2.00E-05	3.00E-05	8.00E-05	2.30E-04	5.30E-04	1.28E-03	2.74E-03
%	44	45	0.00E+00	0.00E+00	1.00E-05	1.00E-05	2.00E-05	5.00E-05	1.60E-04	3.40E-04	8.20E-04	1.67E-03
%	45	55	0.00E+00	1.00E-05	1.00E-05	2.00E-05	5.00E-05	1.50E-04	5.50E-04	1.46E-03	3.09E-03	6.99E-03