*
* Overschrijdingskansen potentiele windsnelheid Vlissingen met winddrag. Met statistische onzekerheid.
* WTI2017: 12-uursmaxima, gegeven windrichting
*
* Door: Chris Geerse van HKV lijn in water
* Project: PR3556.10
* Datum: augustus 2017
*
* u         NNO            NO             ONO            O              OZO            ZO             ZZO            Z              ZZW            ZW             WZW            W              WNW            NW             NNW            N
  0.00      1.000e+00      1.000e+00      1.000e+00      1.000e+00      1.000e+00      1.000e+00      1.000e+00      1.000e+00      1.000e+00      1.000e+00      1.000e+00      1.000e+00      1.000e+00      1.000e+00      1.000e+00      1.000e+00 
  2.00      9.824e-01      9.861e-01      9.899e-01      9.952e-01      9.907e-01      9.907e-01      9.932e-01      9.968e-01      9.969e-01      9.972e-01      9.975e-01      9.978e-01      9.965e-01      9.972e-01      9.962e-01      9.806e-01 
  2.50      9.582e-01      9.711e-01      9.795e-01      9.798e-01      9.715e-01      9.743e-01      9.821e-01      9.901e-01      9.931e-01      9.937e-01      9.939e-01      9.937e-01      9.871e-01      9.834e-01      9.772e-01      9.563e-01 
  3.00      8.995e-01      9.239e-01      9.436e-01      9.517e-01      9.454e-01      9.489e-01      9.609e-01      9.793e-01      9.844e-01      9.843e-01      9.831e-01      9.813e-01      9.595e-01      9.474e-01      9.349e-01      9.121e-01 
  3.50      8.383e-01      8.729e-01      9.003e-01      9.073e-01      8.959e-01      9.032e-01      9.254e-01      9.585e-01      9.727e-01      9.742e-01      9.727e-01      9.669e-01      9.360e-01      9.138e-01      8.892e-01      8.604e-01 
  4.00      7.386e-01      7.827e-01      8.193e-01      8.307e-01      8.126e-01      8.295e-01      8.699e-01      9.223e-01      9.514e-01      9.529e-01      9.486e-01      9.398e-01      9.004e-01      8.635e-01      8.187e-01      7.743e-01 
  4.50      6.636e-01      7.099e-01      7.499e-01      7.665e-01      7.307e-01      7.489e-01      8.054e-01      8.851e-01      9.238e-01      9.275e-01      9.238e-01      9.133e-01      8.624e-01      8.173e-01      7.629e-01      7.040e-01 
  5.00      5.779e-01      6.228e-01      6.633e-01      6.894e-01      6.438e-01      6.681e-01      7.415e-01      8.443e-01      8.875e-01      8.910e-01      8.856e-01      8.688e-01      8.057e-01      7.489e-01      6.802e-01      6.106e-01 
  5.50      5.061e-01      5.429e-01      5.790e-01      6.071e-01      5.481e-01      5.730e-01      6.611e-01      7.925e-01      8.471e-01      8.542e-01      8.496e-01      8.224e-01      7.545e-01      6.893e-01      6.103e-01      5.410e-01 
  6.00      4.255e-01      4.595e-01      4.958e-01      5.290e-01      4.728e-01      4.968e-01      5.910e-01      7.435e-01      8.076e-01      8.173e-01      8.138e-01      7.837e-01      6.978e-01      6.219e-01      5.348e-01      4.650e-01 
  6.50      3.637e-01      3.968e-01      4.274e-01      4.424e-01      3.924e-01      4.112e-01      5.058e-01      6.775e-01      7.538e-01      7.681e-01      7.680e-01      7.412e-01      6.420e-01      5.635e-01      4.774e-01      4.024e-01 
  7.00      2.969e-01      3.229e-01      3.492e-01      3.634e-01      3.171e-01      3.344e-01      4.296e-01      6.097e-01      6.951e-01      7.161e-01      7.218e-01      6.928e-01      5.765e-01      4.965e-01      4.151e-01      3.401e-01 
  7.50      2.370e-01      2.537e-01      2.739e-01      2.875e-01      2.441e-01      2.625e-01      3.583e-01      5.394e-01      6.355e-01      6.631e-01      6.743e-01      6.435e-01      5.176e-01      4.342e-01      3.524e-01      2.821e-01 
  8.00      1.871e-01      2.003e-01      2.163e-01      2.254e-01      1.834e-01      2.045e-01      3.009e-01      4.779e-01      5.827e-01      6.154e-01      6.301e-01      5.947e-01      4.619e-01      3.734e-01      2.884e-01      2.259e-01 
  8.50      1.495e-01      1.567e-01      1.667e-01      1.722e-01      1.329e-01      1.555e-01      2.484e-01      4.139e-01      5.241e-01      5.620e-01      5.814e-01      5.436e-01      4.077e-01      3.175e-01      2.331e-01      1.801e-01 
  9.00      1.146e-01      1.191e-01      1.267e-01      1.317e-01      9.156e-02      1.129e-01      2.004e-01      3.536e-01      4.653e-01      5.082e-01      5.331e-01      4.944e-01      3.528e-01      2.622e-01      1.814e-01      1.408e-01 
  9.50      8.306e-02      8.734e-02      9.497e-02      1.004e-01      6.454e-02      8.111e-02      1.578e-01      2.967e-01      4.078e-01      4.542e-01      4.832e-01      4.454e-01      3.034e-01      2.165e-01      1.426e-01      1.095e-01 
 10.00      5.849e-02      6.271e-02      6.937e-02      7.228e-02      4.662e-02      6.068e-02      1.243e-01      2.419e-01      3.501e-01      4.008e-01      4.353e-01      3.985e-01      2.605e-01      1.805e-01      1.153e-01      8.297e-02 
 10.50      4.080e-02      4.388e-02      4.876e-02      4.981e-02      3.349e-02      4.662e-02      9.917e-02      1.960e-01      3.002e-01      3.551e-01      3.948e-01      3.571e-01      2.233e-01      1.503e-01      9.339e-02      6.105e-02 
 11.00      2.845e-02      3.000e-02      3.299e-02      3.268e-02      2.373e-02      3.500e-02      7.797e-02      1.589e-01      2.583e-01      3.152e-01      3.577e-01      3.192e-01      1.887e-01      1.220e-01      7.378e-02      4.462e-02 
 11.50      1.985e-02      2.038e-02      2.193e-02      2.037e-02      1.662e-02      2.555e-02      6.039e-02      1.291e-01      2.217e-01      2.777e-01      3.203e-01      2.808e-01      1.563e-01      9.670e-02      5.686e-02      3.261e-02 
 12.00      1.386e-02      1.384e-02      1.454e-02      1.247e-02      1.166e-02      1.850e-02      4.618e-02      1.030e-01      1.869e-01      2.409e-01      2.824e-01      2.413e-01      1.281e-01      7.609e-02      4.353e-02      2.383e-02 
 12.50      9.645e-03      9.381e-03      9.652e-03      7.626e-03      8.220e-03      1.339e-02      3.469e-02      7.964e-02      1.541e-01      2.059e-01      2.463e-01      2.048e-01      1.042e-01      5.961e-02      3.330e-02      1.742e-02 
 13.00      6.624e-03      6.314e-03      6.421e-03      4.686e-03      5.821e-03      9.682e-03      2.575e-02      6.024e-02      1.243e-01      1.729e-01      2.120e-01      1.748e-01      8.482e-02      4.652e-02      2.549e-02      1.274e-02 
 13.50      4.434e-03      4.192e-03      4.288e-03      2.931e-03      4.118e-03      6.982e-03      1.905e-02      4.531e-02      9.827e-02      1.427e-01      1.799e-01      1.499e-01      6.936e-02      3.632e-02      1.951e-02      9.306e-03 
 14.00      2.900e-03      2.747e-03      2.878e-03      1.900e-03      2.895e-03      5.009e-03      1.420e-02      3.444e-02      7.716e-02      1.161e-01      1.499e-01      1.276e-01      5.669e-02      2.842e-02      1.493e-02      6.778e-03 
 14.50      1.877e-03      1.790e-03      1.938e-03      1.278e-03      2.019e-03      3.573e-03      1.058e-02      2.614e-02      6.050e-02      9.317e-02      1.224e-01      1.080e-01      4.632e-02      2.226e-02      1.143e-02      4.886e-03 
 15.00      1.211e-03      1.166e-03      1.307e-03      8.763e-04      1.404e-03      2.537e-03      7.762e-03      1.942e-02      4.734e-02      7.425e-02      9.897e-02      9.138e-02      3.788e-02      1.745e-02      8.730e-03      3.459e-03 
 15.50      7.792e-04      7.608e-04      8.808e-04      6.039e-04      9.747e-04      1.794e-03      5.622e-03      1.419e-02      3.689e-02      5.889e-02      7.954e-02      7.641e-02      3.082e-02      1.367e-02      6.647e-03      2.406e-03 
 16.00      5.017e-04      4.976e-04      5.938e-04      4.165e-04      6.770e-04      1.263e-03      4.050e-03      1.030e-02      2.827e-02      4.626e-02      6.347e-02      6.265e-02      2.483e-02      1.069e-02      5.023e-03      1.656e-03 
 16.50      3.241e-04      3.263e-04      4.005e-04      2.873e-04      4.703e-04      8.873e-04      2.913e-03      7.479e-03      2.093e-02      3.575e-02      5.026e-02      5.056e-02      1.984e-02      8.339e-03      3.750e-03      1.137e-03 
 17.00      2.103e-04      2.145e-04      2.702e-04      1.982e-04      3.268e-04      6.229e-04      2.096e-03      5.428e-03      1.486e-02      2.710e-02      3.944e-02      4.034e-02      1.574e-02      6.494e-03      2.767e-03      7.803e-04 
 17.50      1.371e-04      1.413e-04      1.824e-04      1.368e-04      2.271e-04      4.374e-04      1.507e-03      3.940e-03      1.024e-02      2.026e-02      3.065e-02      3.169e-02      1.239e-02      5.052e-03      2.026e-03      5.355e-04 
 18.00      8.979e-05      9.330e-05      1.231e-04      9.444e-05      1.579e-04      3.072e-04      1.084e-03      2.858e-03      6.956e-03      1.508e-02      2.367e-02      2.447e-02      9.650e-03      3.928e-03      1.480e-03      3.676e-04 
 18.50      5.906e-05      6.171e-05      8.316e-05      6.521e-05      1.098e-04      2.158e-04      7.793e-04      2.071e-03      4.712e-03      1.128e-02      1.830e-02      1.865e-02      7.452e-03      3.046e-03      1.080e-03      2.524e-04 
 19.00      3.901e-05      4.090e-05      5.618e-05      4.503e-05      7.634e-05      1.516e-04      5.594e-04      1.497e-03      3.194e-03      8.510e-03      1.421e-02      1.413e-02      5.719e-03      2.350e-03      7.888e-04      1.734e-04 
 19.50      2.586e-05      2.715e-05      3.797e-05      3.111e-05      5.311e-05      1.066e-04      4.008e-04      1.079e-03      2.173e-03      6.464e-03      1.107e-02      1.070e-02      4.364e-03      1.797e-03      5.761e-04      1.191e-04 
 20.00      1.721e-05      1.805e-05      2.567e-05      2.150e-05      3.696e-05      7.490e-05      2.869e-04      7.765e-04      1.489e-03      4.938e-03      8.630e-03      8.093e-03      3.313e-03      1.361e-03      4.209e-04      8.185e-05 
 20.50      1.149e-05      1.202e-05      1.736e-05      1.486e-05      2.572e-05      5.266e-05      2.052e-04      5.584e-04      1.034e-03      3.791e-03      6.734e-03      6.125e-03      2.506e-03      1.024e-03      3.076e-04      5.626e-05 
 21.00      7.697e-06      8.010e-06      1.175e-05      1.027e-05      1.790e-05      3.704e-05      1.468e-04      4.014e-04      7.284e-04      2.923e-03      5.256e-03      4.639e-03      1.892e-03      7.677e-04      2.248e-04      3.867e-05 
 21.50      5.170e-06      5.347e-06      7.952e-06      7.101e-06      1.247e-05      2.605e-05      1.050e-04      2.886e-04      5.196e-04      2.261e-03      4.103e-03      3.520e-03      1.429e-03      5.747e-04      1.644e-04      2.659e-05 
 22.00      3.483e-06      3.573e-06      5.384e-06      4.911e-06      8.682e-06      1.833e-05      7.515e-05      2.075e-04      3.735e-04      1.751e-03      3.202e-03      2.680e-03      1.081e-03      4.302e-04      1.202e-04      1.829e-05 
 22.50      2.352e-06      2.391e-06      3.647e-06      3.397e-06      6.048e-06      1.290e-05      5.379e-05      1.492e-04      2.693e-04      1.356e-03      2.497e-03      2.049e-03      8.202e-04      3.221e-04      8.796e-05      1.258e-05 
 23.00      1.592e-06      1.601e-06      2.471e-06      2.351e-06      4.214e-06      9.082e-06      3.851e-05      1.073e-04      1.945e-04      1.048e-03      1.943e-03      1.575e-03      6.240e-04      2.412e-04      6.437e-05      8.657e-06 
 23.50      1.079e-06      1.073e-06      1.675e-06      1.627e-06      2.937e-06      6.395e-06      2.758e-05      7.722e-05      1.405e-04      8.070e-04      1.507e-03      1.216e-03      4.760e-04      1.806e-04      4.711e-05      5.958e-06 
 24.00      7.335e-07      7.200e-07      1.136e-06      1.126e-06      2.047e-06      4.504e-06      1.975e-05      5.556e-05      1.015e-04      6.194e-04      1.164e-03      9.415e-04      3.637e-04      1.353e-04      3.449e-05      4.102e-06 
 24.50      4.993e-07      4.834e-07      7.704e-07      7.797e-07      1.427e-06      3.173e-06      1.415e-05      3.999e-05      7.332e-05      4.739e-04      8.965e-04      7.299e-04      2.782e-04      1.014e-04      2.526e-05      2.825e-06 
 25.00      3.404e-07      3.248e-07      5.228e-07      5.399e-07      9.953e-07      2.235e-06      1.014e-05      2.878e-05      5.298e-05      3.618e-04      6.887e-04      5.662e-04      2.130e-04      7.598e-05      1.850e-05      1.945e-06 
 25.50      2.324e-07      2.184e-07      3.549e-07      3.740e-07      6.943e-07      1.575e-06      7.271e-06      2.072e-05      3.830e-05      2.759e-04      5.284e-04      4.393e-04      1.631e-04      5.695e-05      1.355e-05      1.340e-06 
 26.00      1.589e-07      1.469e-07      2.410e-07      2.591e-07      4.844e-07      1.111e-06      5.213e-06      1.492e-05      2.769e-05      2.104e-04      4.052e-04      3.409e-04      1.250e-04      4.270e-05      9.933e-06      9.235e-07 
 26.50      1.087e-07      9.890e-08      1.637e-07      1.796e-07      3.380e-07      7.831e-07      3.739e-06      1.075e-05      2.002e-05      1.605e-04      3.107e-04      2.646e-04      9.577e-05      3.202e-05      7.280e-06      6.365e-07 
 27.00      7.449e-08      6.662e-08      1.112e-07      1.245e-07      2.360e-07      5.523e-07      2.682e-06      7.740e-06      1.448e-05      1.224e-04      2.383e-04      2.054e-04      7.342e-05      2.401e-05      5.336e-06      4.387e-07 
 27.50      5.108e-08      4.489e-08      7.561e-08      8.628e-08      1.647e-07      3.896e-07      1.925e-06      5.577e-06      1.047e-05      9.340e-05      1.828e-04      1.594e-04      5.631e-05      1.801e-05      3.912e-06      3.025e-07 
 28.00      3.505e-08      3.027e-08      5.141e-08      5.982e-08      1.150e-07      2.749e-07      1.381e-06      4.018e-06      7.573e-06      7.127e-05      1.402e-04      1.237e-04      4.319e-05      1.351e-05      2.868e-06      2.086e-07 
 28.50      2.406e-08      2.041e-08      3.495e-08      4.147e-08      8.028e-08      1.939e-07      9.909e-07      2.894e-06      5.475e-06      5.436e-05      1.074e-04      9.599e-05      3.311e-05      1.013e-05      2.102e-06      1.438e-07 
 29.00      1.651e-08      1.375e-08      2.375e-08      2.872e-08      5.598e-08      1.366e-07      7.101e-07      2.082e-06      3.955e-06      4.141e-05      8.221e-05      7.435e-05      2.536e-05      7.588e-06      1.539e-06      9.901e-08 
 29.50      1.130e-08      9.248e-09      1.610e-08      1.985e-08      3.895e-08      9.599e-08      5.076e-07      1.494e-06      2.849e-06      3.145e-05      6.271e-05      5.740e-05      1.937e-05      5.666e-06      1.124e-06      6.801e-08 
 30.00      7.701e-09      6.192e-09      1.087e-08      1.365e-08      2.696e-08      6.712e-08      3.610e-07      1.066e-06      2.041e-06      2.375e-05      4.756e-05      4.406e-05      1.471e-05      4.208e-06      8.158e-07      4.647e-08 
 30.50      5.202e-09      4.113e-09      7.276e-09      9.307e-09      1.851e-08      4.652e-08      2.544e-07      7.544e-07      1.450e-06      1.777e-05      3.574e-05      3.352e-05      1.107e-05      3.097e-06      5.870e-07      3.147e-08 
 31.00      3.468e-09      2.697e-09      4.809e-09      6.264e-09      1.254e-08      3.182e-08      1.770e-07      5.268e-07      1.016e-06      1.313e-05      2.652e-05      2.518e-05      8.233e-06      2.250e-06      4.169e-07      2.102e-08 
 31.50      2.271e-09      1.737e-09      3.123e-09      4.143e-09      8.346e-09      2.139e-08      1.211e-07      3.616e-07      7.003e-07      9.559e-06      1.938e-05      1.864e-05      6.030e-06      1.609e-06      2.912e-07      1.379e-08 
 32.00      1.457e-09      1.096e-09      1.985e-09      2.683e-09      5.442e-09      1.409e-08      8.119e-08      2.434e-07      4.733e-07      6.843e-06      1.393e-05      1.358e-05      4.345e-06      1.130e-06      1.996e-07      8.860e-09 
 32.50      9.140e-10      6.750e-10      1.234e-09      1.699e-09      3.472e-09      9.090e-09      5.336e-08      1.606e-07      3.136e-07      4.822e-06      9.860e-06      9.744e-06      3.083e-06      7.801e-07      1.343e-07      5.568e-09 
 33.00      5.618e-10      4.066e-10      7.501e-10      1.054e-09      2.171e-09      5.751e-09      3.443e-08      1.040e-07      2.041e-07      3.353e-06      6.886e-06      6.905e-06      2.159e-06      5.305e-07      8.885e-08      3.428e-09 
 33.50      3.394e-10      2.403e-10      4.476e-10      6.424e-10      1.334e-09      3.581e-09      2.189e-08      6.642e-08      1.310e-07      2.309e-06      4.763e-06      4.849e-06      1.498e-06      3.566e-07      5.802e-08      2.074e-09 
 34.00      2.025e-10      1.399e-10      2.633e-10      3.864e-10      8.099e-10      2.205e-09      1.378e-08      4.197e-08      8.318e-08      1.580e-06      3.274e-06      3.385e-06      1.033e-06      2.378e-07      3.754e-08      1.239e-09 
 34.50      1.199e-10      8.065e-11      1.535e-10      2.305e-10      4.877e-10      1.347e-09      8.612e-09      2.635e-08      5.250e-08      1.077e-06      2.242e-06      2.356e-06      7.100e-07      1.579e-07      2.416e-08      7.341e-10 
 35.00      7.063e-11      4.623e-11      8.904e-11      1.368e-10      2.923e-10      8.202e-10      5.366e-09      1.649e-08      3.303e-08      7.333e-07      1.534e-06      1.637e-06      4.875e-07      1.046e-07      1.551e-08      4.330e-10 
 35.50      4.154e-11      2.643e-11      5.152e-11      8.103e-11      1.749e-10      4.985e-10      3.339e-09      1.030e-08      2.075e-08      4.990e-07      1.048e-06      1.137e-06      3.346e-07      6.927e-08      9.941e-09      2.549e-10 
 36.00      2.441e-11      1.510e-11      2.979e-11      4.796e-11      1.046e-10      3.029e-10      2.077e-09      6.435e-09      1.304e-08      3.396e-07      7.164e-07      7.894e-07      2.297e-07      4.586e-08      6.371e-09      1.499e-10 
 36.50      1.435e-11      8.626e-12      1.723e-11      2.838e-11      6.253e-11      1.840e-10      1.292e-09      4.019e-09      8.188e-09      2.312e-07      4.897e-07      5.483e-07      1.578e-07      3.037e-08      4.084e-09      8.819e-11 
 37.00      8.440e-12      4.929e-12      9.973e-12      1.680e-11      3.740e-11      1.118e-10      8.042e-10      2.511e-09      5.144e-09      1.574e-07      3.348e-07      3.809e-07      1.085e-07      2.011e-08      2.619e-09      5.189e-11 
 37.50      4.966e-12      2.817e-12      5.775e-12      9.951e-12      2.238e-11      6.800e-11      5.007e-10      1.570e-09      3.233e-09      1.072e-07      2.290e-07      2.646e-07      7.460e-08      1.333e-08      1.680e-09      3.054e-11 
 38.00      2.923e-12      1.611e-12      3.347e-12      5.896e-12      1.339e-11      4.136e-11      3.119e-10      9.812e-10      2.033e-09      7.307e-08      1.566e-07      1.839e-07      5.134e-08      8.832e-09      1.078e-09      1.798e-11 
 38.50      1.721e-12      9.220e-13      1.941e-12      3.494e-12      8.020e-12      2.517e-11      1.943e-10      6.137e-10      1.278e-09      4.981e-08      1.072e-07      1.278e-07      3.535e-08      5.856e-09      6.916e-10      1.059e-11 
 39.00      1.014e-12      5.278e-13      1.126e-12      2.072e-12      4.804e-12      1.532e-11      1.211e-10      3.839e-10      8.041e-10      3.396e-08      7.336e-08      8.887e-08      2.435e-08      3.884e-09      4.440e-10      6.243e-12 
 39.50      5.978e-13      3.023e-13      6.541e-13      1.229e-12      2.879e-12      9.332e-12      7.554e-11      2.403e-10      5.060e-10      2.316e-08      5.023e-08      6.180e-08      1.678e-08      2.577e-09      2.851e-10      3.681e-12 
 40.00      3.525e-13      1.732e-13      3.801e-13      7.293e-13      1.726e-12      5.686e-12      4.712e-11      1.504e-10      3.185e-10      1.580e-08      3.439e-08      4.298e-08      1.157e-08      1.710e-09      1.832e-10      2.171e-12 
 40.50      2.080e-13      9.930e-14      2.211e-13      4.329e-13      1.035e-12      3.465e-12      2.941e-11      9.418e-11      2.005e-10      1.079e-08      2.356e-08      2.990e-08      7.986e-09      1.135e-09      1.177e-10      1.281e-12 
 41.00      1.227e-13      5.695e-14      1.287e-13      2.571e-13      6.209e-13      2.113e-12      1.836e-11      5.899e-11      1.263e-10      7.363e-09      1.614e-08      2.081e-08      5.513e-09      7.537e-10      7.566e-11      7.560e-13 
 41.50      7.247e-14      3.268e-14      7.493e-14      1.527e-13      3.726e-13      1.289e-12      1.147e-11      3.697e-11      7.959e-11      5.028e-09      1.106e-08      1.448e-08      3.808e-09      5.006e-10      4.864e-11      4.464e-13 
 42.00      4.280e-14      1.876e-14      4.367e-14      9.077e-14      2.237e-13      7.866e-13      7.165e-12      2.317e-11      5.016e-11      3.434e-09      7.583e-09      1.008e-08      2.631e-09      3.326e-10      3.128e-11      2.637e-13 