       -0.40           1.000E+00           1.000E+00
       -0.39           9.550E-01           9.550E-01
       -0.38           9.118E-01           9.118E-01
       -0.37           8.703E-01           8.703E-01
       -0.36           8.306E-01           8.306E-01
       -0.35           7.925E-01           7.925E-01
       -0.34           7.561E-01           7.561E-01
       -0.33           7.213E-01           7.213E-01
       -0.32           6.880E-01           6.880E-01
       -0.31           6.562E-01           6.562E-01
       -0.30           6.258E-01           6.258E-01
       -0.29           5.969E-01           5.969E-01
       -0.28           5.693E-01           5.693E-01
       -0.27           5.430E-01           5.430E-01
       -0.26           5.181E-01           5.181E-01
       -0.25           4.944E-01           4.944E-01
       -0.24           4.719E-01           4.719E-01
       -0.23           4.506E-01           4.506E-01
       -0.22           4.305E-01           4.305E-01
       -0.21           4.115E-01           4.115E-01
       -0.20           3.936E-01           3.936E-01
       -0.19           3.767E-01           3.767E-01
       -0.18           3.609E-01           3.609E-01
       -0.17           3.460E-01           3.460E-01
       -0.16           3.321E-01           3.321E-01
       -0.15           3.192E-01           3.192E-01
       -0.14           3.067E-01           3.067E-01
       -0.13           2.946E-01           2.946E-01
       -0.12           2.829E-01           2.829E-01
       -0.11           2.716E-01           2.716E-01
       -0.10           2.607E-01           2.607E-01
       -0.09           2.501E-01           2.501E-01
       -0.08           2.398E-01           2.398E-01
       -0.07           2.299E-01           2.299E-01
       -0.06           2.202E-01           2.202E-01
       -0.05           2.108E-01           2.108E-01
       -0.04           2.017E-01           2.017E-01
       -0.03           1.929E-01           1.929E-01
       -0.02           1.842E-01           1.842E-01
       -0.01           1.759E-01           1.759E-01
        0.00           1.677E-01           1.677E-01
        0.01           1.598E-01           1.598E-01
        0.02           1.520E-01           1.520E-01
        0.03           1.445E-01           1.445E-01
        0.04           1.371E-01           1.371E-01
        0.05           1.300E-01           1.300E-01
        0.06           1.230E-01           1.230E-01
        0.07           1.162E-01           1.162E-01
        0.08           1.095E-01           1.095E-01
        0.09           1.030E-01           1.030E-01
        0.10           9.661E-02           9.661E-02
        0.11           8.904E-02           8.904E-02
        0.12           8.201E-02           8.201E-02
        0.13           7.548E-02           7.548E-02
        0.14           6.941E-02           6.941E-02
        0.15           6.377E-02           6.377E-02
        0.16           5.853E-02           5.853E-02
        0.17           5.364E-02           5.364E-02
        0.18           4.910E-02           4.910E-02
        0.19           4.486E-02           4.486E-02
        0.20           4.091E-02           4.091E-02
        0.21           3.723E-02           3.723E-02
        0.22           3.379E-02           3.379E-02
        0.23           3.059E-02           3.059E-02
        0.24           2.759E-02           2.759E-02
        0.25           2.479E-02           2.479E-02
        0.26           2.217E-02           2.217E-02
        0.27           1.972E-02           1.972E-02
        0.28           1.742E-02           1.742E-02
        0.29           1.361E-02           1.361E-02
        0.30           1.064E-02           1.064E-02
        0.31           8.321E-03           8.321E-03
        0.32           6.506E-03           6.506E-03
        0.33           5.087E-03           5.087E-03
        0.34           3.978E-03           3.978E-03
        0.35           3.111E-03           3.111E-03
        0.36           2.433E-03           2.433E-03
        0.37           1.903E-03           1.903E-03
        0.38           1.489E-03           1.489E-03
        0.39           1.164E-03           1.164E-03
        0.40           9.109E-04           9.109E-04
        0.41           7.127E-04           7.127E-04
        0.42           5.576E-04           5.576E-04
        0.43           4.363E-04           4.363E-04
        0.44           3.414E-04           3.414E-04
        0.45           2.671E-04           2.671E-04
        0.46           2.091E-04           2.091E-04
        0.47           1.636E-04           1.636E-04
        0.48           1.280E-04           1.280E-04
        0.49           1.002E-04           1.002E-04
        0.50           7.844E-05           7.844E-05
        0.51           6.140E-05           6.140E-05
        0.52           4.806E-05           4.806E-05
        0.53           3.762E-05           3.762E-05
        0.54           2.945E-05           2.945E-05
        0.55           2.305E-05           2.305E-05
        0.56           1.805E-05           1.805E-05
        0.57           1.413E-05           1.413E-05
        0.58           1.106E-05           1.106E-05
        0.59           8.659E-06           8.659E-06
        0.60           6.778E-06           6.778E-06
        0.61           5.306E-06           5.306E-06
        0.62           4.153E-06           4.153E-06
        0.63           3.251E-06           3.251E-06
        0.64           2.544E-06           2.544E-06
        0.65           1.991E-06           1.991E-06
        0.66           1.557E-06           1.557E-06
        0.67           1.218E-06           1.218E-06
        0.68           9.496E-07           9.496E-07
        0.69           7.404E-07           7.404E-07
        0.70           5.772E-07           5.772E-07
        0.71           4.501E-07           4.501E-07
        0.72           3.509E-07           3.509E-07
        0.73           2.736E-07           2.736E-07
        0.74           2.134E-07           2.134E-07
        0.75           1.664E-07           1.664E-07
        0.76           1.297E-07           1.297E-07
        0.77           1.012E-07           1.012E-07
        0.78           7.889E-08           7.889E-08
        0.79           6.152E-08           6.152E-08
        0.80           4.798E-08           4.798E-08
        0.81           3.742E-08           3.742E-08
        0.82           2.918E-08           2.918E-08
        0.83           2.276E-08           2.276E-08
        0.84           1.775E-08           1.775E-08
        0.85           1.384E-08           1.384E-08
        0.86           1.080E-08           1.080E-08
        0.87           8.422E-09           8.422E-09
        0.88           6.569E-09           6.569E-09
        0.89           5.124E-09           5.124E-09
        0.90           3.997E-09           3.997E-09
        0.91           3.118E-09           3.118E-09
        0.92           2.432E-09           2.432E-09
        0.93           1.897E-09           1.897E-09
        0.94           1.480E-09           1.480E-09
        0.95           1.154E-09           1.154E-09
