       -0.23           1.000E+00           1.000E+00
       -0.23           9.903E-01           9.903E-01
       -0.23           9.807E-01           9.807E-01
       -0.23           9.711E-01           9.711E-01
       -0.23           9.615E-01           9.615E-01
       -0.23           9.520E-01           9.520E-01
       -0.22           9.424E-01           9.424E-01
       -0.22           9.330E-01           9.330E-01
       -0.22           9.235E-01           9.235E-01
       -0.22           9.141E-01           9.141E-01
       -0.22           9.046E-01           9.046E-01
       -0.22           8.953E-01           8.953E-01
       -0.22           8.859E-01           8.859E-01
       -0.22           8.766E-01           8.766E-01
       -0.22           8.673E-01           8.673E-01
       -0.21           8.580E-01           8.580E-01
       -0.21           8.487E-01           8.487E-01
       -0.21           8.395E-01           8.395E-01
       -0.21           8.303E-01           8.303E-01
       -0.21           8.212E-01           8.212E-01
       -0.21           8.120E-01           8.120E-01
       -0.21           8.029E-01           8.029E-01
       -0.21           7.938E-01           7.938E-01
       -0.21           7.847E-01           7.847E-01
       -0.21           7.757E-01           7.757E-01
       -0.20           7.667E-01           7.667E-01
       -0.20           7.577E-01           7.577E-01
       -0.20           7.487E-01           7.487E-01
       -0.20           7.398E-01           7.398E-01
       -0.20           7.309E-01           7.309E-01
       -0.20           7.220E-01           7.220E-01
       -0.20           7.131E-01           7.131E-01
       -0.20           7.043E-01           7.043E-01
       -0.20           6.956E-01           6.956E-01
       -0.20           6.869E-01           6.869E-01
       -0.20           6.783E-01           6.783E-01
       -0.19           6.697E-01           6.697E-01
       -0.19           6.612E-01           6.612E-01
       -0.19           6.528E-01           6.528E-01
       -0.19           6.444E-01           6.444E-01
       -0.19           6.361E-01           6.361E-01
       -0.19           6.279E-01           6.279E-01
       -0.19           6.197E-01           6.197E-01
       -0.19           6.116E-01           6.116E-01
       -0.19           6.035E-01           6.035E-01
       -0.18           5.955E-01           5.955E-01
       -0.18           5.876E-01           5.876E-01
       -0.18           5.797E-01           5.797E-01
       -0.18           5.719E-01           5.719E-01
       -0.18           5.642E-01           5.642E-01
       -0.18           5.565E-01           5.565E-01
       -0.18           5.489E-01           5.489E-01
       -0.18           5.414E-01           5.414E-01
       -0.18           5.339E-01           5.339E-01
       -0.18           5.265E-01           5.265E-01
       -0.17           5.191E-01           5.191E-01
       -0.17           5.118E-01           5.118E-01
       -0.17           5.046E-01           5.046E-01
       -0.17           4.974E-01           4.974E-01
       -0.17           4.903E-01           4.903E-01
       -0.17           4.833E-01           4.833E-01
       -0.17           4.763E-01           4.763E-01
       -0.17           4.694E-01           4.694E-01
       -0.17           4.625E-01           4.625E-01
       -0.17           4.557E-01           4.557E-01
       -0.17           4.490E-01           4.490E-01
       -0.16           4.423E-01           4.423E-01
       -0.16           4.357E-01           4.357E-01
       -0.16           4.291E-01           4.291E-01
       -0.16           4.226E-01           4.226E-01
       -0.16           4.162E-01           4.162E-01
       -0.16           4.098E-01           4.098E-01
       -0.16           4.035E-01           4.035E-01
       -0.16           3.972E-01           3.972E-01
       -0.16           3.910E-01           3.910E-01
       -0.15           3.848E-01           3.848E-01
       -0.15           3.787E-01           3.787E-01
       -0.15           3.727E-01           3.727E-01
       -0.15           3.667E-01           3.667E-01
       -0.15           3.608E-01           3.608E-01
       -0.15           3.549E-01           3.549E-01
       -0.15           3.491E-01           3.491E-01
       -0.15           3.433E-01           3.433E-01
       -0.15           3.376E-01           3.376E-01
       -0.15           3.320E-01           3.320E-01
       -0.14           3.264E-01           3.264E-01
       -0.14           3.209E-01           3.209E-01
       -0.14           3.154E-01           3.154E-01
       -0.14           3.099E-01           3.099E-01
       -0.14           3.045E-01           3.045E-01
       -0.14           2.992E-01           2.992E-01
       -0.14           2.939E-01           2.939E-01
       -0.14           2.887E-01           2.887E-01
       -0.14           2.836E-01           2.836E-01
       -0.14           2.784E-01           2.784E-01
       -0.14           2.734E-01           2.734E-01
       -0.13           2.683E-01           2.683E-01
       -0.13           2.634E-01           2.634E-01
       -0.13           2.585E-01           2.585E-01
       -0.13           2.536E-01           2.536E-01
       -0.13           2.488E-01           2.488E-01
       -0.13           2.440E-01           2.440E-01
       -0.13           2.393E-01           2.393E-01
       -0.13           2.346E-01           2.346E-01
       -0.13           2.300E-01           2.300E-01
       -0.13           2.254E-01           2.254E-01
       -0.12           2.209E-01           2.209E-01
       -0.12           2.164E-01           2.164E-01
       -0.12           2.120E-01           2.120E-01
       -0.12           2.076E-01           2.076E-01
       -0.12           2.032E-01           2.032E-01
       -0.12           1.990E-01           1.990E-01
       -0.12           1.882E-01           1.882E-01
       -0.12           1.779E-01           1.779E-01
       -0.12           1.682E-01           1.682E-01
       -0.12           1.590E-01           1.590E-01
       -0.11           1.503E-01           1.503E-01
       -0.11           1.421E-01           1.421E-01
       -0.11           1.342E-01           1.342E-01
       -0.11           1.268E-01           1.268E-01
       -0.11           1.198E-01           1.198E-01
       -0.11           1.132E-01           1.132E-01
       -0.11           1.069E-01           1.069E-01
       -0.11           1.010E-01           1.010E-01
       -0.11           9.540E-02           9.540E-02
       -0.10           9.010E-02           9.010E-02
       -0.10           8.510E-02           8.510E-02
       -0.10           8.037E-02           8.037E-02
       -0.10           7.592E-02           7.592E-02
       -0.10           7.171E-02           7.171E-02
       -0.10           6.775E-02           6.775E-02
       -0.10           6.401E-02           6.401E-02
       -0.10           6.049E-02           6.049E-02
       -0.10           5.717E-02           5.717E-02
       -0.10           5.405E-02           5.405E-02
       -0.10           5.112E-02           5.112E-02
       -0.09           4.836E-02           4.836E-02
       -0.09           4.578E-02           4.578E-02
       -0.09           4.335E-02           4.335E-02
       -0.09           4.107E-02           4.107E-02
       -0.09           3.893E-02           3.893E-02
       -0.09           3.693E-02           3.693E-02
       -0.09           3.506E-02           3.506E-02
       -0.09           3.331E-02           3.331E-02
       -0.09           3.168E-02           3.168E-02
       -0.09           3.015E-02           3.015E-02
       -0.08           2.873E-02           2.873E-02
       -0.08           2.741E-02           2.741E-02
       -0.08           2.618E-02           2.618E-02
       -0.08           2.504E-02           2.504E-02
       -0.08           2.399E-02           2.399E-02
       -0.08           2.301E-02           2.301E-02
       -0.08           2.207E-02           2.207E-02
       -0.08           2.118E-02           2.118E-02
       -0.08           2.032E-02           2.032E-02
       -0.07           1.949E-02           1.949E-02
       -0.07           1.870E-02           1.870E-02
       -0.07           1.794E-02           1.794E-02
       -0.07           1.721E-02           1.721E-02
       -0.07           1.651E-02           1.651E-02
       -0.07           1.584E-02           1.584E-02
       -0.07           1.520E-02           1.520E-02
       -0.07           1.459E-02           1.459E-02
       -0.07           1.400E-02           1.400E-02
       -0.07           1.343E-02           1.343E-02
       -0.07           1.289E-02           1.289E-02
       -0.06           1.237E-02           1.237E-02
       -0.06           1.187E-02           1.187E-02
       -0.06           1.139E-02           1.139E-02
       -0.06           1.093E-02           1.093E-02
       -0.06           1.049E-02           1.049E-02
       -0.06           1.006E-02           1.006E-02
       -0.06           9.659E-03           9.659E-03
       -0.06           9.270E-03           9.270E-03
       -0.06           8.896E-03           8.896E-03
       -0.06           8.538E-03           8.538E-03
       -0.05           8.195E-03           8.195E-03
       -0.05           7.865E-03           7.865E-03
       -0.05           7.549E-03           7.549E-03
       -0.05           7.246E-03           7.246E-03
       -0.05           6.955E-03           6.955E-03
       -0.05           6.675E-03           6.675E-03
       -0.05           6.408E-03           6.408E-03
       -0.05           6.151E-03           6.151E-03
       -0.05           5.904E-03           5.904E-03
       -0.04           5.667E-03           5.667E-03
       -0.04           5.440E-03           5.440E-03
       -0.04           5.222E-03           5.222E-03
       -0.04           5.013E-03           5.013E-03
       -0.04           4.813E-03           4.813E-03
       -0.04           4.620E-03           4.620E-03
       -0.04           4.435E-03           4.435E-03
       -0.04           4.258E-03           4.258E-03
       -0.04           4.088E-03           4.088E-03
       -0.04           3.924E-03           3.924E-03
       -0.04           3.768E-03           3.768E-03
       -0.03           3.617E-03           3.617E-03
       -0.03           3.473E-03           3.473E-03
       -0.03           3.334E-03           3.334E-03
       -0.03           3.201E-03           3.201E-03
       -0.03           3.074E-03           3.074E-03
       -0.03           2.951E-03           2.951E-03
       -0.03           2.834E-03           2.834E-03
       -0.03           2.721E-03           2.721E-03
       -0.03           2.612E-03           2.612E-03
       -0.03           2.508E-03           2.508E-03
       -0.02           2.409E-03           2.409E-03
       -0.02           2.313E-03           2.313E-03
       -0.02           2.221E-03           2.221E-03
       -0.02           2.133E-03           2.133E-03
       -0.02           2.048E-03           2.048E-03
       -0.02           1.966E-03           1.966E-03
       -0.02           1.888E-03           1.888E-03
       -0.02           1.813E-03           1.813E-03
       -0.02           1.741E-03           1.741E-03
       -0.01           1.672E-03           1.672E-03
       -0.01           1.606E-03           1.606E-03
       -0.01           1.542E-03           1.542E-03
       -0.01           1.481E-03           1.481E-03
       -0.01           1.422E-03           1.422E-03
       -0.01           1.366E-03           1.366E-03
       -0.01           1.312E-03           1.312E-03
       -0.01           1.260E-03           1.260E-03
       -0.01           1.210E-03           1.210E-03
       -0.01           1.162E-03           1.162E-03
       -0.01           1.116E-03           1.116E-03
       -0.00           1.072E-03           1.072E-03
       -0.00           1.030E-03           1.030E-03
       -0.00           9.890E-04           9.890E-04
       -0.00           9.499E-04           9.499E-04
        0.00           9.123E-04           9.123E-04
        0.00           8.763E-04           8.763E-04
        0.00           8.417E-04           8.417E-04
        0.00           8.085E-04           8.085E-04
        0.00           7.765E-04           7.765E-04
        0.01           7.459E-04           7.459E-04
        0.01           7.165E-04           7.165E-04
        0.01           6.882E-04           6.882E-04
        0.01           6.611E-04           6.611E-04
        0.01           6.350E-04           6.350E-04
        0.01           6.100E-04           6.100E-04
        0.01           5.859E-04           5.859E-04
        0.01           5.628E-04           5.628E-04
        0.01           5.407E-04           5.407E-04
        0.01           5.194E-04           5.194E-04
        0.01           4.989E-04           4.989E-04
        0.02           4.793E-04           4.793E-04
        0.02           4.604E-04           4.604E-04
        0.02           4.423E-04           4.423E-04
        0.02           4.249E-04           4.249E-04
        0.02           4.082E-04           4.082E-04
        0.02           3.921E-04           3.921E-04
        0.02           3.767E-04           3.767E-04
        0.02           3.619E-04           3.619E-04
        0.02           3.477E-04           3.477E-04
        0.03           3.340E-04           3.340E-04
        0.03           3.209E-04           3.209E-04
        0.03           3.083E-04           3.083E-04
        0.03           2.962E-04           2.962E-04
        0.03           2.846E-04           2.846E-04
        0.03           2.734E-04           2.734E-04
        0.03           2.627E-04           2.627E-04
        0.03           2.524E-04           2.524E-04
        0.03           2.425E-04           2.425E-04
        0.03           2.330E-04           2.330E-04
        0.04           2.238E-04           2.238E-04
        0.04           2.151E-04           2.151E-04
        0.04           2.066E-04           2.066E-04
        0.04           1.985E-04           1.985E-04
        0.04           1.908E-04           1.908E-04
        0.04           1.833E-04           1.833E-04
        0.04           1.761E-04           1.761E-04
        0.04           1.692E-04           1.692E-04
        0.04           1.626E-04           1.626E-04
        0.04           1.562E-04           1.562E-04
        0.04           1.501E-04           1.501E-04
        0.05           1.442E-04           1.442E-04
        0.05           1.386E-04           1.386E-04
        0.05           1.332E-04           1.332E-04
        0.05           1.280E-04           1.280E-04
        0.05           1.230E-04           1.230E-04
        0.05           1.181E-04           1.181E-04
        0.05           1.135E-04           1.135E-04
        0.05           1.091E-04           1.091E-04
        0.05           1.048E-04           1.048E-04
        0.06           1.007E-04           1.007E-04
        0.06           9.680E-05           9.680E-05
        0.06           9.302E-05           9.302E-05
        0.06           8.939E-05           8.939E-05
        0.06           8.590E-05           8.590E-05
        0.06           8.255E-05           8.255E-05
        0.06           7.932E-05           7.932E-05
        0.06           7.623E-05           7.623E-05
        0.06           7.325E-05           7.325E-05
        0.06           7.040E-05           7.040E-05
        0.07           6.765E-05           6.765E-05
        0.07           6.501E-05           6.501E-05
        0.07           6.248E-05           6.248E-05
        0.07           6.004E-05           6.004E-05
        0.07           5.770E-05           5.770E-05
        0.07           5.545E-05           5.545E-05
        0.07           5.329E-05           5.329E-05
        0.07           5.122E-05           5.122E-05
        0.07           4.922E-05           4.922E-05
        0.07           4.730E-05           4.730E-05
        0.07           4.546E-05           4.546E-05
        0.08           4.369E-05           4.369E-05
        0.08           4.199E-05           4.199E-05
        0.08           4.036E-05           4.036E-05
        0.08           3.878E-05           3.878E-05
        0.08           3.728E-05           3.728E-05
        0.08           3.582E-05           3.582E-05
        0.08           3.443E-05           3.443E-05
        0.08           3.309E-05           3.309E-05
        0.08           3.180E-05           3.180E-05
        0.09           3.057E-05           3.057E-05
        0.09           2.938E-05           2.938E-05
        0.09           2.824E-05           2.824E-05
        0.09           2.714E-05           2.714E-05
        0.09           2.608E-05           2.608E-05
        0.09           2.507E-05           2.507E-05
        0.09           2.410E-05           2.410E-05
        0.09           2.316E-05           2.316E-05
        0.09           2.226E-05           2.226E-05
        0.09           2.140E-05           2.140E-05
        0.10           2.056E-05           2.056E-05
        0.10           1.977E-05           1.977E-05
        0.10           1.900E-05           1.900E-05
        0.10           1.826E-05           1.826E-05
        0.10           1.755E-05           1.755E-05
        0.10           1.687E-05           1.687E-05
        0.10           1.622E-05           1.622E-05
        0.10           1.559E-05           1.559E-05
        0.10           1.498E-05           1.498E-05
        0.10           1.440E-05           1.440E-05
        0.10           1.384E-05           1.384E-05
        0.11           1.331E-05           1.331E-05
        0.11           1.279E-05           1.279E-05
        0.11           1.229E-05           1.229E-05
        0.11           1.182E-05           1.182E-05
        0.11           1.136E-05           1.136E-05
        0.11           1.092E-05           1.092E-05
        0.11           1.050E-05           1.050E-05
        0.11           1.009E-05           1.009E-05
        0.11           9.698E-06           9.698E-06
        0.12           9.322E-06           9.322E-06
        0.12           8.961E-06           8.961E-06
        0.12           8.614E-06           8.614E-06
        0.12           8.280E-06           8.280E-06
        0.12           7.960E-06           7.960E-06
        0.12           7.651E-06           7.651E-06
        0.12           7.355E-06           7.355E-06
        0.12           7.070E-06           7.070E-06
        0.12           6.797E-06           6.797E-06
        0.12           6.534E-06           6.534E-06
        0.13           6.281E-06           6.281E-06
        0.13           6.038E-06           6.038E-06
        0.13           5.804E-06           5.804E-06
        0.13           5.580E-06           5.580E-06
        0.13           5.364E-06           5.364E-06
        0.13           5.156E-06           5.156E-06
        0.13           4.957E-06           4.957E-06
        0.13           4.765E-06           4.765E-06
        0.13           4.581E-06           4.581E-06
        0.13           4.404E-06           4.404E-06
        0.14           4.233E-06           4.233E-06
        0.14           4.070E-06           4.070E-06
        0.14           3.912E-06           3.912E-06
        0.14           3.761E-06           3.761E-06
        0.14           3.616E-06           3.616E-06
        0.14           3.476E-06           3.476E-06
        0.14           3.342E-06           3.342E-06
        0.14           3.213E-06           3.213E-06
        0.14           3.089E-06           3.089E-06
        0.14           2.969E-06           2.969E-06
        0.14           2.855E-06           2.855E-06
        0.15           2.744E-06           2.744E-06
        0.15           2.638E-06           2.638E-06
        0.15           2.537E-06           2.537E-06
        0.15           2.439E-06           2.439E-06
        0.15           2.344E-06           2.344E-06
        0.15           2.254E-06           2.254E-06
        0.15           2.167E-06           2.167E-06
        0.15           2.083E-06           2.083E-06
        0.15           2.003E-06           2.003E-06
        0.15           1.926E-06           1.926E-06
        0.16           1.851E-06           1.851E-06
        0.16           1.780E-06           1.780E-06
        0.16           1.711E-06           1.711E-06
        0.16           1.645E-06           1.645E-06
        0.16           1.582E-06           1.582E-06
        0.16           1.521E-06           1.521E-06
        0.16           1.462E-06           1.462E-06
        0.16           1.406E-06           1.406E-06
        0.16           1.352E-06           1.352E-06
        0.17           1.299E-06           1.299E-06
        0.17           1.249E-06           1.249E-06
        0.17           1.201E-06           1.201E-06
        0.17           1.155E-06           1.155E-06
        0.17           1.110E-06           1.110E-06
        0.17           1.068E-06           1.068E-06
        0.17           1.026E-06           1.026E-06
        0.17           9.869E-07           9.869E-07
        0.17           9.489E-07           9.489E-07
        0.17           9.123E-07           9.123E-07
        0.17           8.772E-07           8.772E-07
        0.18           8.434E-07           8.434E-07
        0.18           8.109E-07           8.109E-07
        0.18           7.797E-07           7.797E-07
        0.18           7.496E-07           7.496E-07
        0.18           7.208E-07           7.208E-07
        0.18           6.930E-07           6.930E-07
        0.18           6.663E-07           6.663E-07
        0.18           6.407E-07           6.407E-07
        0.18           6.160E-07           6.160E-07
        0.18           5.923E-07           5.923E-07
        0.19           5.695E-07           5.695E-07
        0.19           5.476E-07           5.476E-07
        0.19           5.265E-07           5.265E-07
        0.19           5.063E-07           5.063E-07
        0.19           4.868E-07           4.868E-07
        0.19           4.680E-07           4.680E-07
        0.19           4.500E-07           4.500E-07
        0.19           4.327E-07           4.327E-07
        0.19           4.161E-07           4.161E-07
        0.20           4.001E-07           4.001E-07
        0.20           3.847E-07           3.847E-07
        0.20           3.699E-07           3.699E-07
        0.20           3.557E-07           3.557E-07
        0.20           3.420E-07           3.420E-07
        0.20           3.288E-07           3.288E-07
        0.20           3.162E-07           3.162E-07
        0.20           3.040E-07           3.040E-07
        0.20           2.924E-07           2.924E-07
        0.20           2.811E-07           2.811E-07
        0.20           2.703E-07           2.703E-07
        0.21           2.599E-07           2.599E-07
        0.21           2.499E-07           2.499E-07
        0.21           2.403E-07           2.403E-07
        0.21           2.311E-07           2.311E-07
        0.21           2.222E-07           2.222E-07
        0.21           2.137E-07           2.137E-07
        0.21           2.055E-07           2.055E-07
        0.21           1.976E-07           1.976E-07
        0.21           1.900E-07           1.900E-07
        0.21           1.827E-07           1.827E-07
        0.22           1.757E-07           1.757E-07
        0.22           1.689E-07           1.689E-07
        0.22           1.624E-07           1.624E-07
        0.22           1.562E-07           1.562E-07
        0.22           1.502E-07           1.502E-07
        0.22           1.444E-07           1.444E-07
        0.22           1.389E-07           1.389E-07
        0.22           1.336E-07           1.336E-07
        0.22           1.284E-07           1.284E-07
        0.23           1.235E-07           1.235E-07
        0.23           1.188E-07           1.188E-07
        0.23           1.142E-07           1.142E-07
        0.23           1.098E-07           1.098E-07
        0.23           1.056E-07           1.056E-07
        0.23           1.016E-07           1.016E-07
        0.23           9.765E-08           9.765E-08
        0.23           9.391E-08           9.391E-08
        0.23           9.030E-08           9.030E-08
        0.23           8.684E-08           8.684E-08
        0.23           8.351E-08           8.351E-08
        0.24           8.030E-08           8.030E-08
        0.24           7.722E-08           7.722E-08
        0.24           7.426E-08           7.426E-08
        0.24           7.141E-08           7.141E-08
        0.24           6.867E-08           6.867E-08
        0.24           6.604E-08           6.604E-08
        0.24           6.351E-08           6.351E-08
        0.24           6.107E-08           6.107E-08
        0.24           5.873E-08           5.873E-08
        0.24           5.648E-08           5.648E-08
        0.25           5.431E-08           5.431E-08
        0.25           5.223E-08           5.223E-08
        0.25           5.023E-08           5.023E-08
        0.25           4.830E-08           4.830E-08
        0.25           4.645E-08           4.645E-08
        0.25           4.467E-08           4.467E-08
        0.25           4.296E-08           4.296E-08
        0.25           4.131E-08           4.131E-08
        0.25           3.973E-08           3.973E-08
        0.26           3.821E-08           3.821E-08
        0.26           3.674E-08           3.674E-08
        0.26           3.534E-08           3.534E-08
        0.26           3.398E-08           3.398E-08
        0.26           3.268E-08           3.268E-08
        0.26           3.143E-08           3.143E-08
        0.26           3.022E-08           3.022E-08
        0.26           2.907E-08           2.907E-08
        0.26           2.795E-08           2.795E-08
        0.26           2.688E-08           2.688E-08
        0.27           2.585E-08           2.585E-08
        0.27           2.486E-08           2.486E-08
        0.27           2.391E-08           2.391E-08
        0.27           2.299E-08           2.299E-08
        0.27           2.211E-08           2.211E-08
        0.27           2.127E-08           2.127E-08
        0.27           2.045E-08           2.045E-08
        0.27           1.967E-08           1.967E-08
        0.27           1.892E-08           1.892E-08
        0.27           1.819E-08           1.819E-08
        0.28           1.750E-08           1.750E-08
        0.28           1.683E-08           1.683E-08
        0.28           1.618E-08           1.618E-08
        0.28           1.556E-08           1.556E-08
        0.28           1.497E-08           1.497E-08
        0.28           1.439E-08           1.439E-08
        0.28           1.384E-08           1.384E-08
        0.28           1.331E-08           1.331E-08
        0.28           1.280E-08           1.280E-08
        0.28           1.231E-08           1.231E-08
        0.28           1.184E-08           1.184E-08
        0.29           1.139E-08           1.139E-08
        0.29           1.095E-08           1.095E-08
        0.29           1.054E-08           1.054E-08
        0.29           1.013E-08           1.013E-08
        0.29           9.745E-09           9.745E-09
        0.29           9.372E-09           9.372E-09
        0.29           9.013E-09           9.013E-09
        0.29           8.669E-09           8.669E-09
        0.29           8.337E-09           8.337E-09
        0.29           8.018E-09           8.018E-09
        0.30           7.712E-09           7.712E-09
        0.30           7.417E-09           7.417E-09
        0.30           7.133E-09           7.133E-09
        0.30           6.860E-09           6.860E-09
        0.30           6.598E-09           6.598E-09
        0.30           6.346E-09           6.346E-09
        0.30           6.103E-09           6.103E-09
        0.30           5.870E-09           5.870E-09
        0.30           5.645E-09           5.645E-09
        0.30           5.430E-09           5.430E-09
        0.31           5.222E-09           5.222E-09
        0.31           5.022E-09           5.022E-09
        0.31           4.830E-09           4.830E-09
        0.31           4.646E-09           4.646E-09
        0.31           4.468E-09           4.468E-09
        0.31           4.297E-09           4.297E-09
        0.31           4.133E-09           4.133E-09
        0.31           3.975E-09           3.975E-09
        0.31           3.823E-09           3.823E-09
        0.32           3.677E-09           3.677E-09
        0.32           3.537E-09           3.537E-09
        0.32           3.402E-09           3.402E-09
        0.32           3.272E-09           3.272E-09
        0.32           3.147E-09           3.147E-09
        0.32           3.026E-09           3.026E-09
        0.32           2.911E-09           2.911E-09
        0.32           2.800E-09           2.800E-09
        0.32           2.693E-09           2.693E-09
        0.32           2.590E-09           2.590E-09
        0.33           2.491E-09           2.491E-09
        0.33           2.396E-09           2.396E-09
        0.33           2.304E-09           2.304E-09
        0.33           2.216E-09           2.216E-09
        0.33           2.131E-09           2.131E-09
        0.33           2.050E-09           2.050E-09
        0.33           1.972E-09           1.972E-09
        0.33           1.896E-09           1.896E-09
        0.33           1.824E-09           1.824E-09
        0.33           1.754E-09           1.754E-09
        0.34           1.687E-09           1.687E-09
        0.34           1.623E-09           1.623E-09
        0.34           1.561E-09           1.561E-09
        0.34           1.501E-09           1.501E-09
        0.34           1.444E-09           1.444E-09
        0.34           1.389E-09           1.389E-09
        0.34           1.336E-09           1.336E-09
        0.34           1.285E-09           1.285E-09
        0.34           1.236E-09           1.236E-09
        0.34           1.189E-09           1.189E-09
        0.34           1.143E-09           1.143E-09
        0.35           1.100E-09           1.100E-09
        0.35           1.058E-09           1.058E-09
        0.35           1.017E-09           1.017E-09
        0.35           9.785E-10           9.785E-10
        0.35           9.411E-10           9.411E-10
        0.35           9.052E-10           9.052E-10
        0.35           8.707E-10           8.707E-10
        0.35           8.374E-10           8.374E-10
        0.35           8.055E-10           8.055E-10
        0.35           7.747E-10           7.747E-10
        0.36           7.452E-10           7.452E-10
        0.36           7.167E-10           7.167E-10
        0.36           6.894E-10           6.894E-10
        0.36           6.631E-10           6.631E-10
        0.36           6.378E-10           6.378E-10
        0.36           6.134E-10           6.134E-10
        0.36           5.900E-10           5.900E-10
        0.36           5.675E-10           5.675E-10
        0.36           5.459E-10           5.459E-10
        0.36           5.250E-10           5.250E-10
        0.37           5.050E-10           5.050E-10
        0.37           4.857E-10           4.857E-10
        0.37           4.672E-10           4.672E-10
        0.37           4.494E-10           4.494E-10
        0.37           4.322E-10           4.322E-10
        0.37           4.158E-10           4.158E-10
        0.37           3.999E-10           3.999E-10
        0.37           3.846E-10           3.846E-10
        0.37           3.700E-10           3.700E-10
        0.38           3.559E-10           3.559E-10
        0.38           3.423E-10           3.423E-10
        0.38           3.292E-10           3.292E-10
        0.38           3.167E-10           3.167E-10
        0.38           3.046E-10           3.046E-10
        0.38           2.930E-10           2.930E-10
        0.38           2.818E-10           2.818E-10
        0.38           2.710E-10           2.710E-10
        0.38           2.607E-10           2.607E-10
        0.38           2.508E-10           2.508E-10
        0.39           2.412E-10           2.412E-10
        0.39           2.320E-10           2.320E-10
        0.39           2.231E-10           2.231E-10
        0.39           2.146E-10           2.146E-10
        0.39           2.065E-10           2.065E-10
        0.39           1.986E-10           1.986E-10
        0.39           1.910E-10           1.910E-10
        0.39           1.837E-10           1.837E-10
        0.39           1.767E-10           1.767E-10
        0.39           1.700E-10           1.700E-10
        0.40           1.635E-10           1.635E-10
        0.40           1.573E-10           1.573E-10
        0.40           1.513E-10           1.513E-10
        0.40           1.455E-10           1.455E-10
        0.40           1.399E-10           1.399E-10
        0.40           1.346E-10           1.346E-10
