       -0.10           1.000E+00           1.000E+00
       -0.09           9.893E-01           9.893E-01
       -0.08           9.786E-01           9.786E-01
       -0.07           9.679E-01           9.679E-01
       -0.06           9.573E-01           9.573E-01
       -0.05           9.468E-01           9.468E-01
       -0.04           9.356E-01           9.356E-01
       -0.03           9.220E-01           9.220E-01
       -0.02           9.060E-01           9.060E-01
       -0.01           8.887E-01           8.887E-01
        0.00           8.707E-01           8.707E-01
        0.01           8.524E-01           8.524E-01
        0.02           8.339E-01           8.339E-01
        0.03           8.154E-01           8.154E-01
        0.04           7.969E-01           7.969E-01
        0.05           7.784E-01           7.784E-01
        0.06           7.598E-01           7.598E-01
        0.07           7.414E-01           7.414E-01
        0.08           6.128E-01           6.128E-01
        0.09           4.992E-01           4.992E-01
        0.10           3.987E-01           3.987E-01
        0.11           3.095E-01           3.095E-01
        0.12           2.384E-01           2.384E-01
        0.13           1.824E-01           1.824E-01
        0.14           1.388E-01           1.388E-01
        0.15           1.056E-01           1.056E-01
        0.16           8.101E-02           8.101E-02
        0.17           6.339E-02           6.339E-02
        0.18           5.147E-02           5.147E-02
        0.19           4.420E-02           4.420E-02
        0.20           3.800E-02           3.800E-02
        0.21           3.273E-02           3.273E-02
        0.22           2.824E-02           2.824E-02
        0.23           2.446E-02           2.446E-02
        0.24           2.119E-02           2.119E-02
        0.25           1.837E-02           1.837E-02
        0.26           1.593E-02           1.593E-02
        0.27           1.383E-02           1.383E-02
        0.28           1.200E-02           1.200E-02
        0.29           1.042E-02           1.042E-02
        0.30           9.051E-03           9.051E-03
        0.31           7.864E-03           7.864E-03
        0.32           6.835E-03           6.835E-03
        0.33           5.943E-03           5.943E-03
        0.34           5.169E-03           5.169E-03
        0.35           4.496E-03           4.496E-03
        0.36           3.913E-03           3.913E-03
        0.37           3.406E-03           3.406E-03
        0.38           2.965E-03           2.965E-03
        0.39           2.582E-03           2.582E-03
        0.40           2.249E-03           2.249E-03
        0.41           1.960E-03           1.960E-03
        0.42           1.708E-03           1.708E-03
        0.43           1.488E-03           1.488E-03
        0.44           1.298E-03           1.298E-03
        0.45           1.131E-03           1.131E-03
        0.46           9.868E-04           9.868E-04
        0.47           8.607E-04           8.607E-04
        0.48           7.509E-04           7.509E-04
        0.49           6.553E-04           6.553E-04
        0.50           5.719E-04           5.719E-04
        0.51           4.992E-04           4.992E-04
        0.52           4.358E-04           4.358E-04
        0.53           3.805E-04           3.805E-04
        0.54           3.323E-04           3.323E-04
        0.55           2.902E-04           2.902E-04
        0.56           2.535E-04           2.535E-04
        0.57           2.215E-04           2.215E-04
        0.58           1.935E-04           1.935E-04
        0.59           1.691E-04           1.691E-04
        0.60           1.478E-04           1.478E-04
        0.61           1.292E-04           1.292E-04
        0.62           1.129E-04           1.129E-04
        0.63           9.870E-05           9.870E-05
        0.64           8.630E-05           8.630E-05
        0.65           7.546E-05           7.546E-05
        0.66           6.599E-05           6.599E-05
        0.67           5.772E-05           5.772E-05
        0.68           5.048E-05           5.048E-05
        0.69           4.416E-05           4.416E-05
        0.70           3.863E-05           3.863E-05
        0.71           3.380E-05           3.380E-05
        0.72           2.957E-05           2.957E-05
        0.73           2.588E-05           2.588E-05
        0.74           2.265E-05           2.265E-05
        0.75           1.982E-05           1.982E-05
        0.76           1.734E-05           1.734E-05
        0.77           1.518E-05           1.518E-05
        0.78           1.329E-05           1.329E-05
        0.79           1.163E-05           1.163E-05
        0.80           1.018E-05           1.018E-05
        0.81           8.913E-06           8.913E-06
        0.82           7.802E-06           7.802E-06
        0.83           6.830E-06           6.830E-06
        0.84           5.979E-06           5.979E-06
        0.85           5.234E-06           5.234E-06
        0.86           4.582E-06           4.582E-06
        0.87           4.011E-06           4.011E-06
        0.88           3.511E-06           3.511E-06
        0.89           3.072E-06           3.072E-06
        0.90           2.689E-06           2.689E-06
        0.91           2.353E-06           2.353E-06
        0.92           2.058E-06           2.058E-06
        0.93           1.800E-06           1.800E-06
        0.94           1.574E-06           1.574E-06
        0.95           1.372E-06           1.372E-06
        0.96           1.197E-06           1.197E-06
        0.97           1.043E-06           1.043E-06
        0.98           9.100E-07           9.100E-07
        0.99           7.936E-07           7.936E-07
        1.00           6.921E-07           6.921E-07
        1.01           6.036E-07           6.036E-07
        1.02           5.265E-07           5.265E-07
        1.03           4.592E-07           4.592E-07
        1.04           4.006E-07           4.006E-07
        1.05           3.494E-07           3.494E-07
        1.06           3.048E-07           3.048E-07
        1.07           2.659E-07           2.659E-07
        1.08           2.320E-07           2.320E-07
        1.09           2.024E-07           2.024E-07
        1.10           1.766E-07           1.766E-07
        1.11           1.541E-07           1.541E-07
        1.12           1.344E-07           1.344E-07
        1.13           1.173E-07           1.173E-07
        1.14           1.024E-07           1.024E-07
        1.15           8.932E-08           8.932E-08
        1.16           7.794E-08           7.794E-08
        1.17           6.802E-08           6.802E-08
        1.18           5.936E-08           5.936E-08
        1.19           5.180E-08           5.180E-08
        1.20           4.521E-08           4.521E-08
        1.21           3.945E-08           3.945E-08
        1.22           3.443E-08           3.443E-08
        1.23           3.005E-08           3.005E-08
        1.24           2.623E-08           2.623E-08
        1.25           2.289E-08           2.289E-08
        1.26           1.998E-08           1.998E-08
        1.27           1.743E-08           1.743E-08
        1.28           1.522E-08           1.522E-08
        1.29           1.328E-08           1.328E-08
        1.30           1.159E-08           1.159E-08
        1.31           1.011E-08           1.011E-08
        1.32           8.826E-09           8.826E-09
        1.33           7.702E-09           7.702E-09
        1.34           6.721E-09           6.721E-09
        1.35           5.864E-09           5.864E-09
        1.36           5.116E-09           5.116E-09
        1.37           4.464E-09           4.464E-09
        1.38           3.894E-09           3.894E-09
        1.39           3.396E-09           3.396E-09
        1.40           2.962E-09           2.962E-09
        1.41           2.583E-09           2.583E-09
        1.42           2.252E-09           2.252E-09
        1.43           1.963E-09           1.963E-09
        1.44           1.711E-09           1.711E-09
        1.45           1.490E-09           1.490E-09
        1.46           1.298E-09           1.298E-09
        1.47           1.130E-09           1.130E-09
        1.48           9.838E-10           9.838E-10
        1.49           8.560E-10           8.560E-10
        1.50           7.444E-10           7.444E-10
