1998	1	1	11.35
1998	1	2	7.92
1998	1	3	6.90
1998	1	4	11.85
1998	1	5	14.90
1998	1	6	16.75
1998	1	7	13.63
1998	1	8	14.94
1998	1	9	15.25
1998	1	10	8.88
1998	1	11	6.08
1998	1	12	7.27
1998	1	13	10.46
1998	1	14	11.85
1998	1	15	9.73
1998	1	16	9.35
1998	1	17	10.27
1998	1	18	6.33
1998	1	19	11.08
1998	1	20	15.10
1998	1	21	11.67
1998	1	22	11.60
1998	1	23	9.81
1998	1	24	10.35
1998	1	25	9.00
1998	1	26	8.44
1998	1	27	9.27
1998	1	28	10.02
1998	1	29	11.42
1998	1	30	12.38
1998	1	31	11.42
1998	2	1	10.31
1998	2	2	9.23
1998	2	3	10.29
1998	2	4	11.38
1998	2	5	11.19
1998	2	6	12.04
1998	2	7	12.17
1998	2	8	10.83
1998	2	9	10.31
1998	2	10	11.33
1998	2	11	11.90
1998	2	12	12.56
1998	2	13	12.67
1998	2	14	10.46
1998	2	15	8.75
1998	2	16	8.31
1998	2	17	9.02
1998	2	18	9.48
1998	2	19	9.75
1998	2	20	10.25
1998	2	21	9.69
1998	2	22	9.15
1998	2	23	8.31
1998	2	24	9.29
1998	2	25	10.06
1998	2	26	10.23
1998	2	27	10.60
1998	2	28	11.48
1998	3	1	9.71
1998	3	2	9.56
1998	3	3	10.92
1998	3	4	14.33
1998	3	5	15.46
1998	3	6	13.71
1998	3	7	20.79
1998	3	8	26.21
1998	3	9	20.71
1998	3	10	9.54
1998	3	11	2.54
1998	3	12	7.67
1998	3	13	11.13
1998	3	14	12.75
1998	3	15	8.02
1998	3	16	6.17
1998	3	17	8.17
1998	3	18	10.54
1998	3	19	12.08
1998	3	20	13.27
1998	3	21	8.15
1998	3	22	6.81
1998	3	23	6.25
1998	3	24	6.40
1998	3	25	6.52
1998	3	26	6.88
1998	3	27	8.75
1998	3	28	9.50
1998	3	29	8.69
1998	3	30	8.79
1998	3	31	10.00
1998	4	1	11.04
1998	4	2	11.48
1998	4	3	9.40
1998	4	4	10.79
1998	4	5	11.33
1998	4	6	10.88
1998	4	7	11.83
1998	4	8	9.85
1998	4	9	10.52
1998	4	10	11.71
1998	4	11	11.48
1998	4	12	11.04
1998	4	13	11.79
1998	4	14	11.29
1998	4	15	10.29
1998	4	16	12.44
1998	4	17	13.00
1998	4	18	11.29
1998	4	19	9.23
1998	4	20	10.04
1998	4	21	12.04
1998	4	22	10.88
1998	4	23	9.02
1998	4	24	10.69
1998	4	25	11.46
1998	4	26	11.54
1998	4	27	9.48
1998	4	28	11.94
1998	4	29	12.08
1998	4	30	12.21
1998	5	1	12.04
1998	5	2	11.06
1998	5	3	8.10
1998	5	4	5.65
1998	5	5	6.56
1998	5	6	7.63
1998	5	7	8.88
1998	5	8	9.90
1998	5	9	9.63
1998	5	10	7.98
1998	5	11	7.04
1998	5	12	8.35
1998	5	13	10.96
1998	5	14	11.10
1998	5	15	11.56
1998	5	16	10.04
1998	5	17	5.81
1998	5	18	4.13
1998	5	19	3.83
1998	5	20	3.33
1998	5	21	3.54
1998	5	22	2.85
1998	5	23	1.31
1998	5	24	-1.13
1998	5	25	-3.63
1998	5	26	-1.92
1998	5	27	-0.73
1998	5	28	2.19
1998	5	29	3.92
1998	5	30	3.77
1998	5	31	1.56
1998	6	1	0.85
1998	6	2	1.44
1998	6	3	3.92
1998	6	4	6.25
1998	6	5	3.02
1998	6	6	-4.56
1998	6	7	-4.46
1998	6	8	-5.52
1998	6	9	-4.08
1998	6	10	-0.42
1998	6	11	3.50
1998	6	12	7.29
1998	6	13	6.54
1998	6	14	6.23
1998	6	15	8.90
1998	6	16	11.31
1998	6	17	11.19
1998	6	18	11.85
1998	6	19	8.58
1998	6	20	6.67
1998	6	21	7.77
1998	6	22	8.02
1998	6	23	8.54
1998	6	24	10.65
1998	6	25	11.65
1998	6	26	9.77
1998	6	27	6.58
1998	6	28	5.92
1998	6	29	6.06
1998	6	30	8.71
1998	7	1	7.77
1998	7	2	7.17
1998	7	3	6.77
1998	7	4	5.23
1998	7	5	2.69
1998	7	6	1.25
1998	7	7	1.50
1998	7	8	1.60
1998	7	9	0.94
1998	7	10	0.58
1998	7	11	0.27
1998	7	12	-1.54
1998	7	13	-1.06
1998	7	14	1.15
1998	7	15	5.04
1998	7	16	7.65
1998	7	17	7.73
1998	7	18	7.17
1998	7	19	4.94
1998	7	20	3.79
1998	7	21	3.85
1998	7	22	4.40
1998	7	23	4.71
1998	7	24	5.08
1998	7	25	3.29
1998	7	26	-0.10
1998	7	27	-1.19
1998	7	28	-1.23
1998	7	29	-1.21
1998	7	30	-0.29
1998	7	31	3.10
1998	8	1	4.21
1998	8	2	3.06
1998	8	3	1.90
1998	8	4	3.38
1998	8	5	6.04
1998	8	6	6.29
1998	8	7	6.13
1998	8	8	5.10
1998	8	9	3.31
1998	8	10	1.90
1998	8	11	2.92
1998	8	12	3.38
1998	8	13	3.38
1998	8	14	2.98
1998	8	15	2.33
1998	8	16	-0.10
1998	8	17	-1.38
1998	8	18	-0.65
1998	8	19	-0.54
1998	8	20	-0.92
1998	8	21	-0.17
1998	8	22	2.58
1998	8	23	0.88
1998	8	24	4.00
1998	8	25	5.19
1998	8	26	7.21
1998	8	27	7.90
1998	8	28	9.35
1998	8	29	8.67
1998	8	30	7.52
1998	8	31	6.60
1998	9	1	7.17
1998	9	2	9.19
1998	9	3	10.44
1998	9	4	11.48
1998	9	5	11.40
1998	9	6	10.52
1998	9	7	8.19
1998	9	8	9.83
1998	9	9	11.31
1998	9	10	11.00
1998	9	11	5.29
1998	9	12	3.58
1998	9	13	3.96
1998	9	14	20.85
1998	9	15	34.65
1998	9	16	40.79
1998	9	17	43.56
1998	9	18	28.27
1998	9	19	18.08
1998	9	20	8.29
1998	9	21	-2.63
1998	9	22	-2.56
1998	9	23	-0.25
1998	9	24	1.08
1998	9	25	1.94
1998	9	26	1.58
1998	9	27	0.71
1998	9	28	0.65
1998	9	29	1.40
1998	9	30	2.48
1998	10	1	3.21
1998	10	2	3.46
1998	10	3	2.13
1998	10	4	0.13
1998	10	5	-0.50
1998	10	6	0.35
1998	10	7	1.54
1998	10	8	5.19
1998	10	9	8.19
1998	10	10	10.25
1998	10	11	8.33
1998	10	12	8.75
1998	10	13	12.23
1998	10	14	14.15
1998	10	15	14.52
1998	10	16	12.31
1998	10	17	11.96
1998	10	18	6.77
1998	10	19	4.04
1998	10	20	5.77
1998	10	21	6.69
1998	10	22	6.75
1998	10	23	3.50
1998	10	24	6.71
1998	10	25	12.60
1998	10	26	18.40
1998	10	27	13.33
1998	10	28	21.81
1998	10	29	32.60
1998	10	30	31.40
1998	10	31	23.56
1998	11	1	26.33
1998	11	2	25.06
1998	11	3	19.27
1998	11	4	22.69
1998	11	5	20.00
1998	11	6	17.04
1998	11	7	8.42
1998	11	8	2.96
1998	11	9	-3.27
1998	11	10	-0.54
1998	11	11	3.85
1998	11	12	4.69
1998	11	13	9.02
1998	11	14	9.88
1998	11	15	9.88
1998	11	16	15.27
1998	11	17	13.21
1998	11	18	8.60
1998	11	19	8.81
1998	11	20	10.90
1998	11	21	10.10
1998	11	22	8.25
1998	11	23	9.10
1998	11	24	10.69
1998	11	25	10.50
1998	11	26	9.79
1998	11	27	10.77
1998	11	28	10.71
1998	11	29	8.52
1998	11	30	10.27
1998	12	1	10.33
1998	12	2	9.04
1998	12	3	10.52
1998	12	4	11.69
1998	12	5	9.33
1998	12	6	8.67
1998	12	7	10.13
1998	12	8	10.92
1998	12	9	12.52
1998	12	10	12.23
1998	12	11	10.29
1998	12	12	10.96
1998	12	13	14.10
1998	12	14	12.15
1998	12	15	10.58
1998	12	16	14.88
1998	12	17	12.17
1998	12	18	6.58
1998	12	19	7.00
1998	12	20	9.63
1998	12	21	12.13
1998	12	22	11.38
1998	12	23	12.08
1998	12	24	10.75
1998	12	25	4.83
1998	12	26	8.06
1998	12	27	9.52
1998	12	28	11.19
1998	12	29	11.38
1998	12	30	10.25
1998	12	31	9.21
1999	1	1	8.73
1999	1	2	9.17
1999	1	3	11.98
1999	1	4	13.77
1999	1	5	15.50
1999	1	6	14.08
1999	1	7	10.77
1999	1	8	12.63
1999	1	9	10.85
1999	1	10	9.23
1999	1	11	8.29
1999	1	12	9.21
1999	1	13	13.00
1999	1	14	12.92
1999	1	15	13.52
1999	1	16	10.71
1999	1	17	10.88
1999	1	18	9.06
1999	1	19	10.38
1999	1	20	9.50
1999	1	21	9.88
1999	1	22	10.85
1999	1	23	9.46
1999	1	24	9.29
1999	1	25	9.94
1999	1	26	10.98
1999	1	27	14.27
1999	1	28	14.19
1999	1	29	12.31
1999	1	30	4.96
1999	1	31	3.50
1999	2	1	4.67
1999	2	2	7.27
1999	2	3	9.23
1999	2	4	11.19
1999	2	5	14.17
1999	2	6	12.31
1999	2	7	8.85
1999	2	8	12.00
1999	2	9	12.23
1999	2	10	11.81
1999	2	11	12.40
1999	2	12	10.33
1999	2	13	6.17
1999	2	14	5.29
1999	2	15	5.75
1999	2	16	10.69
1999	2	17	16.48
1999	2	18	11.94
1999	2	19	5.71
1999	2	20	5.23
1999	2	21	10.21
1999	2	22	17.10
1999	2	23	20.50
1999	2	24	17.83
1999	2	25	9.19
1999	2	26	5.92
1999	2	27	8.29
1999	2	28	8.42
1999	3	1	5.46
1999	3	2	10.27
1999	3	3	15.63
1999	3	4	14.02
1999	3	5	7.02
1999	3	6	0.35
1999	3	7	-2.58
1999	3	8	3.81
1999	3	9	11.81
1999	3	10	12.00
1999	3	11	10.42
1999	3	12	9.96
1999	3	13	9.33
1999	3	14	9.46
1999	3	15	8.38
1999	3	16	8.96
1999	3	17	10.10
1999	3	18	10.69
1999	3	19	12.60
1999	3	20	8.71
1999	3	21	7.04
1999	3	22	11.08
1999	3	23	8.85
1999	3	24	4.96
1999	3	25	-1.42
1999	3	26	-3.52
1999	3	27	-6.71
1999	3	28	-11.96
1999	3	29	-14.19
1999	3	30	-7.23
1999	3	31	-4.77
1999	4	1	-5.77
1999	4	2	-5.13
1999	4	3	-4.90
1999	4	4	-4.81
1999	4	5	-4.69
1999	4	6	-3.96
1999	4	7	-4.27
1999	4	8	-4.81
1999	4	9	-4.38
1999	4	10	-4.73
1999	4	11	-7.81
1999	4	12	-13.83
1999	4	13	-9.56
1999	4	14	-5.96
1999	4	15	-4.69
1999	4	16	-5.23
1999	4	17	-5.31
1999	4	18	-7.85
1999	4	19	-7.96
1999	4	20	-7.67
1999	4	21	-5.21
1999	4	22	-2.38
1999	4	23	-0.31
1999	4	24	-1.10
1999	4	25	-6.54
1999	4	26	-6.71
1999	4	27	-4.27
1999	4	28	-3.81
1999	4	29	-4.10
1999	4	30	-6.21
1999	5	1	-7.31
1999	5	2	-9.58
1999	5	3	-10.08
1999	5	4	-7.50
1999	5	5	-7.90
1999	5	6	-6.98
1999	5	7	-6.31
1999	5	8	-5.42
1999	5	9	-7.21
1999	5	10	-7.40
1999	5	11	-6.71
1999	5	12	-5.67
1999	5	13	-5.17
1999	5	14	-4.63
1999	5	15	-5.27
1999	5	16	-9.83
1999	5	17	-11.13
1999	5	18	-9.04
1999	5	19	-8.40
1999	5	20	-6.92
1999	5	21	-6.25
1999	5	22	-6.73
1999	5	23	-9.42
1999	5	24	-10.63
1999	5	25	-10.08
1999	5	26	-10.50
1999	5	27	-11.08
1999	5	28	-11.10
1999	5	29	-12.63
1999	5	30	-13.85
1999	5	31	-13.04
1999	6	1	-11.35
1999	6	2	-10.79
1999	6	3	-10.27
1999	6	4	-9.40
1999	6	5	-8.71
1999	6	6	-8.19
1999	6	7	-6.73
1999	6	8	-4.52
1999	6	9	-4.92
1999	6	10	-4.35
1999	6	11	-3.94
1999	6	12	-5.19
1999	6	13	-8.06
1999	6	14	-10.08
1999	6	15	-9.92
1999	6	16	-8.69
1999	6	17	-9.42
1999	6	18	-9.29
1999	6	19	-8.69
1999	6	20	-10.23
1999	6	21	-6.81
1999	6	22	-6.73
1999	6	23	-7.21
1999	6	24	-8.13
1999	6	25	-8.65
1999	6	26	-8.31
1999	6	27	-10.06
1999	6	28	-9.85
1999	6	29	-7.96
1999	6	30	-7.73
1999	7	1	-10.67
1999	7	2	-9.48
1999	7	3	-10.65
1999	7	4	-11.60
1999	7	5	-7.94
1999	7	6	-7.13
1999	7	7	-6.31
1999	7	8	-5.21
1999	7	9	-5.10
1999	7	10	-5.81
1999	7	11	-7.56
1999	7	12	-8.13
1999	7	13	-7.48
1999	7	14	-6.88
1999	7	15	-6.77
1999	7	16	-6.44
1999	7	17	-6.94
1999	7	18	-8.42
1999	7	19	-9.35
1999	7	20	-9.35
1999	7	21	-9.40
1999	7	22	-8.79
1999	7	23	-7.88
1999	7	24	-8.73
1999	7	25	-9.85
1999	7	26	-10.21
1999	7	27	-8.48
1999	7	28	-9.25
1999	7	29	-10.02
1999	7	30	-8.67
1999	7	31	-10.02
1999	8	1	-11.08
1999	8	2	-8.96
1999	8	3	-7.10
1999	8	4	-7.19
1999	8	5	-6.52
1999	8	6	-6.13
1999	8	7	-6.58
1999	8	8	-7.40
1999	8	9	-7.04
1999	8	10	-4.00
1999	8	11	-3.48
1999	8	12	-3.19
1999	8	13	-3.38
1999	8	14	-3.83
1999	8	15	-3.60
1999	8	16	-2.98
1999	8	17	-3.19
1999	8	18	-3.21
1999	8	19	-1.29
1999	8	20	0.50
1999	8	21	0.65
1999	8	22	-0.75
1999	8	23	-1.73
1999	8	24	-2.38
1999	8	25	-2.96
1999	8	26	-2.06
1999	8	27	-1.73
1999	8	28	-2.04
1999	8	29	-2.79
1999	8	30	-1.79
1999	8	31	-0.23
1999	9	1	-0.06
1999	9	2	0.44
1999	9	3	0.81
1999	9	4	0.33
1999	9	5	-1.73
1999	9	6	-2.33
1999	9	7	-2.06
1999	9	8	-2.17
1999	9	9	-1.90
1999	9	10	-2.00
1999	9	11	-3.65
1999	9	12	-6.79
1999	9	13	-6.54
1999	9	14	-6.19
1999	9	15	-5.40
1999	9	16	-5.06
1999	9	17	-4.19
1999	9	18	-4.73
1999	9	19	-4.04
1999	9	20	-1.23
1999	9	21	1.65
1999	9	22	2.40
1999	9	23	2.73
1999	9	24	2.92
1999	9	25	2.77
1999	9	26	0.65
1999	9	27	-0.65
1999	9	28	0.94
1999	9	29	1.69
1999	9	30	2.48
1999	10	1	4.15
1999	10	2	3.96
1999	10	3	1.38
1999	10	4	3.46
1999	10	5	7.88
1999	10	6	4.81
1999	10	7	4.00
1999	10	8	4.60
1999	10	9	4.13
1999	10	10	1.33
1999	10	11	0.02
1999	10	12	0.25
1999	10	13	0.33
1999	10	14	0.35
1999	10	15	0.06
1999	10	16	-1.29
1999	10	17	-4.15
1999	10	18	-5.44
1999	10	19	-6.15
1999	10	20	-7.48
1999	10	21	-8.79
1999	10	22	-8.52
1999	10	23	-8.88
1999	10	24	-11.88
1999	10	25	-12.44
1999	10	26	-7.13
1999	10	27	-3.73
1999	10	28	-3.33
1999	10	29	-2.94
1999	10	30	-4.60
1999	10	31	-7.44
1999	11	1	-9.54
1999	11	2	-8.02
1999	11	3	-7.85
1999	11	4	-7.69
1999	11	5	-8.44
1999	11	6	-8.13
1999	11	7	-9.33
1999	11	8	-7.00
1999	11	9	-5.83
1999	11	10	-5.00
1999	11	11	-5.38
1999	11	12	-5.90
1999	11	13	-6.15
1999	11	14	-7.63
1999	11	15	-8.33
1999	11	16	-8.46
1999	11	17	-5.04
1999	11	18	-0.33
1999	11	19	4.13
1999	11	20	4.98
1999	11	21	2.65
1999	11	22	1.60
1999	11	23	3.33
1999	11	24	4.13
1999	11	25	4.94
1999	11	26	6.04
1999	11	27	6.44
1999	11	28	4.17
1999	11	29	3.69
1999	11	30	5.19
1999	12	1	7.02
1999	12	2	8.54
1999	12	3	8.94
1999	12	4	9.67
1999	12	5	7.63
1999	12	6	5.94
1999	12	7	8.10
1999	12	8	10.85
1999	12	9	12.25
1999	12	10	10.77
1999	12	11	2.92
1999	12	12	-2.33
1999	12	13	0.92
1999	12	14	11.29
1999	12	15	11.67
1999	12	16	7.90
1999	12	17	10.48
1999	12	18	13.21
1999	12	19	10.02
1999	12	20	7.83
1999	12	21	-0.42
1999	12	22	-6.88
1999	12	23	-4.58
1999	12	24	-4.83
1999	12	25	-5.96
1999	12	26	-3.77
1999	12	27	-1.15
1999	12	28	-2.15
1999	12	29	-5.79
1999	12	30	-10.15
1999	12	31	-9.29
2000	1	1	-6.75
2000	1	2	-6.54
2000	1	3	-6.00
2000	1	4	-1.60
2000	1	5	5.42
2000	1	6	10.25
2000	1	7	11.79
2000	1	8	9.44
2000	1	9	8.73
2000	1	10	8.44
2000	1	11	9.21
2000	1	12	9.81
2000	1	13	11.23
2000	1	14	10.17
2000	1	15	10.21
2000	1	16	7.69
2000	1	17	6.81
2000	1	18	8.85
2000	1	19	8.65
2000	1	20	9.21
2000	1	21	10.48
2000	1	22	11.04
2000	1	23	10.10
2000	1	24	9.19
2000	1	25	9.83
2000	1	26	10.40
2000	1	27	11.54
2000	1	28	13.15
2000	1	29	12.04
2000	1	30	11.44
2000	1	31	11.19
2000	2	1	12.29
2000	2	2	13.00
2000	2	3	11.21
2000	2	4	10.94
2000	2	5	11.29
2000	2	6	9.83
2000	2	7	9.56
2000	2	8	13.81
2000	2	9	19.06
2000	2	10	11.25
2000	2	11	7.94
2000	2	12	1.63
2000	2	13	2.98
2000	2	14	3.19
2000	2	15	6.54
2000	2	16	11.69
2000	2	17	10.98
2000	2	18	7.08
2000	2	19	9.79
2000	2	20	9.10
2000	2	21	8.85
2000	2	22	10.60
2000	2	23	10.50
2000	2	24	11.75
2000	2	25	13.15
2000	2	26	12.54
2000	2	27	5.71
2000	2	28	3.92
2000	2	29	4.83
2000	3	1	13.79
2000	3	2	12.13
2000	3	3	11.23
2000	3	4	19.19
2000	3	5	13.10
2000	3	6	1.73
2000	3	7	3.17
2000	3	8	7.21
2000	3	9	12.19
2000	3	10	13.38
2000	3	11	10.23
2000	3	12	8.73
2000	3	13	8.44
2000	3	14	10.69
2000	3	15	11.04
2000	3	16	9.13
2000	3	17	9.67
2000	3	18	11.02
2000	3	19	9.75
2000	3	20	9.17
2000	3	21	10.69
2000	3	22	11.40
2000	3	23	11.08
2000	3	24	12.04
2000	3	25	11.04
2000	3	26	10.42
2000	3	27	12.06
2000	3	28	7.58
2000	3	29	8.08
2000	3	30	8.44
2000	3	31	9.21
2000	4	1	9.94
2000	4	2	9.83
2000	4	3	10.33
2000	4	4	11.02
2000	4	5	11.56
2000	4	6	7.02
2000	4	7	6.83
2000	4	8	6.25
2000	4	9	5.65
2000	4	10	5.25
2000	4	11	4.77
2000	4	12	4.46
2000	4	13	5.54
2000	4	14	7.21
2000	4	15	7.44
2000	4	16	7.48
2000	4	17	7.10
2000	4	18	7.96
2000	4	19	8.48
2000	4	20	8.42
2000	4	21	8.81
2000	4	22	9.02
2000	4	23	9.38
2000	4	24	9.83
2000	4	25	10.21
2000	4	26	9.50
2000	4	27	10.21
2000	4	28	11.21
2000	4	29	12.04
2000	4	30	11.48
2000	5	1	8.54
2000	5	2	8.81
2000	5	3	8.27
2000	5	4	8.40
2000	5	5	8.83
2000	5	6	8.33
2000	5	7	7.23
2000	5	8	7.25
2000	5	9	7.38
2000	5	10	8.08
2000	5	11	8.33
2000	5	12	8.08
2000	5	13	7.42
2000	5	14	6.54
2000	5	15	5.40
2000	5	16	6.10
2000	5	17	7.40
2000	5	18	7.63
2000	5	19	9.63
2000	5	20	11.17
2000	5	21	10.67
2000	5	22	10.04
2000	5	23	10.00
2000	5	24	10.29
2000	5	25	9.10
2000	5	26	9.17
2000	5	27	9.94
2000	5	28	10.35
2000	5	29	12.54
2000	5	30	11.48
2000	5	31	8.10
2000	6	1	7.48
2000	6	2	7.79
2000	6	3	4.52
2000	6	4	7.15
2000	6	5	9.79
2000	6	6	10.69
2000	6	7	11.08
2000	6	8	9.40
2000	6	9	9.65
2000	6	10	9.27
2000	6	11	5.83
2000	6	12	3.19
2000	6	13	3.19
2000	6	14	2.44
2000	6	15	2.79
2000	6	16	1.83
2000	6	17	-0.73
2000	6	18	-4.83
2000	6	19	-7.33
2000	6	20	-7.73
2000	6	21	-8.58
2000	6	22	-9.50
2000	6	23	-10.77
2000	6	24	-9.69
2000	6	25	-5.69
2000	6	26	-3.31
2000	6	27	-2.38
2000	6	28	-2.15
2000	6	29	-3.02
2000	6	30	-4.75
2000	7	1	-6.65
2000	7	2	-8.19
2000	7	3	-9.15
2000	7	4	-9.06
2000	7	5	-7.48
2000	7	6	-6.21
2000	7	7	-6.10
2000	7	8	-7.00
2000	7	9	-7.52
2000	7	10	-5.44
2000	7	11	-0.92
2000	7	12	0.96
2000	7	13	3.27
2000	7	14	6.13
2000	7	15	4.69
2000	7	16	3.27
2000	7	17	2.38
2000	7	18	2.56
2000	7	19	2.29
2000	7	20	2.35
2000	7	21	1.94
2000	7	22	1.33
2000	7	23	-0.08
2000	7	24	-0.46
2000	7	25	2.17
2000	7	26	2.27
2000	7	27	0.60
2000	7	28	2.56
2000	7	29	3.25
2000	7	30	3.90
2000	7	31	4.79
2000	8	1	5.42
2000	8	2	5.92
2000	8	3	5.54
2000	8	4	6.27
2000	8	5	5.52
2000	8	6	3.77
2000	8	7	2.69
2000	8	8	1.92
2000	8	9	1.58
2000	8	10	2.10
2000	8	11	2.40
2000	8	12	2.06
2000	8	13	0.35
2000	8	14	0.29
2000	8	15	0.46
2000	8	16	0.60
2000	8	17	0.60
2000	8	18	0.35
2000	8	19	-0.08
2000	8	20	1.02
2000	8	21	2.73
2000	8	22	4.77
2000	8	23	5.33
2000	8	24	5.65
2000	8	25	5.46
2000	8	26	4.58
2000	8	27	2.94
2000	8	28	2.35
2000	8	29	3.21
2000	8	30	3.63
2000	8	31	3.96
2000	9	1	4.90
2000	9	2	6.50
2000	9	3	7.92
2000	9	4	7.88
2000	9	5	8.31
2000	9	6	8.44
2000	9	7	8.56
2000	9	8	8.33
2000	9	9	8.75
2000	9	10	8.38
2000	9	11	8.44
2000	9	12	8.88
2000	9	13	8.92
2000	9	14	8.75
2000	9	15	8.73
2000	9	16	11.56
2000	9	17	10.13
2000	9	18	7.48
2000	9	19	8.79
2000	9	20	6.77
2000	9	21	6.94
2000	9	22	6.56
2000	9	23	5.65
2000	9	24	3.46
2000	9	25	1.73
2000	9	26	1.50
2000	9	27	1.15
2000	9	28	0.42
2000	9	29	1.77
2000	9	30	1.27
2000	10	1	0.06
2000	10	2	-0.90
2000	10	3	0.10
2000	10	4	0.38
2000	10	5	1.04
2000	10	6	3.71
2000	10	7	6.00
2000	10	8	5.79
2000	10	9	5.83
2000	10	10	6.90
2000	10	11	5.85
2000	10	12	8.90
2000	10	13	10.58
2000	10	14	11.02
2000	10	15	9.10
2000	10	16	8.13
2000	10	17	6.63
2000	10	18	7.19
2000	10	19	10.06
2000	10	20	10.69
2000	10	21	9.17
2000	10	22	8.65
2000	10	23	7.90
2000	10	24	9.10
2000	10	25	9.58
2000	10	26	10.81
2000	10	27	11.38
2000	10	28	9.73
2000	10	29	5.88
2000	10	30	3.27
2000	10	31	10.02
2000	11	1	12.23
2000	11	2	8.06
2000	11	3	6.50
2000	11	4	10.00
2000	11	5	9.35
2000	11	6	3.85
2000	11	7	8.58
2000	11	8	11.13
2000	11	9	9.96
2000	11	10	11.13
2000	11	11	9.40
2000	11	12	7.06
2000	11	13	9.56
2000	11	14	11.21
2000	11	15	9.02
2000	11	16	9.48
2000	11	17	10.08
2000	11	18	7.60
2000	11	19	7.10
2000	11	20	10.67
2000	11	21	8.85
2000	11	22	7.25
2000	11	23	10.33
2000	11	24	11.17
2000	11	25	4.27
2000	11	26	5.77
2000	11	27	11.79
2000	11	28	11.46
2000	11	29	11.83
2000	11	30	10.90
2000	12	1	11.35
2000	12	2	9.02
2000	12	3	11.60
2000	12	4	9.75
2000	12	5	4.94
2000	12	6	7.33
2000	12	7	10.15
2000	12	8	9.75
2000	12	9	9.75
2000	12	10	9.50
2000	12	11	11.29
2000	12	12	12.60
2000	12	13	11.06
2000	12	14	11.50
2000	12	15	12.75
2000	12	16	13.13
2000	12	17	9.04
2000	12	18	10.73
2000	12	19	11.40
2000	12	20	8.67
2000	12	21	9.25
2000	12	22	10.46
2000	12	23	11.15
2000	12	24	10.42
2000	12	25	10.85
2000	12	26	9.65
2000	12	27	10.83
2000	12	28	11.13
2000	12	29	10.15
2000	12	30	10.46
2000	12	31	10.44
2001	1	1	7.77
2001	1	2	10.96
2001	1	3	12.06
2001	1	4	11.50
2001	1	5	12.79
2001	1	6	17.31
2001	1	7	15.48
2001	1	8	8.46
2001	1	9	6.19
2001	1	10	8.50
2001	1	11	10.81
2001	1	12	8.83
2001	1	13	9.81
2001	1	14	9.88
2001	1	15	8.17
2001	1	16	9.00
2001	1	17	9.85
2001	1	18	10.83
2001	1	19	11.92
2001	1	20	8.77
2001	1	21	-2.50
2001	1	22	-9.71
2001	1	23	-6.73
2001	1	24	-0.15
2001	1	25	5.19
2001	1	26	4.88
2001	1	27	3.40
2001	1	28	4.79
2001	1	29	1.79
2001	1	30	0.23
2001	1	31	-1.44
2001	2	1	-7.50
2001	2	2	-8.15
2001	2	3	-7.77
2001	2	4	-6.65
2001	2	5	-1.00
2001	2	6	1.71
2001	2	7	-0.67
2001	2	8	-4.75
2001	2	9	-3.38
2001	2	10	-6.85
2001	2	11	-9.19
2001	2	12	-8.71
2001	2	13	-8.65
2001	2	14	-8.25
2001	2	15	-10.88
2001	2	16	-8.48
2001	2	17	-8.50
2001	2	18	-10.54
2001	2	19	-9.96
2001	2	20	-7.73
2001	2	21	-8.02
2001	2	22	-7.52
2001	2	23	-7.54
2001	2	24	-9.02
2001	2	25	-10.38
2001	2	26	-8.15
2001	2	27	-6.96
2001	2	28	-9.29
2001	3	1	-10.98
2001	3	2	-8.38
2001	3	3	-9.15
2001	3	4	-11.29
2001	3	5	-11.06
2001	3	6	-10.54
2001	3	7	-10.90
2001	3	8	-9.27
2001	3	9	-9.10
2001	3	10	-8.79
2001	3	11	-9.52
2001	3	12	-8.88
2001	3	13	-8.27
2001	3	14	-6.79
2001	3	15	-10.88
2001	3	16	-11.00
2001	3	17	-11.44
2001	3	18	-10.27
2001	3	19	-4.98
2001	3	20	-8.98
2001	3	21	-14.65
2001	3	22	-13.02
2001	3	23	-8.60
2001	3	24	-1.33
2001	3	25	-4.88
2001	3	26	-11.21
2001	3	27	-12.23
2001	3	28	-11.60
2001	3	29	-9.67
2001	3	30	-7.92
2001	3	31	-12.21
2001	4	1	-12.60
2001	4	2	-10.94
2001	4	3	-9.63
2001	4	4	-9.48
2001	4	5	-9.92
2001	4	6	-10.58
2001	4	7	-10.98
2001	4	8	-12.25
2001	4	9	-12.35
2001	4	10	-9.67
2001	4	11	-7.85
2001	4	12	-8.94
2001	4	13	-8.27
2001	4	14	-9.00
2001	4	15	-9.33
2001	4	16	-7.40
2001	4	17	-9.65
2001	4	18	-9.48
2001	4	19	-8.75
2001	4	20	-9.92
2001	4	21	-10.65
2001	4	22	-13.60
2001	4	23	-13.73
2001	4	24	-12.33
2001	4	25	-10.19
2001	4	26	-8.77
2001	4	27	-9.19
2001	4	28	-9.50
2001	4	29	-10.40
2001	4	30	-10.54
2001	5	1	-9.71
2001	5	2	-10.15
2001	5	3	-9.10
2001	5	4	-6.79
2001	5	5	-6.69
2001	5	6	-8.56
2001	5	7	-9.31
2001	5	8	-9.46
2001	5	9	-10.10
2001	5	10	-10.27
2001	5	11	-10.17
2001	5	12	-10.56
2001	5	13	-10.04
2001	5	14	-10.67
2001	5	15	-10.67
2001	5	16	-10.06
2001	5	17	-9.58
2001	5	18	-9.50
2001	5	19	-10.33
2001	5	20	-11.71
2001	5	21	-9.88
2001	5	22	-8.40
2001	5	23	-9.06
2001	5	24	-9.63
2001	5	25	-10.40
2001	5	26	-10.77
2001	5	27	-8.75
2001	5	28	-6.67
2001	5	29	-7.10
2001	5	30	-8.23
2001	5	31	-8.50
2001	6	1	-9.73
2001	6	2	-9.71
2001	6	3	-10.92
2001	6	4	-12.27
2001	6	5	-9.35
2001	6	6	-8.75
2001	6	7	-8.92
2001	6	8	-9.25
2001	6	9	-10.71
2001	6	10	-11.96
2001	6	11	-9.29
2001	6	12	-7.77
2001	6	13	-8.52
2001	6	14	-9.40
2001	6	15	-10.19
2001	6	16	-11.29
2001	6	17	-11.15
2001	6	18	-10.21
2001	6	19	-11.02
2001	6	20	-11.00
2001	6	21	-8.75
2001	6	22	-9.13
2001	6	23	-10.83
2001	6	24	-12.00
2001	6	25	-9.48
2001	6	26	-10.21
2001	6	27	-10.96
2001	6	28	-11.35
2001	6	29	-8.92
2001	6	30	-9.85
2001	7	1	-11.73
2001	7	2	-10.81
2001	7	3	-9.40
2001	7	4	-10.50
2001	7	5	-11.19
2001	7	6	-9.92
2001	7	7	-10.02
2001	7	8	-10.79
2001	7	9	-11.21
2001	7	10	-11.94
2001	7	11	-11.60
2001	7	12	-8.96
2001	7	13	-5.25
2001	7	14	-5.42
2001	7	15	-7.08
2001	7	16	-8.15
2001	7	17	-9.35
2001	7	18	-10.02
2001	7	19	-8.52
2001	7	20	-6.23
2001	7	21	-7.81
2001	7	22	-7.42
2001	7	23	-5.56
2001	7	24	0.40
2001	7	25	1.00
2001	7	26	1.31
2001	7	27	1.90
2001	7	28	2.17
2001	7	29	0.10
2001	7	30	-0.15
2001	7	31	-0.33
2001	8	1	-1.77
2001	8	2	-3.29
2001	8	3	-3.69
2001	8	4	-5.29
2001	8	5	-7.23
2001	8	6	-8.81
2001	8	7	-8.42
2001	8	8	-4.75
2001	8	9	-1.69
2001	8	10	4.96
2001	8	11	5.23
2001	8	12	2.85
2001	8	13	1.85
2001	8	14	1.29
2001	8	15	1.15
2001	8	16	1.00
2001	8	17	0.06
2001	8	18	-1.25
2001	8	19	-1.02
2001	8	20	-1.15
2001	8	21	-1.96
2001	8	22	-2.58
2001	8	23	-3.27
2001	8	24	-3.85
2001	8	25	-5.13
2001	8	26	-7.31
2001	8	27	-5.63
2001	8	28	-5.35
2001	8	29	-5.17
2001	8	30	-5.15
2001	8	31	-5.27
2001	9	1	-5.96
2001	9	2	-7.90
2001	9	3	-7.48
2001	9	4	-2.90
2001	9	5	-1.08
2001	9	6	0.77
2001	9	7	3.79
2001	9	8	5.13
2001	9	9	5.06
2001	9	10	8.00
2001	9	11	9.58
2001	9	12	9.98
2001	9	13	9.98
2001	9	14	11.67
2001	9	15	9.77
2001	9	16	11.29
2001	9	17	13.06
2001	9	18	15.06
2001	9	19	13.10
2001	9	20	16.50
2001	9	21	13.60
2001	9	22	5.56
2001	9	23	-0.63
2001	9	24	-3.94
2001	9	25	-1.35
2001	9	26	1.06
2001	9	27	4.13
2001	9	28	7.44
2001	9	29	5.60
2001	9	30	-0.44
2001	10	1	-3.48
2001	10	2	2.85
2001	10	3	12.58
2001	10	4	11.85
2001	10	5	10.04
2001	10	6	9.42
2001	10	7	8.40
2001	10	8	6.85
2001	10	9	9.75
2001	10	10	12.02
2001	10	11	11.75
2001	10	12	11.83
2001	10	13	10.33
2001	10	14	9.46
2001	10	15	10.02
2001	10	16	10.83
2001	10	17	10.31
2001	10	18	9.19
2001	10	19	10.48
2001	10	20	9.04
2001	10	21	9.35
2001	10	22	10.56
2001	10	23	10.48
2001	10	24	10.69
2001	10	25	9.48
2001	10	26	9.19
2001	10	27	9.69
2001	10	28	9.00
2001	10	29	9.00
2001	10	30	9.50
2001	10	31	10.90
2001	11	1	11.48
2001	11	2	11.15
2001	11	3	9.65
2001	11	4	8.52
2001	11	5	7.58
2001	11	6	7.63
2001	11	7	8.33
2001	11	8	10.44
2001	11	9	12.98
2001	11	10	9.00
2001	11	11	7.79
2001	11	12	8.75
2001	11	13	11.52
2001	11	14	11.73
2001	11	15	6.58
2001	11	16	6.46
2001	11	17	6.85
2001	11	18	6.38
2001	11	19	6.67
2001	11	20	7.92
2001	11	21	7.94
2001	11	22	10.81
2001	11	23	11.27
2001	11	24	6.92
2001	11	25	7.79
2001	11	26	11.67
2001	11	27	9.63
2001	11	28	6.25
2001	11	29	6.40
2001	11	30	13.56
2001	12	1	14.17
2001	12	2	10.54
2001	12	3	4.56
2001	12	4	8.00
2001	12	5	11.02
2001	12	6	11.25
2001	12	7	10.21
2001	12	8	9.46
2001	12	9	9.17
2001	12	10	9.44
2001	12	11	10.58
2001	12	12	12.06
2001	12	13	10.38
2001	12	14	8.90
2001	12	15	8.54
2001	12	16	7.46
2001	12	17	7.02
2001	12	18	8.08
2001	12	19	8.88
2001	12	20	9.94
2001	12	21	11.52
2001	12	22	16.35
2001	12	23	14.79
2001	12	24	10.17
2001	12	25	13.98
2001	12	26	18.46
2001	12	27	17.06
2001	12	28	20.38
2001	12	29	25.21
2001	12	30	21.35
2001	12	31	11.44
2002	1	1	3.71
2002	1	2	4.81
2002	1	3	6.90
2002	1	4	8.42
2002	1	5	9.15
2002	1	6	9.27
2002	1	7	9.65
2002	1	8	10.83
2002	1	9	11.35
2002	1	10	9.25
2002	1	11	9.31
2002	1	12	10.04
2002	1	13	9.17
2002	1	14	9.67
2002	1	15	10.79
2002	1	16	12.27
2002	1	17	7.96
2002	1	18	9.42
2002	1	19	11.92
2002	1	20	11.19
2002	1	21	13.73
2002	1	22	11.96
2002	1	23	7.81
2002	1	24	9.08
2002	1	25	9.63
2002	1	26	3.65
2002	1	27	15.17
2002	1	28	22.67
2002	1	29	23.60
2002	1	30	16.58
2002	1	31	7.81
2002	2	1	1.44
2002	2	2	3.92
2002	2	3	5.08
2002	2	4	4.77
2002	2	5	4.50
2002	2	6	9.77
2002	2	7	9.27
2002	2	8	3.08
2002	2	9	1.21
2002	2	10	1.92
2002	2	11	1.52
2002	2	12	5.90
2002	2	13	11.48
2002	2	14	9.67
2002	2	15	6.42
2002	2	16	7.25
2002	2	17	7.25
2002	2	18	6.52
2002	2	19	4.29
2002	2	20	4.79
2002	2	21	8.96
2002	2	22	5.81
2002	2	23	16.00
2002	2	24	18.23
2002	2	25	14.04
2002	2	26	18.88
2002	2	27	25.60
2002	2	28	23.04
2002	3	1	17.44
2002	3	2	8.35
2002	3	3	3.06
2002	3	4	5.67
2002	3	5	8.60
2002	3	6	11.17
2002	3	7	13.44
2002	3	8	12.15
2002	3	9	11.10
2002	3	10	8.69
2002	3	11	8.75
2002	3	12	10.31
2002	3	13	10.50
2002	3	14	8.25
2002	3	15	8.90
2002	3	16	10.02
2002	3	17	9.90
2002	3	18	9.98
2002	3	19	11.40
2002	3	20	7.67
2002	3	21	8.67
2002	3	22	12.42
2002	3	23	8.06
2002	3	24	7.69
2002	3	25	7.85
2002	3	26	9.10
2002	3	27	10.00
2002	3	28	10.25
2002	3	29	10.35
2002	3	30	9.83
2002	3	31	8.85
2002	4	1	8.38
2002	4	2	8.46
2002	4	3	8.19
2002	4	4	8.29
2002	4	5	7.44
2002	4	6	6.13
2002	4	7	4.04
2002	4	8	4.42
2002	4	9	4.31
2002	4	10	3.65
2002	4	11	2.94
2002	4	12	3.19
2002	4	13	2.29
2002	4	14	0.00
2002	4	15	-1.23
2002	4	16	-1.25
2002	4	17	-1.73
2002	4	18	-2.33
2002	4	19	-3.17
2002	4	20	-4.13
2002	4	21	-6.23
2002	4	22	-7.38
2002	4	23	-7.31
2002	4	24	-7.44
2002	4	25	-7.52
2002	4	26	-7.73
2002	4	27	-7.33
2002	4	28	-12.58
2002	4	29	-12.13
2002	4	30	-9.27
2002	5	1	-9.35
2002	5	2	-9.52
2002	5	3	-9.10
2002	5	4	-10.79
2002	5	5	-11.38
2002	5	6	-8.85
2002	5	7	-8.02
2002	5	8	-7.27
2002	5	9	-7.50
2002	5	10	-9.38
2002	5	11	-10.35
2002	5	12	-11.77
2002	5	13	-12.98
2002	5	14	-11.00
2002	5	15	-9.71
2002	5	16	-7.77
2002	5	17	-7.77
2002	5	18	-8.85
2002	5	19	-10.94
2002	5	20	-11.63
2002	5	21	-8.92
2002	5	22	-8.98
2002	5	23	-9.31
2002	5	24	-10.46
2002	5	25	-10.90
2002	5	26	-12.25
2002	5	27	-8.63
2002	5	28	-5.42
2002	5	29	-4.96
2002	5	30	-5.71
2002	5	31	-6.25
2002	6	1	-7.54
2002	6	2	-9.67
2002	6	3	-9.54
2002	6	4	-9.54
2002	6	5	-6.77
2002	6	6	-6.04
2002	6	7	-6.19
2002	6	8	-7.27
2002	6	9	-8.83
2002	6	10	-8.48
2002	6	11	-7.96
2002	6	12	-7.40
2002	6	13	-6.85
2002	6	14	-6.83
2002	6	15	-6.52
2002	6	16	-8.21
2002	6	17	-8.65
2002	6	18	-8.52
2002	6	19	-8.96
2002	6	20	-7.92
2002	6	21	-7.54
2002	6	22	-8.58
2002	6	23	-11.88
2002	6	24	-13.04
2002	6	25	-10.79
2002	6	26	-10.31
2002	6	27	-8.27
2002	6	28	-8.65
2002	6	29	-11.35
2002	6	30	-13.88
2002	7	1	-11.17
2002	7	2	-10.63
2002	7	3	-8.75
2002	7	4	-4.71
2002	7	5	-4.42
2002	7	6	-4.96
2002	7	7	-8.04
2002	7	8	-8.13
2002	7	9	-7.85
2002	7	10	-8.06
2002	7	11	-8.23
2002	7	12	-8.19
2002	7	13	-8.08
2002	7	14	-7.60
2002	7	15	-5.60
2002	7	16	-5.54
2002	7	17	-6.27
2002	7	18	-7.25
2002	7	19	-8.27
2002	7	20	-8.15
2002	7	21	-8.79
2002	7	22	-5.54
2002	7	23	-6.44
2002	7	24	-6.71
2002	7	25	-7.48
2002	7	26	-8.27
2002	7	27	-9.33
2002	7	28	-7.19
2002	7	29	-5.83
2002	7	30	-6.44
2002	7	31	-6.06
2002	8	1	-3.67
2002	8	2	-1.65
2002	8	3	-2.92
2002	8	4	-4.56
2002	8	5	-3.67
2002	8	6	-1.06
2002	8	7	-1.77
2002	8	8	-6.00
2002	8	9	-6.06
2002	8	10	-6.13
2002	8	11	-8.31
2002	8	12	-8.75
2002	8	13	-6.13
2002	8	14	-6.88
2002	8	15	-7.52
2002	8	16	-8.27
2002	8	17	-10.15
2002	8	18	-12.44
2002	8	19	-6.67
2002	8	20	-4.42
2002	8	21	0.00
2002	8	22	-5.46
2002	8	23	-7.33
2002	8	24	-4.54
2002	8	25	-2.27
2002	8	26	-1.21
2002	8	27	-5.27
2002	8	28	-4.96
2002	8	29	-4.17
2002	8	30	-6.31
2002	8	31	-6.40
2002	9	1	-7.81
2002	9	2	-8.65
2002	9	3	-9.29
2002	9	4	-9.50
2002	9	5	-5.98
2002	9	6	-6.94
2002	9	7	-8.19
2002	9	8	-9.40
2002	9	9	-10.04
2002	9	10	-9.06
2002	9	11	-9.44
2002	9	12	-8.94
2002	9	13	-6.77
2002	9	14	-8.13
2002	9	15	-12.23
2002	9	16	-11.29
2002	9	17	-6.38
2002	9	18	-6.04
2002	9	19	-5.73
2002	9	20	-5.42
2002	9	21	-6.44
2002	9	22	-7.40
2002	9	23	-8.25
2002	9	24	-7.81
2002	9	25	-7.15
2002	9	26	-6.81
2002	9	27	-6.33
2002	9	28	-7.02
2002	9	29	-9.21
2002	9	30	-6.13
2002	10	1	-5.46
2002	10	2	-5.44
2002	10	3	-5.21
2002	10	4	-4.92
2002	10	5	-6.27
2002	10	6	-6.13
2002	10	7	-5.60
2002	10	8	-5.46
2002	10	9	-5.81
2002	10	10	-6.56
2002	10	11	-7.56
2002	10	12	-9.21
2002	10	13	-8.92
2002	10	14	-5.56
2002	10	15	-4.21
2002	10	16	-4.50
2002	10	17	-3.46
2002	10	18	-3.23
2002	10	19	-2.69
2002	10	20	-5.46
2002	10	21	-6.92
2002	10	22	-6.10
2002	10	23	-3.85
2002	10	24	-3.38
2002	10	25	-2.96
2002	10	26	-1.67
2002	10	27	-1.10
2002	10	28	-1.54
2002	10	29	-0.71
2002	10	30	0.50
2002	10	31	1.48
2002	11	1	1.65
2002	11	2	2.50
2002	11	3	4.44
2002	11	4	9.15
2002	11	5	13.60
2002	11	6	14.65
2002	11	7	12.60
2002	11	8	10.96
2002	11	9	15.35
2002	11	10	13.10
2002	11	11	9.29
2002	11	12	8.71
2002	11	13	8.27
2002	11	14	13.23
2002	11	15	11.06
2002	11	16	3.65
2002	11	17	1.35
2002	11	18	2.38
2002	11	19	4.42
2002	11	20	5.42
2002	11	21	6.85
2002	11	22	9.31
2002	11	23	10.77
2002	11	24	11.00
2002	11	25	12.29
2002	11	26	11.69
2002	11	27	6.44
2002	11	28	8.54
2002	11	29	11.54
2002	11	30	12.15
2002	12	1	5.98
2002	12	2	9.94
2002	12	3	12.19
2002	12	4	4.40
2002	12	5	5.67
2002	12	6	8.44
2002	12	7	8.63
2002	12	8	6.31
2002	12	9	6.06
2002	12	10	6.25
2002	12	11	6.08
2002	12	12	6.27
2002	12	13	6.60
2002	12	14	5.94
2002	12	15	4.04
2002	12	16	6.69
2002	12	17	11.81
2002	12	18	13.21
2002	12	19	11.63
2002	12	20	9.42
2002	12	21	3.23
2002	12	22	1.31
2002	12	23	5.60
2002	12	24	6.73
2002	12	25	11.40
2002	12	26	11.63
2002	12	27	10.17
2002	12	28	13.06
2002	12	29	6.25
2002	12	30	13.10
2002	12	31	18.67
2003	1	1	20.15
2003	1	2	22.92
2003	1	3	30.19
2003	1	4	32.79
2003	1	5	25.33
2003	1	6	15.44
2003	1	7	3.98
2003	1	8	2.40
2003	1	9	4.71
2003	1	10	5.79
2003	1	11	6.31
2003	1	12	5.06
2003	1	13	5.63
2003	1	14	7.56
2003	1	15	8.90
2003	1	16	12.19
2003	1	17	13.52
2003	1	18	8.27
2003	1	19	5.88
2003	1	20	6.83
2003	1	21	10.58
2003	1	22	13.31
2003	1	23	12.17
2003	1	24	5.71
2003	1	25	5.54
2003	1	26	4.75
2003	1	27	5.81
2003	1	28	9.52
2003	1	29	14.79
2003	1	30	14.56
2003	1	31	11.21
2003	2	1	0.85
2003	2	2	-1.13
2003	2	3	3.92
2003	2	4	10.27
2003	2	5	14.23
2003	2	6	13.35
2003	2	7	11.44
2003	2	8	11.40
2003	2	9	11.31
2003	2	10	14.02
2003	2	11	10.21
2003	2	12	10.92
2003	2	13	11.96
2003	2	14	12.60
2003	2	15	10.81
2003	2	16	8.81
2003	2	17	10.29
2003	2	18	11.00
2003	2	19	10.77
2003	2	20	11.40
2003	2	21	11.69
2003	2	22	10.83
2003	2	23	7.90
2003	2	24	7.21
2003	2	25	8.13
2003	2	26	8.56
2003	2	27	8.56
2003	2	28	8.54
2003	3	1	8.25
2003	3	2	7.23
2003	3	3	8.29
2003	3	4	9.63
2003	3	5	10.52
2003	3	6	11.67
2003	3	7	11.58
2003	3	8	11.13
2003	3	9	8.90
2003	3	10	8.52
2003	3	11	6.00
2003	3	12	5.00
2003	3	13	2.69
2003	3	14	-2.58
2003	3	15	-4.06
2003	3	16	-6.46
2003	3	17	-5.81
2003	3	18	-4.13
2003	3	19	-3.58
2003	3	20	-2.77
2003	3	21	-2.52
2003	3	22	-3.90
2003	3	23	-5.79
2003	3	24	-2.10
2003	3	25	-1.73
2003	3	26	-1.94
2003	3	27	-1.40
2003	3	28	-1.88
2003	3	29	-3.15
2003	3	30	-4.92
2003	3	31	-4.73
2003	4	1	-4.69
2003	4	2	-0.94
2003	4	3	-0.06
2003	4	4	-0.96
2003	4	5	-1.23
2003	4	6	-4.48
2003	4	7	-4.96
2003	4	8	-5.00
2003	4	9	-5.58
2003	4	10	-6.19
2003	4	11	-6.71
2003	4	12	-7.98
2003	4	13	-10.38
2003	4	14	-9.46
2003	4	15	-8.48
2003	4	16	-6.13
2003	4	17	-4.29
2003	4	18	-4.92
2003	4	19	-7.23
2003	4	20	-10.23
2003	4	21	-7.83
2003	4	22	-4.75
2003	4	23	-5.04
2003	4	24	-6.10
2003	4	25	-6.90
2003	4	26	-7.40
2003	4	27	-7.90
2003	4	28	-6.79
2003	4	29	-5.58
2003	4	30	-5.65
2003	5	1	-5.42
2003	5	2	-5.42
2003	5	3	-6.15
2003	5	4	-9.48
2003	5	5	-8.58
2003	5	6	-6.67
2003	5	7	-6.75
2003	5	8	-6.81
2003	5	9	-7.19
2003	5	10	-8.42
2003	5	11	-9.42
2003	5	12	-9.25
2003	5	13	-7.19
2003	5	14	-6.60
2003	5	15	-6.02
2003	5	16	-5.92
2003	5	17	-7.54
2003	5	18	-9.90
2003	5	19	-7.65
2003	5	20	-5.67
2003	5	21	-4.04
2003	5	22	-2.44
2003	5	23	-1.38
2003	5	24	0.00
2003	5	25	1.23
2003	5	26	4.38
2003	5	27	5.58
2003	5	28	5.40
2003	5	29	5.29
2003	5	30	4.88
2003	5	31	3.31
2003	6	1	0.10
2003	6	2	0.67
2003	6	3	0.79
2003	6	4	0.90
2003	6	5	0.48
2003	6	6	-0.40
2003	6	7	-1.85
2003	6	8	-5.17
2003	6	9	-5.94
2003	6	10	-5.58
2003	6	11	-5.48
2003	6	12	-6.15
2003	6	13	-6.60
2003	6	14	-8.52
2003	6	15	-11.19
2003	6	16	-9.19
2003	6	17	-6.35
2003	6	18	-6.67
2003	6	19	-7.81
2003	6	20	-7.77
2003	6	21	-6.65
2003	6	22	-9.08
2003	6	23	-5.56
2003	6	24	-5.85
2003	6	25	-6.60
2003	6	26	-5.08
2003	6	27	-4.31
2003	6	28	-6.38
2003	6	29	-10.08
2003	6	30	-7.31
2003	7	1	-4.65
2003	7	2	-2.10
2003	7	3	-0.52
2003	7	4	0.46
2003	7	5	2.27
2003	7	6	-0.06
2003	7	7	-0.02
2003	7	8	-0.69
2003	7	9	-1.46
2003	7	10	-2.54
2003	7	11	-3.08
2003	7	12	-4.63
2003	7	13	-7.71
2003	7	14	-10.67
2003	7	15	-10.90
2003	7	16	-8.71
2003	7	17	-9.96
2003	7	18	-9.65
2003	7	19	-8.92
2003	7	20	-8.90
2003	7	21	-6.48
2003	7	22	-4.65
2003	7	23	-3.56
2003	7	24	-4.63
2003	7	25	-6.69
2003	7	26	-8.10
2003	7	27	-7.85
2003	7	28	-6.08
2003	7	29	-5.83
2003	7	30	-6.33
2003	7	31	-7.23
2003	8	1	-8.08
2003	8	2	-9.38
2003	8	3	-7.77
2003	8	4	-2.63
2003	8	5	-3.44
2003	8	6	-4.81
2003	8	7	-5.40
2003	8	8	-6.29
2003	8	9	-8.19
2003	8	10	-7.92
2003	8	11	-4.15
2003	8	12	-4.52
2003	8	13	-5.19
2003	8	14	-5.83
2003	8	15	-6.06
2003	8	16	-5.75
2003	8	17	-7.46
2003	8	18	-4.54
2003	8	19	-3.04
2003	8	20	0.19
2003	8	21	2.44
2003	8	22	2.29
2003	8	23	1.33
2003	8	24	1.60
2003	8	25	2.81
2003	8	26	2.00
2003	8	27	0.92
2003	8	28	-0.38
2003	8	29	0.71
2003	8	30	1.25
2003	8	31	-2.17
2003	9	1	-3.21
2003	9	2	-1.54
2003	9	3	-0.54
2003	9	4	-0.25
2003	9	5	-0.79
2003	9	6	-1.42
2003	9	7	-3.38
2003	9	8	-2.00
2003	9	9	0.69
2003	9	10	3.65
2003	9	11	6.10
2003	9	12	5.33
2003	9	13	3.23
2003	9	14	-0.94
2003	9	15	-2.00
2003	9	16	-0.56
2003	9	17	-0.23
2003	9	18	-1.00
2003	9	19	-1.50
2003	9	20	0.46
2003	9	21	0.77
2003	9	22	0.69
2003	9	23	2.23
2003	9	24	1.04
2003	9	25	-0.04
2003	9	26	-0.94
2003	9	27	-2.02
2003	9	28	-1.69
2003	9	29	2.94
2003	9	30	2.42
2003	10	1	2.06
2003	10	2	2.73
2003	10	3	2.83
2003	10	4	2.42
2003	10	5	0.83
2003	10	6	-0.98
2003	10	7	0.52
2003	10	8	2.17
2003	10	9	4.96
2003	10	10	5.77
2003	10	11	5.35
2003	10	12	3.63
2003	10	13	3.69
2003	10	14	3.13
2003	10	15	2.13
2003	10	16	1.50
2003	10	17	0.44
2003	10	18	-1.67
2003	10	19	-4.29
2003	10	20	-2.52
2003	10	21	-2.63
2003	10	22	-3.15
2003	10	23	-3.50
2003	10	24	-4.79
2003	10	25	-5.98
2003	10	26	-6.98
2003	10	27	-3.42
2003	10	28	-2.98
2003	10	29	-3.85
2003	10	30	-3.52
2003	10	31	-2.58
2003	11	1	-2.96
2003	11	2	-6.58
2003	11	3	-6.71
2003	11	4	-5.60
2003	11	5	-5.31
2003	11	6	-5.48
2003	11	7	-4.58
2003	11	8	-5.33
2003	11	9	-4.63
2003	11	10	-2.83
2003	11	11	-2.73
2003	11	12	-3.02
2003	11	13	-2.98
2003	11	14	-3.60
2003	11	15	-4.69
2003	11	16	-6.21
2003	11	17	-5.23
2003	11	18	-3.88
2003	11	19	-3.85
2003	11	20	-3.96
2003	11	21	-3.81
2003	11	22	-4.44
2003	11	23	-6.33
2003	11	24	-4.44
2003	11	25	-3.31
2003	11	26	-3.83
2003	11	27	-1.71
2003	11	28	-1.73
2003	11	29	-2.58
2003	11	30	-1.54
2003	12	1	1.15
2003	12	2	2.38
2003	12	3	2.94
2003	12	4	3.17
2003	12	5	2.63
2003	12	6	1.27
2003	12	7	-1.06
2003	12	8	-1.96
2003	12	9	-1.83
2003	12	10	-2.46
2003	12	11	-2.71
2003	12	12	-4.19
2003	12	13	-9.98
2003	12	14	-3.15
2003	12	15	3.02
2003	12	16	5.90
2003	12	17	7.92
2003	12	18	9.42
2003	12	19	10.17
2003	12	20	7.63
2003	12	21	1.56
2003	12	22	0.85
2003	12	23	3.02
2003	12	24	6.29
2003	12	25	8.79
2003	12	26	3.48
2003	12	27	-3.44
2003	12	28	-1.56
2003	12	29	1.56
2003	12	30	5.42
2003	12	31	5.63
2004	1	1	3.85
2004	1	2	5.19
2004	1	3	4.48
2004	1	4	1.96
2004	1	5	3.33
2004	1	6	5.42
2004	1	7	8.02
2004	1	8	8.25
2004	1	9	5.48
2004	1	10	-1.77
2004	1	11	-5.81
2004	1	12	0.08
2004	1	13	4.96
2004	1	14	11.48
2004	1	15	9.13
2004	1	16	6.88
2004	1	17	8.33
2004	1	18	2.46
2004	1	19	2.27
2004	1	20	8.06
2004	1	21	9.23
2004	1	22	5.02
2004	1	23	4.79
2004	1	24	6.21
2004	1	25	6.46
2004	1	26	9.73
2004	1	27	9.21
2004	1	28	8.58
2004	1	29	11.83
2004	1	30	11.17
2004	1	31	9.46
2004	2	1	14.06
2004	2	2	16.13
2004	2	3	17.85
2004	2	4	12.65
2004	2	5	5.06
2004	2	6	-2.90
2004	2	7	-2.46
2004	2	8	2.17
2004	2	9	5.25
2004	2	10	7.96
2004	2	11	12.27
2004	2	12	11.50
2004	2	13	11.00
2004	2	14	8.00
2004	2	15	8.98
2004	2	16	10.83
2004	2	17	9.98
2004	2	18	11.46
2004	2	19	9.73
2004	2	20	7.48
2004	2	21	7.42
2004	2	22	8.00
2004	2	23	10.06
2004	2	24	10.21
2004	2	25	10.69
2004	2	26	10.85
2004	2	27	10.83
2004	2	28	9.92
2004	2	29	10.75
2004	3	1	11.54
2004	3	2	9.06
2004	3	3	10.56
2004	3	4	10.60
2004	3	5	9.92
2004	3	6	11.46
2004	3	7	12.54
2004	3	8	12.75
2004	3	9	11.81
2004	3	10	11.06
2004	3	11	11.19
2004	3	12	9.65
2004	3	13	9.42
2004	3	14	9.60
2004	3	15	10.98
2004	3	16	9.85
2004	3	17	10.21
2004	3	18	8.52
2004	3	19	5.98
2004	3	20	7.54
2004	3	21	10.56
2004	3	22	13.35
2004	3	23	12.58
2004	3	24	10.02
2004	3	25	10.67
2004	3	26	11.63
2004	3	27	9.17
2004	3	28	8.67
2004	3	29	10.60
2004	3	30	10.85
2004	3	31	10.10
2004	4	1	9.58
2004	4	2	9.21
2004	4	3	7.19
2004	4	4	-0.54
2004	4	5	-0.23
2004	4	6	1.73
2004	4	7	3.58
2004	4	8	4.44
2004	4	9	5.48
2004	4	10	5.19
2004	4	11	5.48
2004	4	12	6.90
2004	4	13	7.08
2004	4	14	6.94
2004	4	15	6.67
2004	4	16	6.58
2004	4	17	5.79
2004	4	18	4.23
2004	4	19	7.38
2004	4	20	7.96
2004	4	21	7.58
2004	4	22	8.27
2004	4	23	8.46
2004	4	24	6.88
2004	4	25	6.27
2004	4	26	7.63
2004	4	27	7.27
2004	4	28	7.13
2004	4	29	7.65
2004	4	30	8.06
2004	5	1	9.21
2004	5	2	9.75
2004	5	3	10.29
2004	5	4	8.96
2004	5	5	9.29
2004	5	6	10.60
2004	5	7	10.58
2004	5	8	10.15
2004	5	9	11.25
2004	5	10	12.27
2004	5	11	12.17
2004	5	12	10.75
2004	5	13	9.71
2004	5	14	8.96
2004	5	15	7.06
2004	5	16	4.83
2004	5	17	5.04
2004	5	18	4.50
2004	5	19	4.13
2004	5	20	3.56
2004	5	21	3.56
2004	5	22	2.02
2004	5	23	1.25
2004	5	24	1.67
2004	5	25	1.10
2004	5	26	0.19
2004	5	27	-1.31
2004	5	28	-2.67
2004	5	29	-5.29
2004	5	30	-8.19
2004	5	31	-7.44
2004	6	1	-7.81
2004	6	2	-5.83
2004	6	3	-5.31
2004	6	4	-5.15
2004	6	5	-5.77
2004	6	6	-6.75
2004	6	7	-5.29
2004	6	8	-4.67
2004	6	9	-5.04
2004	6	10	-5.56
2004	6	11	-5.81
2004	6	12	-7.10
2004	6	13	-8.73
2004	6	14	-7.65
2004	6	15	-7.17
2004	6	16	-8.21
2004	6	17	-9.10
2004	6	18	-9.48
2004	6	19	-11.00
2004	6	20	-12.04
2004	6	21	-8.88
2004	6	22	-9.60
2004	6	23	-9.98
2004	6	24	-9.27
2004	6	25	-9.17
2004	6	26	-10.19
2004	6	27	-8.21
2004	6	28	-7.33
2004	6	29	-7.75
2004	6	30	-9.02
2004	7	1	-8.54
2004	7	2	-6.02
2004	7	3	-5.54
2004	7	4	-6.96
2004	7	5	-4.81
2004	7	6	-6.46
2004	7	7	-7.17
2004	7	8	-6.48
2004	7	9	-5.94
2004	7	10	-8.19
2004	7	11	-6.92
2004	7	12	-2.69
2004	7	13	-1.17
2004	7	14	-2.15
2004	7	15	-0.73
2004	7	16	-0.90
2004	7	17	-1.73
2004	7	18	-2.71
2004	7	19	-1.44
2004	7	20	0.08
2004	7	21	0.71
2004	7	22	1.52
2004	7	23	2.52
2004	7	24	1.15
2004	7	25	-1.65
2004	7	26	-0.06
2004	7	27	-1.15
2004	7	28	-3.46
2004	7	29	-4.27
2004	7	30	-7.27
2004	7	31	-8.52
2004	8	1	-8.58
2004	8	2	-4.75
2004	8	3	-6.23
2004	8	4	-7.00
2004	8	5	-6.92
2004	8	6	-6.54
2004	8	7	-7.38
2004	8	8	-9.88
2004	8	9	-10.21
2004	8	10	-9.96
2004	8	11	-9.38
2004	8	12	-9.54
2004	8	13	-8.54
2004	8	14	-5.50
2004	8	15	-3.98
2004	8	16	-3.40
2004	8	17	-6.46
2004	8	18	-8.92
2004	8	19	-9.33
2004	8	20	-6.92
2004	8	21	-8.69
2004	8	22	-10.92
2004	8	23	-7.56
2004	8	24	-6.31
2004	8	25	-5.00
2004	8	26	-5.44
2004	8	27	-8.48
2004	8	28	-9.92
2004	8	29	-10.83
2004	8	30	-8.63
2004	8	31	-7.69
2004	9	1	-7.48
2004	9	2	-7.50
2004	9	3	-6.48
2004	9	4	-6.85
2004	9	5	-8.42
2004	9	6	-6.15
2004	9	7	-6.15
2004	9	8	-9.50
2004	9	9	-10.31
2004	9	10	-8.44
2004	9	11	-9.58
2004	9	12	-9.77
2004	9	13	-6.52
2004	9	14	-5.85
2004	9	15	-6.04
2004	9	16	-7.23
2004	9	17	-7.85
2004	9	18	-8.85
2004	9	19	-7.04
2004	9	20	-5.94
2004	9	21	-4.42
2004	9	22	-6.46
2004	9	23	-3.17
2004	9	24	-2.98
2004	9	25	-6.27
2004	9	26	-8.79
2004	9	27	-8.71
2004	9	28	-8.02
2004	9	29	-6.44
2004	9	30	-6.40
2004	10	1	-6.44
2004	10	2	-7.73
2004	10	3	-8.83
2004	10	4	-4.40
2004	10	5	-3.48
2004	10	6	-5.92
2004	10	7	-6.65
2004	10	8	-8.02
2004	10	9	-8.83
2004	10	10	-7.98
2004	10	11	-5.94
2004	10	12	-7.00
2004	10	13	-7.63
2004	10	14	-8.06
2004	10	15	-7.35
2004	10	16	-8.98
2004	10	17	-10.10
2004	10	18	-5.29
2004	10	19	-4.46
2004	10	20	-5.98
2004	10	21	-6.71
2004	10	22	-8.08
2004	10	23	-8.75
2004	10	24	-8.85
2004	10	25	-4.88
2004	10	26	-3.96
2004	10	27	-6.54
2004	10	28	-8.48
2004	10	29	-8.33
2004	10	30	-6.77
2004	10	31	-5.23
2004	11	1	-4.40
2004	11	2	-6.27
2004	11	3	-7.42
2004	11	4	-7.08
2004	11	5	-6.42
2004	11	6	-7.08
2004	11	7	-9.13
2004	11	8	-8.83
2004	11	9	-7.40
2004	11	10	-6.67
2004	11	11	-6.00
2004	11	12	-5.83
2004	11	13	-5.44
2004	11	14	-7.35
2004	11	15	-7.17
2004	11	16	-5.98
2004	11	17	-5.48
2004	11	18	-3.13
2004	11	19	6.54
2004	11	20	5.46
2004	11	21	4.52
2004	11	22	8.67
2004	11	23	11.35
2004	11	24	10.65
2004	11	25	11.56
2004	11	26	8.92
2004	11	27	6.63
2004	11	28	6.25
2004	11	29	10.00
2004	11	30	10.98
2004	12	1	12.00
2004	12	2	12.73
2004	12	3	8.67
2004	12	4	8.00
2004	12	5	7.63
2004	12	6	9.75
2004	12	7	10.69
2004	12	8	10.31
2004	12	9	9.92
2004	12	10	9.94
2004	12	11	9.29
2004	12	12	6.92
2004	12	13	7.71
2004	12	14	7.88
2004	12	15	7.42
2004	12	16	1.90
2004	12	17	-3.52
2004	12	18	-1.38
2004	12	19	2.23
2004	12	20	6.10
2004	12	21	7.63
2004	12	22	8.10
2004	12	23	10.33
2004	12	24	11.81
2004	12	25	11.83
2004	12	26	11.21
2004	12	27	5.23
2004	12	28	5.52
2004	12	29	10.67
2004	12	30	10.08
2004	12	31	10.42
2005	1	1	9.46
2005	1	2	10.54
2005	1	3	11.60
2005	1	4	8.63
2005	1	5	10.10
2005	1	6	11.85
2005	1	7	12.65
2005	1	8	11.94
2005	1	9	10.52
2005	1	10	11.98
2005	1	11	11.81
2005	1	12	4.65
2005	1	13	3.00
2005	1	14	4.81
2005	1	15	6.63
2005	1	16	8.13
2005	1	17	9.29
2005	1	18	12.60
2005	1	19	15.21
2005	1	20	11.67
2005	1	21	17.69
2005	1	22	15.46
2005	1	23	7.00
2005	1	24	5.08
2005	1	25	7.00
2005	1	26	8.54
2005	1	27	8.77
2005	1	28	10.15
2005	1	29	10.31
2005	1	30	8.02
2005	1	31	8.29
2005	2	1	10.38
2005	2	2	12.08
2005	2	3	10.75
2005	2	4	11.56
2005	2	5	9.81
2005	2	6	9.42
2005	2	7	11.06
2005	2	8	9.19
2005	2	9	9.38
2005	2	10	11.23
2005	2	11	17.90
2005	2	12	22.42
2005	2	13	30.27
2005	2	14	33.40
2005	2	15	26.06
2005	2	16	12.10
2005	2	17	2.67
2005	2	18	4.44
2005	2	19	4.10
2005	2	20	4.17
2005	2	21	5.17
2005	2	22	7.23
2005	2	23	6.21
2005	2	24	7.85
2005	2	25	9.71
2005	2	26	10.50
2005	2	27	10.04
2005	2	28	10.60
2005	3	1	8.92
2005	3	2	6.75
2005	3	3	9.02
2005	3	4	8.31
2005	3	5	8.77
2005	3	6	9.56
2005	3	7	11.17
2005	3	8	11.15
2005	3	9	10.00
2005	3	10	1.40
2005	3	11	-3.52
2005	3	12	-2.29
2005	3	13	-0.19
2005	3	14	3.44
2005	3	15	5.63
2005	3	16	7.06
2005	3	17	10.17
2005	3	18	12.54
2005	3	19	9.27
2005	3	20	9.50
2005	3	21	10.40
2005	3	22	7.42
2005	3	23	5.31
2005	3	24	5.15
2005	3	25	5.60
2005	3	26	5.10
2005	3	27	6.00
2005	3	28	8.83
2005	3	29	9.04
2005	3	30	8.21
2005	3	31	10.31
2005	4	1	9.85
2005	4	2	7.81
2005	4	3	5.88
2005	4	4	7.13
2005	4	5	7.81
2005	4	6	7.27
2005	4	7	7.46
2005	4	8	9.81
2005	4	9	9.60
2005	4	10	9.85
2005	4	11	11.52
2005	4	12	8.04
2005	4	13	7.83
2005	4	14	6.19
2005	4	15	7.35
2005	4	16	7.54
2005	4	17	7.90
2005	4	18	9.46
2005	4	19	9.40
2005	4	20	6.06
2005	4	21	5.85
2005	4	22	5.44
2005	4	23	4.92
2005	4	24	5.17
2005	4	25	6.60
2005	4	26	6.77
2005	4	27	7.75
2005	4	28	7.00
2005	4	29	8.06
2005	4	30	5.52
2005	5	1	4.75
2005	5	2	6.92
2005	5	3	8.25
2005	5	4	12.00
2005	5	5	13.75
2005	5	6	10.25
2005	5	7	5.17
2005	5	8	7.13
2005	5	9	10.10
2005	5	10	10.92
2005	5	11	11.02
2005	5	12	10.06
2005	5	13	10.04
2005	5	14	8.88
2005	5	15	7.56
2005	5	16	8.21
2005	5	17	7.83
2005	5	18	6.75
2005	5	19	6.58
2005	5	20	7.00
2005	5	21	6.71
2005	5	22	5.00
2005	5	23	6.04
2005	5	24	6.44
2005	5	25	6.29
2005	5	26	5.52
2005	5	27	5.25
2005	5	28	6.33
2005	5	29	5.29
2005	5	30	7.58
2005	5	31	7.81
2005	6	1	7.13
2005	6	2	5.85
2005	6	3	5.85
2005	6	4	8.40
2005	6	5	8.13
2005	6	6	9.98
2005	6	7	9.19
2005	6	8	7.54
2005	6	9	6.33
2005	6	10	6.19
2005	6	11	5.69
2005	6	12	4.90
2005	6	13	6.65
2005	6	14	6.00
2005	6	15	4.83
2005	6	16	4.06
2005	6	17	4.23
2005	6	18	2.94
2005	6	19	0.96
2005	6	20	0.88
2005	6	21	1.17
2005	6	22	0.27
2005	6	23	-0.85
2005	6	24	-1.77
2005	6	25	-3.56
2005	6	26	-5.77
2005	6	27	-3.77
2005	6	28	-4.27
2005	6	29	-2.56
2005	6	30	-0.50
2005	7	1	2.02
2005	7	2	1.58
2005	7	3	0.67
2005	7	4	6.83
2005	7	5	7.92
2005	7	6	4.60
2005	7	7	5.42
2005	7	8	6.52
2005	7	9	6.54
2005	7	10	6.85
2005	7	11	8.40
2005	7	12	7.81
2005	7	13	6.88
2005	7	14	5.75
2005	7	15	4.75
2005	7	16	2.42
2005	7	17	-1.85
2005	7	18	-2.42
2005	7	19	-1.38
2005	7	20	-0.90
2005	7	21	-0.29
2005	7	22	0.10
2005	7	23	0.19
2005	7	24	0.56
2005	7	25	3.02
2005	7	26	2.29
2005	7	27	0.13
2005	7	28	-1.44
2005	7	29	-2.02
2005	7	30	1.35
2005	7	31	0.81
2005	8	1	-1.40
2005	8	2	-4.46
2005	8	3	-5.13
2005	8	4	-4.00
2005	8	5	-5.00
2005	8	6	-5.35
2005	8	7	-7.75
2005	8	8	-5.85
2005	8	9	-2.98
2005	8	10	-1.77
2005	8	11	-0.46
2005	8	12	0.25
2005	8	13	-3.25
2005	8	14	-0.83
2005	8	15	2.06
2005	8	16	-0.06
2005	8	17	-0.02
2005	8	18	0.10
2005	8	19	1.10
2005	8	20	-0.02
2005	8	21	-3.00
2005	8	22	-3.23
2005	8	23	-2.17
2005	8	24	-3.73
2005	8	25	-4.38
2005	8	26	-3.27
2005	8	27	-4.19
2005	8	28	-4.29
2005	8	29	-2.54
2005	8	30	-1.69
2005	8	31	-2.17
2005	9	1	-2.48
2005	9	2	-3.13
2005	9	3	-4.77
2005	9	4	-7.63
2005	9	5	-7.15
2005	9	6	-6.85
2005	9	7	-6.81
2005	9	8	-6.98
2005	9	9	-7.40
2005	9	10	-6.58
2005	9	11	-2.60
2005	9	12	0.23
2005	9	13	2.13
2005	9	14	3.56
2005	9	15	-2.48
2005	9	16	-3.48
2005	9	17	-5.60
2005	9	18	-7.60
2005	9	19	-6.19
2005	9	20	-5.08
2005	9	21	-4.38
2005	9	22	-4.38
2005	9	23	-4.42
2005	9	24	-5.94
2005	9	25	-7.94
2005	9	26	-7.50
2005	9	27	-8.19
2005	9	28	-8.06
2005	9	29	-6.23
2005	9	30	-6.52
2005	10	1	-6.50
2005	10	2	-5.67
2005	10	3	-4.00
2005	10	4	-2.90
2005	10	5	-3.10
2005	10	6	-3.73
2005	10	7	-3.65
2005	10	8	-4.88
2005	10	9	-6.35
2005	10	10	-4.63
2005	10	11	-3.83
2005	10	12	-4.00
2005	10	13	-3.23
2005	10	14	-2.75
2005	10	15	-4.42
2005	10	16	-7.21
2005	10	17	-6.33
2005	10	18	-6.77
2005	10	19	-7.19
2005	10	20	-6.73
2005	10	21	-6.60
2005	10	22	-7.40
2005	10	23	-9.04
2005	10	24	-5.63
2005	10	25	-2.58
2005	10	26	0.15
2005	10	27	-0.54
2005	10	28	0.00
2005	10	29	-0.48
2005	10	30	-1.19
2005	10	31	1.15
2005	11	1	1.50
2005	11	2	1.56
2005	11	3	2.25
2005	11	4	3.52
2005	11	5	2.23
2005	11	6	-0.60
2005	11	7	0.85
2005	11	8	1.46
2005	11	9	1.65
2005	11	10	0.77
2005	11	11	0.17
2005	11	12	-0.56
2005	11	13	-1.25
2005	11	14	0.40
2005	11	15	0.52
2005	11	16	2.23
2005	11	17	3.46
2005	11	18	5.73
2005	11	19	6.23
2005	11	20	5.85
2005	11	21	8.00
2005	11	22	8.40
2005	11	23	8.52
2005	11	24	8.75
2005	11	25	13.35
2005	11	26	14.92
2005	11	27	13.94
2005	11	28	10.92
2005	11	29	7.48
2005	11	30	2.58
2005	12	1	3.54
2005	12	2	5.75
2005	12	3	4.90
2005	12	4	2.15
2005	12	5	4.85
2005	12	6	9.67
2005	12	7	11.71
2005	12	8	10.48
2005	12	9	10.10
2005	12	10	7.83
2005	12	11	7.71
2005	12	12	10.21
2005	12	13	6.81
2005	12	14	7.02
2005	12	15	8.10
2005	12	16	11.44
2005	12	17	12.96
2005	12	18	8.81
2005	12	19	9.58
2005	12	20	11.77
2005	12	21	8.85
2005	12	22	9.75
2005	12	23	7.50
2005	12	24	8.48
2005	12	25	7.52
2005	12	26	8.29
2005	12	27	9.88
2005	12	28	10.08
2005	12	29	5.88
2005	12	30	4.29
2005	12	31	6.94
2006	1	1	9.81
2006	1	2	12.19
2006	1	3	12.29
2006	1	4	13.54
2006	1	5	9.92
2006	1	6	7.46
2006	1	7	6.63
2006	1	8	4.00
2006	1	9	2.85
2006	1	10	3.10
2006	1	11	3.94
2006	1	12	5.27
2006	1	13	6.13
2006	1	14	5.13
2006	1	15	4.63
2006	1	16	5.94
2006	1	17	7.58
2006	1	18	9.46
2006	1	19	10.90
2006	1	20	12.02
2006	1	21	12.04
2006	1	22	10.48
2006	1	23	9.73
2006	1	24	9.08
2006	1	25	7.38
2006	1	26	8.08
2006	1	27	7.38
2006	1	28	6.52
2006	1	29	5.54
2006	1	30	5.73
2006	1	31	6.10
2006	2	1	6.48
2006	2	2	7.00
2006	2	3	7.40
2006	2	4	7.29
2006	2	5	6.10
2006	2	6	6.77
2006	2	7	7.92
2006	2	8	7.65
2006	2	9	11.02
2006	2	10	12.48
2006	2	11	9.40
2006	2	12	10.63
2006	2	13	10.88
2006	2	14	7.25
2006	2	15	7.42
2006	2	16	10.56
2006	2	17	7.79
2006	2	18	7.54
2006	2	19	7.56
2006	2	20	10.48
2006	2	21	10.88
2006	2	22	5.44
2006	2	23	7.46
2006	2	24	9.35
2006	2	25	9.71
2006	2	26	8.33
2006	2	27	9.60
2006	2	28	8.50
2006	3	1	8.83
2006	3	2	11.48
2006	3	3	12.50
2006	3	4	12.77
2006	3	5	13.02
2006	3	6	12.46
2006	3	7	9.90
2006	3	8	5.23
2006	3	9	7.21
2006	3	10	8.83
2006	3	11	9.50
2006	3	12	7.10
2006	3	13	6.90
2006	3	14	8.33
2006	3	15	9.65
2006	3	16	10.73
2006	3	17	11.54
2006	3	18	3.92
2006	3	19	0.44
2006	3	20	2.96
2006	3	21	5.56
2006	3	22	7.33
2006	3	23	7.69
2006	3	24	8.02
2006	3	25	6.71
2006	3	26	-1.85
2006	3	27	-0.02
2006	3	28	1.71
2006	3	29	3.46
2006	3	30	5.23
2006	3	31	9.35
2006	4	1	8.88
2006	4	2	7.90
2006	4	3	11.19
2006	4	4	10.75
2006	4	5	8.83
2006	4	6	4.19
2006	4	7	3.85
2006	4	8	3.19
2006	4	9	1.35
2006	4	10	3.38
2006	4	11	2.25
2006	4	12	3.31
2006	4	13	3.83
2006	4	14	6.02
2006	4	15	6.50
2006	4	16	7.90
2006	4	17	10.17
2006	4	18	10.46
2006	4	19	10.19
2006	4	20	9.92
2006	4	21	9.54
2006	4	22	9.25
2006	4	23	6.42
2006	4	24	7.44
2006	4	25	6.15
2006	4	26	6.60
2006	4	27	8.44
2006	4	28	9.38
2006	4	29	7.90
2006	4	30	7.58
2006	5	1	8.69
2006	5	2	9.42
2006	5	3	9.04
2006	5	4	8.31
2006	5	5	7.81
2006	5	6	5.94
2006	5	7	4.67
2006	5	8	4.54
2006	5	9	2.63
2006	5	10	-0.23
2006	5	11	-1.08
2006	5	12	-0.83
2006	5	13	0.33
2006	5	14	1.92
2006	5	15	2.77
2006	5	16	2.85
2006	5	17	1.67
2006	5	18	0.15
2006	5	19	1.50
2006	5	20	1.19
2006	5	21	1.71
2006	5	22	3.42
2006	5	23	7.44
2006	5	24	8.88
2006	5	25	9.08
2006	5	26	9.13
2006	5	27	13.04
2006	5	28	14.71
2006	5	29	11.15
2006	5	30	9.21
2006	5	31	10.98
2006	6	1	12.27
2006	6	2	11.38
2006	6	3	8.38
2006	6	4	8.46
2006	6	5	9.50
2006	6	6	8.83
2006	6	7	8.79
2006	6	8	8.04
2006	6	9	7.23
2006	6	10	4.48
2006	6	11	3.04
2006	6	12	4.13
2006	6	13	4.25
2006	6	14	5.17
2006	6	15	5.65
2006	6	16	5.15
2006	6	17	3.50
2006	6	18	2.31
2006	6	19	3.44
2006	6	20	2.98
2006	6	21	1.60
2006	6	22	1.54
2006	6	23	2.04
2006	6	24	1.98
2006	6	25	3.19
2006	6	26	6.38
2006	6	27	7.44
2006	6	28	7.15
2006	6	29	6.46
2006	6	30	6.08
2006	7	1	3.67
2006	7	2	-0.04
2006	7	3	-1.15
2006	7	4	-1.60
2006	7	5	-1.44
2006	7	6	-1.46
2006	7	7	0.10
2006	7	8	1.54
2006	7	9	0.92
2006	7	10	1.38
2006	7	11	1.35
2006	7	12	-0.19
2006	7	13	-0.46
2006	7	14	0.92
2006	7	15	-0.38
2006	7	16	-3.04
2006	7	17	-1.58
2006	7	18	0.63
2006	7	19	2.65
2006	7	20	-0.27
2006	7	21	-1.88
2006	7	22	-1.94
2006	7	23	-0.98
2006	7	24	2.54
2006	7	25	2.19
2006	7	26	1.77
2006	7	27	0.44
2006	7	28	-0.13
2006	7	29	-2.19
2006	7	30	-4.31
2006	7	31	-4.04
2006	8	1	-4.58
2006	8	2	-4.13
2006	8	3	0.23
2006	8	4	2.21
2006	8	5	-2.71
2006	8	6	-6.79
2006	8	7	-2.27
2006	8	8	1.10
2006	8	9	-0.83
2006	8	10	-1.19
2006	8	11	-1.79
2006	8	12	-1.71
2006	8	13	-5.46
2006	8	14	-3.65
2006	8	15	0.88
2006	8	16	-1.79
2006	8	17	-2.46
2006	8	18	-1.13
2006	8	19	-3.46
2006	8	20	-2.50
2006	8	21	2.56
2006	8	22	-1.38
2006	8	23	-8.44
2006	8	24	-7.04
2006	8	25	-2.00
2006	8	26	-2.48
2006	8	27	-4.35
2006	8	28	0.92
2006	8	29	-0.38
2006	8	30	-3.81
2006	8	31	-3.50
2006	9	1	-3.88
2006	9	2	-3.44
2006	9	3	-3.79
2006	9	4	-1.06
2006	9	5	0.40
2006	9	6	1.23
2006	9	7	1.83
2006	9	8	-0.73
2006	9	9	-1.81
2006	9	10	-1.00
2006	9	11	0.48
2006	9	12	1.06
2006	9	13	0.60
2006	9	14	-1.94
2006	9	15	-1.48
2006	9	16	-2.60
2006	9	17	-4.94
2006	9	18	-3.92
2006	9	19	-2.75
2006	9	20	-0.96
2006	9	21	-1.83
2006	9	22	-1.58
2006	9	23	-2.27
2006	9	24	-2.83
2006	9	25	-1.98
2006	9	26	-1.54
2006	9	27	-2.13
2006	9	28	-1.98
2006	9	29	-2.31
2006	9	30	-2.81
2006	10	1	-3.83
2006	10	2	-1.35
2006	10	3	0.75
2006	10	4	1.73
2006	10	5	1.67
2006	10	6	0.92
2006	10	7	1.46
2006	10	8	-2.31
2006	10	9	-1.96
2006	10	10	-1.00
2006	10	11	-0.54
2006	10	12	-0.06
2006	10	13	0.69
2006	10	14	-0.79
2006	10	15	-2.79
2006	10	16	-2.08
2006	10	17	-2.02
2006	10	18	-2.06
2006	10	19	-1.83
2006	10	20	-1.92
2006	10	21	-2.48
2006	10	22	-2.38
2006	10	23	1.13
2006	10	24	1.31
2006	10	25	-3.77
2006	10	26	-6.50
2006	10	27	-4.00
2006	10	28	-3.85
2006	10	29	-1.77
2006	10	30	2.88
2006	10	31	2.54
2006	11	1	2.06
2006	11	2	-1.29
2006	11	3	-0.48
2006	11	4	-0.69
2006	11	5	-2.67
2006	11	6	-1.38
2006	11	7	0.48
2006	11	8	0.73
2006	11	9	3.29
2006	11	10	3.21
2006	11	11	3.75
2006	11	12	4.46
2006	11	13	6.90
2006	11	14	10.27
2006	11	15	11.46
2006	11	16	8.56
2006	11	17	10.06
2006	11	18	10.10
2006	11	19	9.79
2006	11	20	11.13
2006	11	21	12.33
2006	11	22	11.13
2006	11	23	10.56
2006	11	24	13.00
2006	11	25	10.96
2006	11	26	13.44
2006	11	27	15.02
2006	11	28	11.50
2006	11	29	12.40
2006	11	30	11.85
2006	12	1	10.90
2006	12	2	10.50
2006	12	3	6.08
2006	12	4	9.35
2006	12	5	12.67
2006	12	6	16.71
2006	12	7	10.92
2006	12	8	10.67
2006	12	9	12.40
2006	12	10	10.35
2006	12	11	6.77
2006	12	12	12.08
2006	12	13	13.00
2006	12	14	11.58
2006	12	15	12.77
2006	12	16	10.40
2006	12	17	9.69
2006	12	18	12.00
2006	12	19	11.08
2006	12	20	12.35
2006	12	21	12.79
2006	12	22	11.38
2006	12	23	11.00
2006	12	24	10.33
2006	12	25	10.67
2006	12	26	10.29
2006	12	27	10.90
2006	12	28	10.33
2006	12	29	10.19
2006	12	30	6.79
2006	12	31	8.38
2007	1	1	12.56
2007	1	2	12.69
2007	1	3	10.23
2007	1	4	8.25
2007	1	5	7.67
2007	1	6	7.27
2007	1	7	6.40
2007	1	8	5.88
2007	1	9	8.65
2007	1	10	10.29
2007	1	11	10.77
2007	1	12	14.44
2007	1	13	10.81
2007	1	14	12.94
2007	1	15	11.83
2007	1	16	12.04
2007	1	17	6.27
2007	1	18	7.65
2007	1	19	16.19
2007	1	20	12.56
2007	1	21	10.88
2007	1	22	9.75
2007	1	23	8.90
2007	1	24	7.69
2007	1	25	9.56
2007	1	26	12.15
2007	1	27	11.19
2007	1	28	12.42
2007	1	29	12.00
2007	1	30	8.42
2007	1	31	9.48
2007	2	1	11.02
2007	2	2	11.56
2007	2	3	11.35
2007	2	4	10.88
2007	2	5	11.96
2007	2	6	13.02
2007	2	7	11.21
2007	2	8	11.25
2007	2	9	11.35
2007	2	10	10.38
2007	2	11	9.92
2007	2	12	14.60
2007	2	13	17.96
2007	2	14	14.25
2007	2	15	12.73
2007	2	16	8.79
2007	2	17	6.02
2007	2	18	5.63
2007	2	19	8.00
2007	2	20	10.02
2007	2	21	11.58
2007	2	22	11.04
2007	2	23	9.58
2007	2	24	5.71
2007	2	25	6.79
2007	2	26	10.88
2007	2	27	9.08
2007	2	28	6.23
2007	3	1	7.35
2007	3	2	10.04
2007	3	3	7.00
2007	3	4	8.48
2007	3	5	12.19
2007	3	6	9.73
2007	3	7	14.92
2007	3	8	14.75
2007	3	9	11.60
2007	3	10	11.31
2007	3	11	11.23
2007	3	12	13.27
2007	3	13	10.52
2007	3	14	10.98
2007	3	15	11.33
2007	3	16	8.98
2007	3	17	1.85
2007	3	18	3.63
2007	3	19	8.25
2007	3	20	10.42
2007	3	21	11.81
2007	3	22	13.31
2007	3	23	10.88
2007	3	24	9.94
2007	3	25	9.81
2007	3	26	10.77
2007	3	27	11.19
2007	3	28	11.44
2007	3	29	11.27
2007	3	30	10.54
2007	3	31	9.06
2007	4	1	8.52
2007	4	2	10.13
2007	4	3	10.90
2007	4	4	9.92
2007	4	5	9.27
2007	4	6	9.21
2007	4	7	8.94
2007	4	8	8.88
2007	4	9	9.96
2007	4	10	10.17
2007	4	11	9.94
2007	4	12	10.21
2007	4	13	10.08
2007	4	14	9.71
2007	4	15	10.08
2007	4	16	12.63
2007	4	17	12.54
2007	4	18	11.90
2007	4	19	11.63
2007	4	20	11.71
2007	4	21	9.77
2007	4	22	9.44
2007	4	23	10.15
2007	4	24	10.33
2007	4	25	10.77
2007	4	26	9.25
2007	4	27	9.17
2007	4	28	11.23
2007	4	29	11.81
2007	4	30	12.23
2007	5	1	12.19
2007	5	2	11.94
2007	5	3	12.77
2007	5	4	13.50
2007	5	5	12.79
2007	5	6	13.02
2007	5	7	16.08
2007	5	8	16.60
2007	5	9	11.08
2007	5	10	11.33
2007	5	11	12.31
2007	5	12	9.33
2007	5	13	9.60
2007	5	14	10.52
2007	5	15	11.65
2007	5	16	12.13
2007	5	17	12.44
2007	5	18	10.08
2007	5	19	9.31
2007	5	20	9.92
2007	5	21	11.42
2007	5	22	11.71
2007	5	23	11.75
2007	5	24	11.23
2007	5	25	10.27
2007	5	26	9.04
2007	5	27	9.52
2007	5	28	11.10
2007	5	29	13.48
2007	5	30	10.65
2007	5	31	10.75
2007	6	1	9.96
2007	6	2	8.98
2007	6	3	7.90
2007	6	4	9.02
2007	6	5	9.19
2007	6	6	8.92
2007	6	7	8.38
2007	6	8	7.69
2007	6	9	6.94
2007	6	10	6.90
2007	6	11	8.06
2007	6	12	7.79
2007	6	13	6.85
2007	6	14	6.21
2007	6	15	7.13
2007	6	16	6.00
2007	6	17	6.00
2007	6	18	8.90
2007	6	19	9.75
2007	6	20	10.31
2007	6	21	9.94
2007	6	22	11.56
2007	6	23	8.50
2007	6	24	9.19
2007	6	25	10.33
2007	6	26	11.50
2007	6	27	9.96
2007	6	28	10.90
2007	6	29	8.92
2007	6	30	10.77
2007	7	1	10.63
2007	7	2	10.40
2007	7	3	7.67
2007	7	4	10.88
2007	7	5	14.50
2007	7	6	12.71
2007	7	7	8.35
2007	7	8	2.25
2007	7	9	5.96
2007	7	10	13.69
2007	7	11	6.73
2007	7	12	4.13
2007	7	13	4.56
2007	7	14	4.08
2007	7	15	4.25
2007	7	16	7.71
2007	7	17	8.88
2007	7	18	7.75
2007	7	19	8.19
2007	7	20	4.02
2007	7	21	3.29
2007	7	22	5.25
2007	7	23	6.94
2007	7	24	8.35
2007	7	25	9.60
2007	7	26	8.48
2007	7	27	5.48
2007	7	28	8.04
2007	7	29	14.02
2007	7	30	13.94
2007	7	31	10.04
2007	8	1	5.83
2007	8	2	8.23
2007	8	3	10.46
2007	8	4	7.21
2007	8	5	7.96
2007	8	6	8.29
2007	8	7	11.19
2007	8	8	7.08
2007	8	9	6.75
2007	8	10	9.35
2007	8	11	7.42
2007	8	12	8.46
2007	8	13	9.88
2007	8	14	6.46
2007	8	15	7.73
2007	8	16	7.75
2007	8	17	6.90
2007	8	18	6.60
2007	8	19	6.48
2007	8	20	7.90
2007	8	21	7.50
2007	8	22	8.60
2007	8	23	6.50
2007	8	24	9.33
2007	8	25	8.31
2007	8	26	8.96
2007	8	27	9.50
2007	8	28	4.71
2007	8	29	5.25
2007	8	30	2.96
2007	8	31	8.48
2007	9	1	8.46
2007	9	2	8.38
2007	9	3	10.02
2007	9	4	4.44
2007	9	5	1.54
2007	9	6	3.17
2007	9	7	3.85
2007	9	8	4.04
2007	9	9	5.75
2007	9	10	8.63
2007	9	11	8.25
2007	9	12	5.15
2007	9	13	5.60
2007	9	14	7.31
2007	9	15	7.33
2007	9	16	5.65
2007	9	17	7.65
2007	9	18	9.65
2007	9	19	1.44
2007	9	20	0.25
2007	9	21	1.94
2007	9	22	3.46
2007	9	23	3.81
2007	9	24	4.35
2007	9	25	5.29
2007	9	26	6.50
2007	9	27	7.33
2007	9	28	6.50
2007	9	29	6.44
2007	9	30	6.33
2007	10	1	6.63
2007	10	2	0.48
2007	10	3	1.21
2007	10	4	2.60
2007	10	5	4.23
2007	10	6	5.17
2007	10	7	6.48
2007	10	8	7.98
2007	10	9	7.29
2007	10	10	8.33
2007	10	11	8.08
2007	10	12	8.33
2007	10	13	8.67
2007	10	14	9.31
2007	10	15	8.83
2007	10	16	4.19
2007	10	17	5.10
2007	10	18	6.38
2007	10	19	6.27
2007	10	20	6.42
2007	10	21	6.10
2007	10	22	6.21
2007	10	23	1.42
2007	10	24	0.44
2007	10	25	0.29
2007	10	26	0.83
2007	10	27	0.67
2007	10	28	0.88
2007	10	29	3.40
2007	10	30	4.69
2007	10	31	5.15
2007	11	1	5.90
2007	11	2	5.71
2007	11	3	3.92
2007	11	4	4.08
2007	11	5	4.79
2007	11	6	6.13
2007	11	7	5.88
2007	11	8	5.08
2007	11	9	7.08
2007	11	10	8.04
2007	11	11	9.08
2007	11	12	10.02
2007	11	13	7.50
2007	11	14	9.21
2007	11	15	7.81
2007	11	16	5.44
2007	11	17	6.79
2007	11	18	8.21
2007	11	19	8.50
2007	11	20	5.65
2007	11	21	5.44
2007	11	22	5.58
2007	11	23	6.40
2007	11	24	5.21
2007	11	25	5.50
2007	11	26	7.29
2007	11	27	7.92
2007	11	28	7.54
2007	11	29	4.54
2007	11	30	4.13
2007	12	1	7.21
2007	12	2	7.60
2007	12	3	12.79
2007	12	4	11.25
2007	12	5	5.00
2007	12	6	3.67
2007	12	7	10.02
2007	12	8	10.69
2007	12	9	7.19
2007	12	10	9.15
2007	12	11	6.71
2007	12	12	1.38
2007	12	13	1.63
2007	12	14	4.46
2007	12	15	6.54
2007	12	16	7.77
2007	12	17	9.29
2007	12	18	9.33
2007	12	19	7.63
2007	12	20	8.69
2007	12	21	9.81
2007	12	22	10.25
2007	12	23	8.60
2007	12	24	7.25
2007	12	25	6.58
2007	12	26	8.54
2007	12	27	9.46
2007	12	28	9.38
2007	12	29	8.48
2007	12	30	10.69
2007	12	31	10.27
2008	1	1	8.65
2008	1	2	9.40
2008	1	3	9.13
2008	1	4	4.60
2008	1	5	5.10
2008	1	6	8.17
2008	1	7	8.02
2008	1	8	8.77
2008	1	9	3.56
2008	1	10	2.46
2008	1	11	7.48
2008	1	12	12.50
2008	1	13	9.71
2008	1	14	0.69
2008	1	15	0.94
2008	1	16	5.13
2008	1	17	7.54
2008	1	18	9.46
2008	1	19	11.13
2008	1	20	14.54
2008	1	21	12.96
2008	1	22	9.50
2008	1	23	6.10
2008	1	24	2.88
2008	1	25	4.48
2008	1	26	7.65
2008	1	27	9.56
2008	1	28	8.60
2008	1	29	6.54
2008	1	30	5.69
2008	1	31	3.50
2008	2	1	6.21
2008	2	2	10.42
2008	2	3	9.56
2008	2	4	7.17
2008	2	5	3.88
2008	2	6	7.50
2008	2	7	11.83
2008	2	8	11.50
2008	2	9	9.60
2008	2	10	7.98
2008	2	11	8.90
2008	2	12	9.29
2008	2	13	9.44
2008	2	14	9.67
2008	2	15	8.52
2008	2	16	9.48
2008	2	17	9.65
2008	2	18	10.69
2008	2	19	8.92
2008	2	20	9.50
2008	2	21	10.21
2008	2	22	7.98
2008	2	23	8.04
2008	2	24	9.38
2008	2	25	10.42
2008	2	26	7.98
2008	2	27	9.40
2008	2	28	9.40
2008	2	29	7.75
2008	3	1	11.96
2008	3	2	11.17
2008	3	3	6.38
2008	3	4	7.02
2008	3	5	8.10
2008	3	6	8.85
2008	3	7	9.81
2008	3	8	6.06
2008	3	9	3.69
2008	3	10	3.50
2008	3	11	6.10
2008	3	12	10.25
2008	3	13	9.98
2008	3	14	6.85
2008	3	15	8.54
2008	3	16	9.67
2008	3	17	9.35
2008	3	18	9.25
2008	3	19	6.00
2008	3	20	6.31
2008	3	21	9.60
2008	3	22	11.29
2008	3	23	5.31
2008	3	24	3.38
2008	3	25	6.58
2008	3	26	9.92
2008	3	27	11.83
2008	3	28	7.35
2008	3	29	7.19
2008	3	30	10.08
2008	3	31	12.00
2008	4	1	9.98
2008	4	2	7.17
2008	4	3	8.40
2008	4	4	6.88
2008	4	5	7.33
2008	4	6	9.75
2008	4	7	8.67
2008	4	8	7.27
2008	4	9	8.33
2008	4	10	9.90
2008	4	11	10.96
2008	4	12	8.25
2008	4	13	6.40
2008	4	14	9.44
2008	4	15	10.04
2008	4	16	8.83
2008	4	17	6.69
2008	4	18	6.17
2008	4	19	6.31
2008	4	20	6.67
2008	4	21	7.90
2008	4	22	8.77
2008	4	23	8.73
2008	4	24	7.23
2008	4	25	6.15
2008	4	26	3.50
2008	4	27	3.60
2008	4	28	7.38
2008	4	29	8.00
2008	4	30	10.96
2008	5	1	4.90
2008	5	2	4.88
2008	5	3	5.94
2008	5	4	7.29
2008	5	5	9.40
2008	5	6	10.00
2008	5	7	9.94
2008	5	8	10.08
2008	5	9	11.23
2008	5	10	9.54
2008	5	11	9.17
2008	5	12	8.60
2008	5	13	4.10
2008	5	14	5.21
2008	5	15	5.15
2008	5	16	5.77
2008	5	17	3.52
2008	5	18	2.90
2008	5	19	1.60
2008	5	20	1.02
2008	5	21	0.79
2008	5	22	0.52
2008	5	23	0.79
2008	5	24	0.77
2008	5	25	1.31
2008	5	26	2.29
2008	5	27	3.00
2008	5	28	2.67
2008	5	29	1.42
2008	5	30	1.56
2008	5	31	0.10
2008	6	1	0.38
2008	6	2	1.90
2008	6	3	4.44
2008	6	4	6.35
2008	6	5	7.75
2008	6	6	6.88
2008	6	7	1.83
2008	6	8	3.29
2008	6	9	4.19
2008	6	10	4.29
2008	6	11	4.21
2008	6	12	5.21
2008	6	13	7.13
2008	6	14	7.75
2008	6	15	8.56
2008	6	16	9.46
2008	6	17	6.98
2008	6	18	6.85
2008	6	19	6.46
2008	6	20	6.25
2008	6	21	4.08
2008	6	22	2.46
2008	6	23	2.23
2008	6	24	2.10
2008	6	25	1.77
2008	6	26	0.54
2008	6	27	-2.31
2008	6	28	-2.06
2008	6	29	-1.98
2008	6	30	-1.44
2008	7	1	-1.17
2008	7	2	-1.10
2008	7	3	-0.21
2008	7	4	1.06
2008	7	5	1.63
2008	7	6	1.02
2008	7	7	1.94
2008	7	8	2.23
2008	7	9	2.90
2008	7	10	2.77
2008	7	11	0.60
2008	7	12	3.92
2008	7	13	5.81
2008	7	14	2.81
2008	7	15	1.90
2008	7	16	1.06
2008	7	17	1.42
2008	7	18	1.81
2008	7	19	2.42
2008	7	20	2.63
2008	7	21	6.31
2008	7	22	4.35
2008	7	23	3.75
2008	7	24	2.92
2008	7	25	2.21
2008	7	26	1.35
2008	7	27	1.08
2008	7	28	-0.88
2008	7	29	-0.60
2008	7	30	-1.50
2008	7	31	-3.19
2008	8	1	-1.60
2008	8	2	-0.92
2008	8	3	-0.69
2008	8	4	-0.21
2008	8	5	1.21
2008	8	6	-0.81
2008	8	7	0.65
2008	8	8	5.25
2008	8	9	0.69
2008	8	10	-0.27
2008	8	11	3.25
2008	8	12	1.56
2008	8	13	-1.65
2008	8	14	-0.54
2008	8	15	0.81
2008	8	16	0.73
2008	8	17	0.73
2008	8	18	1.48
2008	8	19	0.83
2008	8	20	2.44
2008	8	21	3.00
2008	8	22	1.06
2008	8	23	6.15
2008	8	24	9.73
2008	8	25	4.19
2008	8	26	-1.83
2008	8	27	1.06
2008	8	28	1.00
2008	8	29	2.31
2008	8	30	3.17
2008	8	31	4.29
2008	9	1	5.42
2008	9	2	5.48
2008	9	3	4.60
2008	9	4	5.44
2008	9	5	-0.50
2008	9	6	0.60
2008	9	7	2.04
2008	9	8	3.17
2008	9	9	3.94
2008	9	10	2.79
2008	9	11	0.29
2008	9	12	0.46
2008	9	13	0.75
2008	9	14	0.19
2008	9	15	-1.79
2008	9	16	-1.73
2008	9	17	-1.48
2008	9	18	-1.71
2008	9	19	-2.46
2008	9	20	1.02
2008	9	21	1.42
2008	9	22	2.21
2008	9	23	2.96
2008	9	24	2.85
2008	9	25	3.13
2008	9	26	3.25
2008	9	27	2.94
2008	9	28	3.63
2008	9	29	4.65
2008	9	30	4.46
2008	10	1	3.65
2008	10	2	3.71
2008	10	3	4.06
2008	10	4	2.63
2008	10	5	0.23
2008	10	6	6.85
2008	10	7	6.35
2008	10	8	7.40
2008	10	9	3.35
2008	10	10	3.67
2008	10	11	3.81
2008	10	12	3.98
2008	10	13	4.42
2008	10	14	4.52
2008	10	15	4.17
2008	10	16	5.63
2008	10	17	5.75
2008	10	18	5.52
2008	10	19	4.17
2008	10	20	4.50
2008	10	21	6.08
2008	10	22	6.38
2008	10	23	4.75
2008	10	24	0.42
2008	10	25	0.56
2008	10	26	0.83
2008	10	27	4.00
2008	10	28	3.00
2008	10	29	0.65
2008	10	30	1.17
2008	10	31	2.96
2008	11	1	4.23
2008	11	2	5.73
2008	11	3	7.04
2008	11	4	3.58
2008	11	5	0.69
2008	11	6	-0.35
2008	11	7	-0.71
2008	11	8	-0.77
2008	11	9	1.00
2008	11	10	1.50
2008	11	11	9.31
2008	11	12	12.56
2008	11	13	8.42
2008	11	14	3.33
2008	11	15	2.60
2008	11	16	4.77
2008	11	17	6.60
2008	11	18	3.33
2008	11	19	3.13
2008	11	20	4.69
2008	11	21	7.08
2008	11	22	6.04
2008	11	23	5.92
2008	11	24	7.52
2008	11	25	9.67
2008	11	26	5.48
2008	11	27	5.79
2008	11	28	5.06
2008	11	29	5.08
2008	11	30	5.90
2008	12	1	6.94
2008	12	2	5.04
2008	12	3	7.56
2008	12	4	6.54
2008	12	5	9.58
2008	12	6	11.90
2008	12	7	13.25
2008	12	8	11.56
2008	12	9	9.08
2008	12	10	9.52
2008	12	11	9.27
2008	12	12	11.10
2008	12	13	9.33
2008	12	14	9.08
2008	12	15	9.10
2008	12	16	7.46
2008	12	17	7.88
2008	12	18	7.21
2008	12	19	7.92
2008	12	20	10.44
2008	12	21	11.92
2008	12	22	11.33
2008	12	23	8.48
2008	12	24	9.77
2008	12	25	9.73
2008	12	26	9.21
2008	12	27	7.71
2008	12	28	6.67
2008	12	29	6.79
2008	12	30	1.25
2008	12	31	0.94
2009	1	1	1.13
2009	1	2	1.27
2009	1	3	1.48
2009	1	4	2.15
2009	1	5	3.65
2009	1	6	3.44
2009	1	7	-1.54
2009	1	8	-2.23
2009	1	9	-1.88
2009	1	10	-2.25
2009	1	11	-2.81
2009	1	12	-3.04
2009	1	13	-2.08
2009	1	14	0.23
2009	1	15	1.85
2009	1	16	2.35
2009	1	17	2.08
2009	1	18	3.60
2009	1	19	5.77
2009	1	20	7.56
2009	1	21	9.90
2009	1	22	7.63
2009	1	23	8.85
2009	1	24	13.90
2009	1	25	10.90
2009	1	26	8.19
2009	1	27	9.65
2009	1	28	10.29
2009	1	29	9.06
2009	1	30	9.10
2009	1	31	10.00
2009	2	1	9.46
2009	2	2	8.92
2009	2	3	9.75
2009	2	4	9.75
2009	2	5	9.00
2009	2	6	10.02
2009	2	7	12.29
2009	2	8	12.63
2009	2	9	9.56
2009	2	10	13.02
2009	2	11	17.98
2009	2	12	11.75
2009	2	13	9.19
2009	2	14	9.04
2009	2	15	9.40
2009	2	16	10.15
2009	2	17	11.94
2009	2	18	12.04
2009	2	19	9.94
2009	2	20	10.79
2009	2	21	9.94
2009	2	22	10.46
2009	2	23	9.35
2009	2	24	6.98
2009	2	25	7.83
2009	2	26	9.29
2009	2	27	10.50
2009	2	28	11.08
2009	3	1	11.52
2009	3	2	11.52
2009	3	3	7.83
2009	3	4	5.35
2009	3	5	7.81
2009	3	6	9.00
2009	3	7	8.71
2009	3	8	7.71
2009	3	9	9.33
2009	3	10	10.25
2009	3	11	9.65
2009	3	12	8.31
2009	3	13	8.63
2009	3	14	11.17
2009	3	15	11.73
2009	3	16	10.29
2009	3	17	10.96
2009	3	18	8.40
2009	3	19	5.21
2009	3	20	2.98
2009	3	21	3.88
2009	3	22	4.63
2009	3	23	3.33
2009	3	24	4.67
2009	3	25	5.06
2009	3	26	6.15
2009	3	27	7.54
2009	3	28	9.69
2009	3	29	12.31
2009	3	30	13.52
2009	3	31	8.25
2009	4	1	5.79
2009	4	2	3.71
2009	4	3	3.98
2009	4	4	4.96
2009	4	5	3.83
2009	4	6	1.48
2009	4	7	-1.35
2009	4	8	-0.04
2009	4	9	1.10
2009	4	10	2.02
2009	4	11	4.75
2009	4	12	8.13
2009	4	13	9.63
2009	4	14	9.81
2009	4	15	9.48
2009	4	16	7.19
2009	4	17	6.96
2009	4	18	6.92
2009	4	19	6.04
2009	4	20	5.98
2009	4	21	6.48
2009	4	22	7.13
2009	4	23	7.19
2009	4	24	7.69
2009	4	25	9.60
2009	4	26	9.08
2009	4	27	7.69
2009	4	28	8.29
2009	4	29	7.44
2009	4	30	5.60
2009	5	1	4.63
2009	5	2	5.81
2009	5	3	6.85
2009	5	4	7.17
2009	5	5	7.02
2009	5	6	6.85
2009	5	7	7.79
2009	5	8	9.25
2009	5	9	9.79
2009	5	10	10.81
2009	5	11	9.65
2009	5	12	8.35
2009	5	13	5.77
2009	5	14	4.23
2009	5	15	6.08
2009	5	16	6.56
2009	5	17	6.35
2009	5	18	6.58
2009	5	19	4.33
2009	5	20	0.17
2009	5	21	3.04
2009	5	22	5.73
2009	5	23	5.85
2009	5	24	3.10
2009	5	25	2.85
2009	5	26	5.38
2009	5	27	4.92
2009	5	28	5.31
2009	5	29	6.10
2009	5	30	6.44
2009	5	31	6.56
2009	6	1	6.77
2009	6	2	6.21
2009	6	3	5.15
2009	6	4	4.67
2009	6	5	5.65
2009	6	6	7.85
2009	6	7	5.81
2009	6	8	5.63
2009	6	9	2.17
2009	6	10	-1.29
2009	6	11	1.67
2009	6	12	4.27
2009	6	13	5.00
2009	6	14	4.21
2009	6	15	1.92
2009	6	16	0.06
2009	6	17	-0.27
2009	6	18	-0.04
2009	6	19	-1.21
2009	6	20	-0.77
2009	6	21	-0.31
2009	6	22	0.75
2009	6	23	1.50
2009	6	24	0.92
2009	6	25	0.77
2009	6	26	0.90
2009	6	27	1.75
2009	6	28	2.33
2009	6	29	3.10
2009	6	30	2.90
2009	7	1	1.96
2009	7	2	0.96
2009	7	3	0.58
2009	7	4	1.54
2009	7	5	2.81
2009	7	6	2.19
2009	7	7	1.67
2009	7	8	6.25
2009	7	9	6.35
2009	7	10	8.17
2009	7	11	6.10
2009	7	12	5.69
2009	7	13	6.13
2009	7	14	6.77
2009	7	15	7.08
2009	7	16	7.27
2009	7	17	7.42
2009	7	18	8.90
2009	7	19	7.65
2009	7	20	4.50
2009	7	21	3.98
2009	7	22	2.88
2009	7	23	4.94
2009	7	24	4.54
2009	7	25	6.27
2009	7	26	6.90
2009	7	27	7.33
2009	7	28	7.58
2009	7	29	7.31
2009	7	30	5.88
2009	7	31	6.67
2009	8	1	5.71
2009	8	2	5.79
2009	8	3	5.85
2009	8	4	5.10
2009	8	5	4.27
2009	8	6	2.60
2009	8	7	3.67
2009	8	8	4.83
2009	8	9	5.73
2009	8	10	5.38
2009	8	11	5.54
2009	8	12	5.77
2009	8	13	6.56
2009	8	14	5.50
2009	8	15	4.04
2009	8	16	4.15
2009	8	17	4.15
2009	8	18	3.81
2009	8	19	3.69
2009	8	20	2.27
2009	8	21	1.15
2009	8	22	0.25
2009	8	23	1.00
2009	8	24	1.17
2009	8	25	2.56
2009	8	26	4.54
2009	8	27	3.69
2009	8	28	2.67
2009	8	29	4.33
2009	8	30	3.50
2009	8	31	1.48
2009	9	1	0.02
2009	9	2	1.92
2009	9	3	3.98
2009	9	4	5.96
2009	9	5	7.79
2009	9	6	7.00
2009	9	7	5.42
2009	9	8	5.38
2009	9	9	7.15
2009	9	10	10.13
2009	9	11	7.13
2009	9	12	2.38
2009	9	13	-0.29
2009	9	14	-0.02
2009	9	15	-2.15
2009	9	16	-2.13
2009	9	17	-2.63
2009	9	18	-3.08
2009	9	19	-2.63
2009	9	20	-0.71
2009	9	21	1.58
2009	9	22	3.33
2009	9	23	6.06
2009	9	24	3.35
2009	9	25	5.33
2009	9	26	4.31
2009	9	27	1.19
2009	9	28	1.75
2009	9	29	2.40
2009	9	30	2.63
2009	10	1	3.00
2009	10	2	0.85
2009	10	3	-1.21
2009	10	4	-2.25
2009	10	5	-2.85
2009	10	6	-2.38
2009	10	7	-1.90
2009	10	8	1.50
2009	10	9	2.40
2009	10	10	0.08
2009	10	11	-0.58
2009	10	12	0.40
2009	10	13	0.73
2009	10	14	0.79
2009	10	15	0.75
2009	10	16	-0.21
2009	10	17	-4.96
2009	10	18	-7.35
2009	10	19	-7.98
2009	10	20	-7.98
2009	10	21	-7.81
2009	10	22	-6.71
2009	10	23	-6.65
2009	10	24	-7.42
2009	10	25	-8.23
2009	10	26	-7.73
2009	10	27	-6.17
2009	10	28	-5.71
2009	10	29	-5.42
2009	10	30	-5.13
2009	10	31	-5.69
2009	11	1	-7.13
2009	11	2	-5.79
2009	11	3	-5.25
2009	11	4	-3.33
2009	11	5	-1.67
2009	11	6	0.83
2009	11	7	-1.58
2009	11	8	-5.27
2009	11	9	-4.50
2009	11	10	-3.83
2009	11	11	-3.04
2009	11	12	-2.92
2009	11	13	-4.35
2009	11	14	-5.60
2009	11	15	-5.75
2009	11	16	-5.44
2009	11	17	-3.94
2009	11	18	-3.52
2009	11	19	-2.52
2009	11	20	-1.42
2009	11	21	-0.46
2009	11	22	-2.04
2009	11	23	-2.52
2009	11	24	5.31
2009	11	25	5.60
2009	11	26	6.21
2009	11	27	7.31
2009	11	28	6.65
2009	11	29	5.35
2009	11	30	5.98
2009	12	1	5.83
2009	12	2	0.42
2009	12	3	-1.83
2009	12	4	0.75
2009	12	5	5.60
2009	12	6	8.19
2009	12	7	9.58
2009	12	8	9.63
2009	12	9	8.17
2009	12	10	9.63
2009	12	11	12.54
2009	12	12	10.17
2009	12	13	8.25
2009	12	14	8.79
2009	12	15	9.10
2009	12	16	9.81
2009	12	17	6.40
2009	12	18	2.83
2009	12	19	1.38
2009	12	20	-0.58
2009	12	21	-1.85
2009	12	22	0.00
2009	12	23	1.25
2009	12	24	3.67
2009	12	25	9.23
2009	12	26	13.48
2009	12	27	12.79
2009	12	28	11.94
2009	12	29	7.54
2009	12	30	5.35
2009	12	31	9.29
2010	1	1	8.94
2010	1	2	4.50
2010	1	3	5.73
2010	1	4	7.19
2010	1	5	9.17
2010	1	6	7.02
2010	1	7	8.94
2010	1	8	10.17
2010	1	9	8.50
2010	1	10	3.96
2010	1	11	3.58
2010	1	12	4.67
2010	1	13	6.06
2010	1	14	7.69
2010	1	15	8.69
2010	1	16	5.60
2010	1	17	6.83
2010	1	18	8.67
2010	1	19	7.85
2010	1	20	4.58
2010	1	21	5.73
2010	1	22	7.52
2010	1	23	8.17
2010	1	24	7.35
2010	1	25	8.44
2010	1	26	8.71
2010	1	27	8.27
2010	1	28	8.96
2010	1	29	8.56
2010	1	30	10.44
2010	1	31	9.35
2010	2	1	8.96
2010	2	2	10.58
2010	2	3	15.94
2010	2	4	10.42
2010	2	5	4.98
2010	2	6	5.73
2010	2	7	6.67
2010	2	8	6.42
2010	2	9	7.56
2010	2	10	6.94
2010	2	11	6.08
2010	2	12	4.15
2010	2	13	4.04
2010	2	14	4.02
2010	2	15	4.96
2010	2	16	6.15
2010	2	17	7.96
2010	2	18	9.02
2010	2	19	10.15
2010	2	20	8.31
2010	2	21	4.69
2010	2	22	4.31
2010	2	23	5.42
2010	2	24	5.85
2010	2	25	9.90
2010	2	26	11.31
2010	2	27	8.06
2010	2	28	5.69
2010	3	1	13.21
2010	3	2	14.27
2010	3	3	9.02
2010	3	4	8.65
2010	3	5	9.81
2010	3	6	10.77
2010	3	7	9.65
2010	3	8	8.83
2010	3	9	7.77
2010	3	10	8.75
2010	3	11	7.29
2010	3	12	5.54
2010	3	13	5.71
2010	3	14	5.25
2010	3	15	3.02
2010	3	16	4.77
2010	3	17	4.33
2010	3	18	3.38
2010	3	19	4.71
2010	3	20	6.73
2010	3	21	8.58
2010	3	22	9.94
2010	3	23	8.58
2010	3	24	6.77
2010	3	25	7.96
2010	3	26	3.56
2010	3	27	3.40
2010	3	28	1.40
2010	3	29	0.42
2010	3	30	1.75
2010	3	31	0.98
2010	4	1	1.77
2010	4	2	2.60
2010	4	3	1.58
2010	4	4	1.35
2010	4	5	1.71
2010	4	6	3.69
2010	4	7	6.63
2010	4	8	8.33
2010	4	9	7.00
2010	4	10	5.58
2010	4	11	5.35
2010	4	12	5.75
2010	4	13	8.90
2010	4	14	10.67
2010	4	15	11.44
2010	4	16	7.71
2010	4	17	6.23
2010	4	18	7.50
2010	4	19	8.88
2010	4	20	8.54
2010	4	21	9.21
2010	4	22	9.44
2010	4	23	8.04
2010	4	24	6.67
2010	4	25	6.88
2010	4	26	6.33
2010	4	27	7.27
2010	4	28	9.33
2010	4	29	11.35
2010	4	30	11.83
2010	5	1	10.31
2010	5	2	7.83
2010	5	3	5.35
2010	5	4	5.48
2010	5	5	3.33
2010	5	6	2.77
2010	5	7	1.96
2010	5	8	1.08
2010	5	9	0.92
2010	5	10	1.00
2010	5	11	-0.77
2010	5	12	-0.42
2010	5	13	1.21
2010	5	14	2.19
2010	5	15	3.58
2010	5	16	3.02
2010	5	17	5.23
2010	5	18	6.13
2010	5	19	6.81
2010	5	20	6.79
2010	5	21	7.15
2010	5	22	6.71
2010	5	23	4.90
2010	5	24	3.92
2010	5	25	4.54
2010	5	26	4.88
2010	5	27	6.06
2010	5	28	7.27
2010	5	29	9.40
2010	5	30	6.40
2010	5	31	5.44
2010	6	1	6.29
2010	6	2	7.54
2010	6	3	7.04
2010	6	4	6.23
2010	6	5	5.60
2010	6	6	4.21
2010	6	7	4.33
2010	6	8	5.46
2010	6	9	7.92
2010	6	10	9.88
2010	6	11	7.90
2010	6	12	7.69
2010	6	13	4.77
2010	6	14	4.71
2010	6	15	4.65
2010	6	16	3.77
2010	6	17	3.19
2010	6	18	2.63
2010	6	19	2.52
2010	6	20	0.94
2010	6	21	0.02
2010	6	22	-0.19
2010	6	23	0.71
2010	6	24	1.48
2010	6	25	2.40
2010	6	26	2.85
2010	6	27	2.67
2010	6	28	2.83
2010	6	29	2.77
2010	6	30	2.27
2010	7	1	2.67
2010	7	2	2.65
2010	7	3	2.00
2010	7	4	-0.52
2010	7	5	-1.35
2010	7	6	-2.00
2010	7	7	-3.69
2010	7	8	-4.25
2010	7	9	-4.77
2010	7	10	-4.98
2010	7	11	-4.77
2010	7	12	-3.52
2010	7	13	-1.77
2010	7	14	-1.19
2010	7	15	-0.33
2010	7	16	-0.35
2010	7	17	-1.17
2010	7	18	-3.42
2010	7	19	-5.21
2010	7	20	-5.90
2010	7	21	-6.50
2010	7	22	-6.00
2010	7	23	-4.77
2010	7	24	-6.60
2010	7	25	-9.25
2010	7	26	-6.52
2010	7	27	-4.94
2010	7	28	-3.79
2010	7	29	-3.15
2010	7	30	-4.10
2010	7	31	-4.40
2010	8	1	-5.50
2010	8	2	-4.10
2010	8	3	-2.88
2010	8	4	-3.98
2010	8	5	-4.21
2010	8	6	-4.40
2010	8	7	-5.15
2010	8	8	-5.13
2010	8	9	-4.75
2010	8	10	-4.44
2010	8	11	-2.52
2010	8	12	-3.19
2010	8	13	-3.17
2010	8	14	-1.10
2010	8	15	-0.17
2010	8	16	-4.67
2010	8	17	-6.71
2010	8	18	-4.42
2010	8	19	-5.42
2010	8	20	-5.46
2010	8	21	-5.67
2010	8	22	-6.25
2010	8	23	-5.46
2010	8	24	-5.02
2010	8	25	-3.23
2010	8	26	-3.67
2010	8	27	-2.46
2010	8	28	-1.52
2010	8	29	-2.42
2010	8	30	0.60
2010	8	31	-2.69
2010	9	1	-5.29
2010	9	2	-3.69
2010	9	3	-4.04
2010	9	4	-6.00
2010	9	5	-7.38
2010	9	6	-7.42
2010	9	7	-7.48
2010	9	8	-6.46
2010	9	9	-2.21
2010	9	10	1.21
2010	9	11	0.54
2010	9	12	-3.73
2010	9	13	-3.63
2010	9	14	-2.69
2010	9	15	-0.31
2010	9	16	1.10
2010	9	17	-0.29
2010	9	18	-2.54
2010	9	19	-5.46
2010	9	20	-9.65
2010	9	21	-7.46
2010	9	22	-5.67
2010	9	23	-4.29
2010	9	24	-2.69
2010	9	25	-2.71
2010	9	26	-3.60
2010	9	27	-1.35
2010	9	28	-3.02
2010	9	29	-4.17
2010	9	30	-4.42
2010	10	1	-5.17
2010	10	2	-6.50
2010	10	3	-6.56
2010	10	4	-6.33
2010	10	5	-6.33
2010	10	6	-5.63
2010	10	7	-4.96
2010	10	8	-0.65
2010	10	9	3.04
2010	10	10	2.90
2010	10	11	2.83
2010	10	12	3.08
2010	10	13	3.98
2010	10	14	6.52
2010	10	15	7.17
2010	10	16	8.69
2010	10	17	7.48
2010	10	18	6.40
2010	10	19	8.02
2010	10	20	10.88
2010	10	21	11.04
2010	10	22	7.33
2010	10	23	5.94
2010	10	24	9.00
2010	10	25	10.98
2010	10	26	8.02
2010	10	27	6.96
2010	10	28	7.94
2010	10	29	5.71
2010	10	30	4.63
2010	10	31	4.50
2010	11	1	5.75
2010	11	2	6.19
2010	11	3	6.21
2010	11	4	6.85
2010	11	5	6.96
2010	11	6	7.13
2010	11	7	6.67
2010	11	8	4.94
2010	11	9	5.58
2010	11	10	8.10
2010	11	11	10.35
2010	11	12	16.35
2010	11	13	22.75
2010	11	14	27.79
2010	11	15	29.42
2010	11	16	25.27
2010	11	17	15.13
2010	11	18	4.10
2010	11	19	2.13
2010	11	20	2.08
2010	11	21	1.73
2010	11	22	0.23
2010	11	23	0.50
2010	11	24	1.71
2010	11	25	3.31
2010	11	26	4.04
2010	11	27	6.10
2010	11	28	4.56
2010	11	29	2.83
2010	11	30	1.29
2010	12	1	2.85
2010	12	2	5.29
2010	12	3	6.52
2010	12	4	5.54
2010	12	5	4.17
2010	12	6	4.35
2010	12	7	6.19
2010	12	8	7.29
2010	12	9	7.42
2010	12	10	7.44
2010	12	11	8.52
2010	12	12	10.90
2010	12	13	8.96
2010	12	14	5.75
2010	12	15	2.42
2010	12	16	-0.23
2010	12	17	1.15
2010	12	18	-2.21
2010	12	19	-2.65
2010	12	20	-2.42
2010	12	21	-1.17
2010	12	22	-0.21
2010	12	23	-0.04
2010	12	24	-0.54
2010	12	25	-2.13
2010	12	26	-4.13
2010	12	27	-4.27
2010	12	28	-2.65
2010	12	29	-2.17
2010	12	30	-1.81
2010	12	31	-0.85
2011	1	1	0.04
2011	1	2	0.27
2011	1	3	0.27
2011	1	4	1.48
2011	1	5	-0.21
2011	1	6	1.08
2011	1	7	4.02
2011	1	8	4.06
2011	1	9	4.63
2011	1	10	2.56
2011	1	11	-2.17
2011	1	12	-3.29
2011	1	13	4.83
2011	1	14	15.63
2011	1	15	19.08
2011	1	16	12.06
2011	1	17	3.42
2011	1	18	2.10
2011	1	19	2.31
2011	1	20	3.40
2011	1	21	3.25
2011	1	22	1.73
2011	1	23	-1.27
2011	1	24	-2.15
2011	1	25	1.27
2011	1	26	2.10
2011	1	27	0.23
2011	1	28	-0.60
2011	1	29	-0.15
2011	1	30	0.69
2011	1	31	1.69
2011	2	1	2.31
2011	2	2	2.06
2011	2	3	-0.48
2011	2	4	1.15
2011	2	5	0.63
2011	2	6	1.02
2011	2	7	0.50
2011	2	8	3.21
2011	2	9	2.96
2011	2	10	1.19
2011	2	11	-0.19
2011	2	12	2.23
2011	2	13	1.21
2011	2	14	0.77
2011	2	15	2.60
2011	2	16	4.58
2011	2	17	5.83
2011	2	18	5.33
2011	2	19	6.46
2011	2	20	7.19
2011	2	21	7.98
2011	2	22	7.00
2011	2	23	5.15
2011	2	24	1.73
2011	2	25	1.23
2011	2	26	2.71
2011	2	27	2.71
2011	2	28	3.56
2011	3	1	5.85
2011	3	2	6.48
2011	3	3	3.46
2011	3	4	1.52
2011	3	5	2.33
2011	3	6	3.19
2011	3	7	4.33
2011	3	8	5.00
2011	3	9	3.79
2011	3	10	2.77
2011	3	11	5.21
2011	3	12	6.06
2011	3	13	6.29
2011	3	14	7.31
2011	3	15	8.31
2011	3	16	7.04
2011	3	17	7.06
2011	3	18	5.50
2011	3	19	6.96
2011	3	20	6.67
2011	3	21	7.23
2011	3	22	8.58
2011	3	23	8.52
2011	3	24	7.15
2011	3	25	7.73
2011	3	26	7.90
2011	3	27	7.10
2011	3	28	7.15
2011	3	29	7.10
2011	3	30	5.38
2011	3	31	6.42
2011	4	1	6.94
2011	4	2	6.85
2011	4	3	6.94
2011	4	4	5.40
2011	4	5	5.98
2011	4	6	7.65
2011	4	7	8.96
2011	4	8	9.60
2011	4	9	9.58
2011	4	10	7.73
2011	4	11	4.52
2011	4	12	5.02
2011	4	13	4.21
2011	4	14	4.25
2011	4	15	4.00
2011	4	16	3.08
2011	4	17	2.13
2011	4	18	1.92
2011	4	19	2.35
2011	4	20	2.60
2011	4	21	2.73
2011	4	22	3.42
2011	4	23	3.56
2011	4	24	2.83
2011	4	25	2.13
2011	4	26	1.63
2011	4	27	-0.77
2011	4	28	-0.02
2011	4	29	0.42
2011	4	30	0.21
2011	5	1	-1.44
2011	5	2	-2.17
2011	5	3	-2.44
2011	5	4	-2.00
2011	5	5	-0.98
2011	5	6	-1.21
2011	5	7	-4.15
2011	5	8	-4.75
2011	5	9	-3.88
2011	5	10	-1.19
2011	5	11	-1.06
2011	5	12	-1.02
2011	5	13	-1.75
2011	5	14	-2.75
2011	5	15	-4.54
2011	5	16	-5.67
2011	5	17	-4.96
2011	5	18	-4.25
2011	5	19	-3.27
2011	5	20	-3.25
2011	5	21	-4.15
2011	5	22	-5.88
2011	5	23	-5.92
2011	5	24	-4.79
2011	5	25	-4.23
2011	5	26	-4.02
2011	5	27	-2.15
2011	5	28	-2.38
2011	5	29	-3.27
2011	5	30	-2.54
2011	5	31	0.65
2011	6	1	1.96
2011	6	2	0.83
2011	6	3	-0.15
2011	6	4	-1.90
2011	6	5	-3.17
2011	6	6	-2.21
2011	6	7	-0.69
2011	6	8	0.21
2011	6	9	0.98
2011	6	10	1.56
2011	6	11	1.52
2011	6	12	-0.38
2011	6	13	-1.67
2011	6	14	-0.52
2011	6	15	-0.06
2011	6	16	1.46
2011	6	17	1.73
2011	6	18	-0.54
2011	6	19	2.06
2011	6	20	3.04
2011	6	21	3.60
2011	6	22	3.50
2011	6	23	2.79
2011	6	24	0.48
2011	6	25	-0.75
2011	6	26	-2.71
2011	6	27	-3.96
2011	6	28	-2.27
2011	6	29	1.15
2011	6	30	2.40
2011	7	1	1.38
2011	7	2	0.31
2011	7	3	-1.23
2011	7	4	-1.69
2011	7	5	-0.56
2011	7	6	-1.52
2011	7	7	-1.25
2011	7	8	-1.65
2011	7	9	-2.56
2011	7	10	-0.44
2011	7	11	-2.98
2011	7	12	-1.35
2011	7	13	4.40
2011	7	14	10.27
2011	7	15	12.21
2011	7	16	2.21
2011	7	17	-1.48
2011	7	18	1.54
2011	7	19	0.81
2011	7	20	1.63
2011	7	21	1.31
2011	7	22	-0.52
2011	7	23	-3.44
2011	7	24	-3.42
2011	7	25	-3.13
2011	7	26	-1.71
2011	7	27	-2.52
2011	7	28	-2.27
2011	7	29	-0.90
2011	7	30	-1.27
2011	7	31	-1.10
2011	8	1	-0.25
2011	8	2	1.52
2011	8	3	2.23
2011	8	4	-0.40
2011	8	5	-3.35
2011	8	6	-6.98
2011	8	7	-9.46
2011	8	8	-8.40
2011	8	9	-5.04
2011	8	10	-3.92
2011	8	11	-1.75
2011	8	12	0.94
2011	8	13	-0.88
2011	8	14	-3.56
2011	8	15	-3.15
2011	8	16	-1.02
2011	8	17	1.00
2011	8	18	2.60
2011	8	19	3.10
2011	8	20	2.48
2011	8	21	0.56
2011	8	22	-0.81
2011	8	23	0.06
2011	8	24	-0.85
2011	8	25	-2.10
2011	8	26	-2.52
2011	8	27	-2.58
2011	8	28	-2.58
2011	8	29	-2.46
2011	8	30	-1.83
2011	8	31	-0.90
2011	9	1	0.48
2011	9	2	1.04
2011	9	3	1.29
2011	9	4	-0.29
2011	9	5	-2.10
2011	9	6	-2.25
2011	9	7	-3.35
2011	9	8	-2.19
2011	9	9	-1.08
2011	9	10	0.77
2011	9	11	5.31
2011	9	12	4.83
2011	9	13	4.21
2011	9	14	5.90
2011	9	15	6.42
2011	9	16	3.48
2011	9	17	3.06
2011	9	18	2.23
2011	9	19	2.54
2011	9	20	2.19
2011	9	21	0.08
2011	9	22	1.19
2011	9	23	2.00
2011	9	24	2.10
2011	9	25	1.27
2011	9	26	0.98
2011	9	27	1.50
2011	9	28	1.98
2011	9	29	2.71
2011	9	30	3.33
2011	10	1	3.33
2011	10	2	2.42
2011	10	3	1.85
2011	10	4	2.65
2011	10	5	2.67
2011	10	6	2.54
2011	10	7	1.40
2011	10	8	-3.65
2011	10	9	-7.29
2011	10	10	-7.19
2011	10	11	-6.42
2011	10	12	-4.69
2011	10	13	-2.13
2011	10	14	-0.88
2011	10	15	-1.38
2011	10	16	-3.10
2011	10	17	-3.60
2011	10	18	-2.06
2011	10	19	-0.73
2011	10	20	0.81
2011	10	21	1.50
2011	10	22	1.48
2011	10	23	-0.21
2011	10	24	-1.35
2011	10	25	-0.85
2011	10	26	-0.85
2011	10	27	-0.06
2011	10	28	0.27
2011	10	29	0.08
2011	10	30	-0.85
2011	10	31	-0.63
2011	11	1	-0.02
2011	11	2	0.94
2011	11	3	1.42
2011	11	4	1.94
2011	11	5	3.00
2011	11	6	2.63
2011	11	7	1.69
2011	11	8	1.69
2011	11	9	1.63
2011	11	10	2.35
2011	11	11	2.52
2011	11	12	1.69
2011	11	13	-0.15
2011	11	14	-0.60
2011	11	15	-0.54
2011	11	16	-0.81
2011	11	17	-1.02
2011	11	18	-0.83
2011	11	19	-1.15
2011	11	20	-2.25
2011	11	21	-2.33
2011	11	22	-1.50
2011	11	23	-0.79
2011	11	24	0.10
2011	11	25	1.83
2011	11	26	4.06
2011	11	27	3.00
2011	11	28	5.96
2011	11	29	7.69
2011	11	30	7.54
2011	12	1	2.77
2011	12	2	3.81
2011	12	3	0.96
2011	12	4	0.90
2011	12	5	3.23
2011	12	6	2.96
2011	12	7	3.48
2011	12	8	1.40
2011	12	9	2.71
2011	12	10	2.56
2011	12	11	0.38
2011	12	12	-0.71
2011	12	13	-1.46
2011	12	14	2.27
2011	12	15	6.04
2011	12	16	8.19
2011	12	17	13.25
2011	12	18	12.19
2011	12	19	8.08
2011	12	20	6.40
2011	12	21	7.06
2011	12	22	3.23
2011	12	23	0.25
2011	12	24	1.77
2011	12	25	5.31
2011	12	26	7.75
2011	12	27	5.67
2011	12	28	2.00
2011	12	29	0.23
2011	12	30	3.02
2011	12	31	1.21