 -0.20       181.9252910665       105.5166688186        76.4086222479
 -0.19       181.9252910665       105.5166688186        76.4086222479
 -0.18       181.9252910665       105.5166688186        76.4086222479
 -0.17       181.9252910665       105.5166688186        76.4086222479
 -0.16       181.9252910665       105.5166688186        76.4086222479
 -0.15       181.9252910665       105.5166688186        76.4086222479
 -0.14       181.9252910665       105.5166688186        76.4086222479
 -0.13       181.9252910665       105.5166688186        76.4086222479
 -0.12       181.9252910665       105.5166688186        76.4086222479
 -0.11       181.7754349783       105.4297522874        76.3456826909
 -0.10       181.0261545373       104.9951696317        76.0309849057
 -0.09       180.3268261258       104.5895591529        75.7372669728
 -0.08       178.9781213320       103.8073103726        75.1708109595
 -0.07       176.4305678327       102.3297293430        74.1008384898
 -0.06       172.8839737455       100.2727047724        72.6112689731
 -0.05       169.3373796583        98.2156802018        71.1216994565
 -0.04       165.7408335416        96.1296834541        69.6111500875
 -0.03       161.3450549546        93.5801318737        67.7649230809
 -0.02       157.1490844852        91.1464690014        66.0026154838
 -0.01       152.6534018394        88.5389730669        64.1144287726
  0.00       149.0568557228        86.4529763192        62.6038794036
  0.01       145.0606933710        84.1352021552        60.9254912158
  0.02       142.0635716071        82.3968715321        59.6667000750
  0.03       138.8166896963        80.5136800238        58.3030096724
  0.04       134.3709590799        77.9351562663        56.4358028135
  0.05       130.3747967280        75.6173821023        54.7574146258
  0.06       125.6793059647        72.8939974595        52.7853085052
  0.07       118.7359738784        68.8668648495        49.8691090289
  0.08       110.5438410572        64.1154278131        46.4284132440
  0.09       100.6533392364        58.3789367571        42.2744024793
  0.10        88.1153798576        51.1069203174        37.0084595402
  0.11        72.0308263915        41.7778793071        30.2529470844
  0.12        55.8963208960        32.4198661197        23.4764547763
  0.13        38.9625829302        22.5982980995        16.3642848307
  0.14        27.3737121100        15.8767530238        11.4969590862
  0.15        19.3813874063        11.2412046957         8.1401827107
  0.16        14.3861844665         8.3439869906         6.0421974759
  0.17        11.0893505263         6.4318233053         4.6575272210
  0.18         8.6916531152         5.0411588068         3.6504943084
  0.19         6.9433320863         4.0271326100         2.9161994762
  0.20         5.8443874395         3.3897447149         2.4546427246
  0.21         5.0451549692         2.9261898821         2.1189650871
  0.22         4.3458265576         2.5205794034         1.8252471542
  0.23         3.7464022048         2.1729132788         1.5734889260
  0.24         3.1969298815         1.8542193312         1.3427105502
  0.25         2.6974095875         1.5644975607         1.1329120267
  0.26         2.5800530441         1.4964307656         1.0836222785
  0.27         2.2652598502         1.3138507131         0.9514091371
  0.28         1.9888746864         1.1535473181         0.8353273683
  0.29         1.7462113752         1.0128025976         0.7334087776
  0.30         1.5331555014         0.8892301908         0.6439253106
  0.31         1.3460946508         0.7807348975         0.5653597533
  0.32         1.1818571614         0.6854771536         0.4963800078
  0.33         1.0376583469         0.6018418412         0.4358165057
  0.34         0.9110532812         0.5284109031         0.3826423781
  0.35         0.7998953448         0.4639393000         0.3359560448
  0.36         0.7022998279         0.4073339002         0.2949659277
  0.37         0.6166119750         0.3576349455         0.2589770295
  0.38         0.5413789276         0.3139997780         0.2273791496
  0.39         0.4753250912         0.2756885529         0.1996365383
  0.40         0.4173305069         0.2420516940         0.1752788129
  0.41         0.3664118627         0.2125188803         0.1538929823
  0.42         0.3217058204         0.1865893758         0.1351164445
  0.43         0.2824543783         0.1638235394         0.1186308389
  0.44         0.2479920186         0.1438353708         0.1041566478
  0.45         0.2177344238         0.1262859658         0.0914484580
  0.46         0.1911685690         0.1108777700         0.0802907990
  0.47         0.1678440236         0.0973495337         0.0704944899
  0.48         0.1473653143         0.0854718823         0.0618934320
  0.49         0.1293852196         0.0750434274         0.0543417922
  0.50         0.1135988827         0.0658873520         0.0477115307
  0.51         0.0997386425         0.0578484126         0.0418902298
  0.52         0.0875694951         0.0507903071         0.0367791879
  0.53         0.0768851097         0.0445933636         0.0322917461
  0.54         0.0675043300         0.0391525114         0.0283518186
  0.55         0.0592681025         0.0343754995         0.0248926031
  0.56         0.0520367802         0.0301813325         0.0218554477
  0.57         0.0456877540         0.0264988973         0.0191888567
  0.58         0.0401133748         0.0232657574         0.0168476174
  0.59         0.0352191276         0.0204270940         0.0147920336
  0.60         0.0309220293         0.0179347770         0.0129872523
  0.61         0.0271492214         0.0157465484         0.0114026730
  0.62         0.0238367352         0.0138253064         0.0100114288
  0.63         0.0209284067         0.0121384759         0.0087899308
  0.64         0.0183749243         0.0106574561         0.0077174682
  0.65         0.0161329932         0.0093571361         0.0067758571
  0.66         0.0141646009         0.0082154685         0.0059491324
  0.67         0.0124363729         0.0072130963         0.0052232766
  0.68         0.0109190066         0.0063330238         0.0045859828
  0.69         0.0095867747         0.0055603293         0.0040264454
  0.70         0.0084170889         0.0048819116         0.0035351773
  0.71         0.0073901169         0.0042862678         0.0031038491
  0.72         0.0064884461         0.0037632987         0.0027251474
  0.73         0.0056967885         0.0033041373         0.0023926512
  0.74         0.0050017213         0.0029009983         0.0021007229
  0.75         0.0043914595         0.0025470465         0.0018444130
  0.76         0.0038556559         0.0022362804         0.0016193755
  0.77         0.0033852260         0.0019634311         0.0014217949
  0.78         0.0029721933         0.0017238721         0.0012483212
  0.79         0.0026095550         0.0015135419         0.0010960131
  0.80         0.0022911622         0.0013288741         0.0009622881
  0.81         0.0020116167         0.0011667377         0.0008448790
  0.82         0.0017661786         0.0010243836         0.0007417950
  0.83         0.0015506865         0.0008993982         0.0006512884
  0.84         0.0013614867         0.0007896623         0.0005718244
  0.85         0.0011953712         0.0006933153         0.0005020559
  0.86         0.0010495236         0.0006087237         0.0004407999
  0.87         0.0009214708         0.0005344531         0.0003870177
  0.88         0.0008090418         0.0004692443         0.0003397976
  0.89         0.0007103304         0.0004119916         0.0002983388
  0.90         0.0006236627         0.0003617244         0.0002619383
  0.91         0.0005475694         0.0003175902         0.0002299791
  0.92         0.0004807603         0.0002788409         0.0002019193
  0.93         0.0004221025         0.0002448195         0.0001772831
  0.94         0.0003706016         0.0002149490         0.0001556527
  0.95         0.0003253844         0.0001887230         0.0001366614
  0.96         0.0002856841         0.0001656968         0.0001199873
  0.97         0.0002508277         0.0001454801         0.0001053476
  0.98         0.0002202241         0.0001277300         0.0000924941
  0.99         0.0001933545         0.0001121456         0.0000812089
  1.00         0.0001697633         0.0000984627         0.0000713006
  1.01         0.0001490504         0.0000864492         0.0000626012
  1.02         0.0001308647         0.0000759015         0.0000549632
  1.03         0.0001148978         0.0000666407         0.0000482571
  1.04         0.0001008791         0.0000585099         0.0000423692
  1.05         0.0000885708         0.0000513711         0.0000371997
  1.06         0.0000777643         0.0000451033         0.0000326610
  1.07         0.0000682762         0.0000396002         0.0000286760
  1.08         0.0000599458         0.0000347686         0.0000251772
  1.09         0.0000526318         0.0000305264         0.0000221054
  1.10         0.0000462102         0.0000268019         0.0000194083
  1.11         0.0000405721         0.0000235318         0.0000170403
  1.12         0.0000356218         0.0000206607         0.0000149612
  1.13         0.0000312756         0.0000181399         0.0000131358
  1.14         0.0000274597         0.0000159266         0.0000115331
  1.15         0.0000241093         0.0000139834         0.0000101259
  1.16         0.0000211677         0.0000122773         0.0000088904
  1.17         0.0000185850         0.0000107793         0.0000078057
  1.18         0.0000163175         0.0000094641         0.0000068533
  1.19         0.0000143266         0.0000083094         0.0000060172
  1.20         0.0000125786         0.0000072956         0.0000052830
  1.21         0.0000110439         0.0000064054         0.0000046384
  1.22         0.0000096964         0.0000056239         0.0000040725
  1.23         0.0000085133         0.0000049377         0.0000035756
  1.24         0.0000074746         0.0000043353         0.0000031393
  1.25         0.0000065626         0.0000038063         0.0000027563
  1.26         0.0000057619         0.0000033419         0.0000024200
  1.27         0.0000050589         0.0000029342         0.0000021247
  1.28         0.0000044417         0.0000025762         0.0000018655
  1.29         0.0000038997         0.0000022619         0.0000016379
  1.30         0.0000034239         0.0000019859         0.0000014381
  1.31         0.0000030062         0.0000017436         0.0000012626
  1.32         0.0000026394         0.0000015308         0.0000011085
  1.33         0.0000023174         0.0000013441         0.0000009733
  1.34         0.0000020346         0.0000011801         0.0000008545
  1.35         0.0000017864         0.0000010361         0.0000007503
  1.36         0.0000015684         0.0000009097         0.0000006587
  1.37         0.0000013771         0.0000007987         0.0000005784
  1.38         0.0000012090         0.0000007012         0.0000005078
  1.39         0.0000010615         0.0000006157         0.0000004458
  1.40         0.0000009320         0.0000005406         0.0000003914
