*
* Overschrijdingskansen potentiele windsnelheid Vlissingen. Zonder statistische onzekerheid.
* WTI2017: 12-uursmaxima, gegeven windrichting
*
* Door: K.A. Wojciechowska van HKV lijn in water
* Project: PR3280.10
*
* u (m/s)   30              60              90              120             150             180             210             240             270             300             330             360
  0.00      1.000e+000      1.000e+000      1.000e+000      1.000e+000      1.000e+000      1.000e+000      1.000e+000      1.000e+000      1.000e+000      1.000e+000      1.000e+000      1.000e+000 
  2.00      9.840e-001      9.887e-001      9.962e-001      9.908e-001      9.927e-001      9.973e-001      9.971e-001      9.977e-001      9.980e-001      9.967e-001      9.990e-001      9.843e-001 
  2.50      9.631e-001      9.827e-001      9.811e-001      9.695e-001      9.804e-001      9.905e-001      9.942e-001      9.947e-001      9.947e-001      9.878e-001      9.836e-001      9.587e-001 
  3.00      8.966e-001      9.413e-001      9.533e-001      9.466e-001      9.560e-001      9.804e-001      9.852e-001      9.830e-001      9.813e-001      9.523e-001      9.387e-001      9.126e-001 
  3.50      8.436e-001      9.067e-001      9.141e-001      8.992e-001      9.169e-001      9.613e-001      9.762e-001      9.761e-001      9.695e-001      9.301e-001      8.999e-001      8.684e-001 
  4.00      7.266e-001      8.134e-001      8.283e-001      8.092e-001      8.545e-001      9.227e-001      9.567e-001      9.494e-001      9.389e-001      8.890e-001      8.221e-001      7.701e-001 
  4.50      6.626e-001      7.532e-001      7.715e-001      7.221e-001      7.751e-001      8.858e-001      9.318e-001      9.292e-001      9.183e-001      8.546e-001      7.833e-001      7.151e-001 
  5.00      5.677e-001      6.554e-001      6.932e-001      6.397e-001      7.139e-001      8.495e-001      8.955e-001      8.874e-001      8.702e-001      7.847e-001      6.876e-001      6.031e-001 
  5.50      5.099e-001      5.786e-001      6.061e-001      5.237e-001      6.064e-001      7.894e-001      8.538e-001      8.533e-001      8.206e-001      7.425e-001      6.308e-001      5.501e-001 
  6.00      4.089e-001      4.778e-001      5.379e-001      4.656e-001      5.489e-001      7.537e-001      8.238e-001      8.239e-001      7.863e-001      6.704e-001      5.381e-001      4.597e-001 
  6.50      3.670e-001      4.357e-001      4.394e-001      3.771e-001      4.364e-001      6.758e-001      7.657e-001      7.701e-001      7.443e-001      6.249e-001      4.993e-001      4.086e-001 
  7.00      2.857e-001      3.484e-001      3.712e-001      3.099e-001      3.704e-001      6.181e-001      7.127e-001      7.310e-001      6.947e-001      5.383e-001      4.260e-001      3.379e-001 
  7.50      2.303e-001      2.634e-001      2.816e-001      2.305e-001      2.848e-001      5.324e-001      6.437e-001      6.740e-001      6.435e-001      4.872e-001      3.737e-001      2.888e-001 
  8.00      1.736e-001      2.182e-001      2.298e-001      1.695e-001      2.396e-001      4.878e-001      6.078e-001      6.437e-001      6.000e-001      4.218e-001      2.915e-001      2.200e-001 
  8.50      1.478e-001      1.618e-001      1.679e-001      1.267e-001      1.858e-001      4.117e-001      5.404e-001      5.839e-001      5.420e-001      3.785e-001      2.526e-001      1.847e-001 
  9.00      1.108e-001      1.264e-001      1.288e-001      7.176e-002      1.479e-001      3.546e-001      4.815e-001      5.439e-001      4.985e-001      3.074e-001      1.794e-001      1.356e-001 
  9.50      7.570e-002      9.029e-002      1.048e-001      5.250e-002      1.002e-001      3.034e-001      4.331e-001      4.910e-001      4.466e-001      2.664e-001      1.465e-001      1.120e-001 
 10.00      5.170e-002      6.960e-002      6.818e-002      3.841e-002      7.824e-002      2.350e-001      3.583e-001      4.345e-001      3.969e-001      2.164e-001      1.181e-001      8.154e-002 
 10.50      3.531e-002      4.672e-002      5.051e-002      2.810e-002      6.601e-002      1.987e-001      3.181e-001      4.028e-001      3.565e-001      1.909e-001      1.016e-001      5.938e-002 
 11.00      2.412e-002      3.137e-002      3.056e-002      2.056e-002      4.726e-002      1.517e-001      2.667e-001      3.632e-001      3.221e-001      1.509e-001      7.786e-002      4.324e-002 
 11.50      1.647e-002      2.106e-002      1.850e-002      1.504e-002      3.384e-002      1.327e-001      2.429e-001      3.324e-001      2.855e-001      1.188e-001      5.963e-002      3.148e-002 
 12.00      1.125e-002      1.414e-002      1.119e-002      1.100e-002      2.422e-002      1.023e-001      1.953e-001      2.828e-001      2.420e-001      9.545e-002      4.568e-002      2.293e-002 
 12.50      7.683e-003      9.490e-003      6.773e-003      8.050e-003      1.734e-002      7.793e-002      1.676e-001      2.598e-001      2.000e-001      7.436e-002      3.499e-002      1.669e-002 
 13.00      5.248e-003      6.371e-003      4.099e-003      5.890e-003      1.242e-002      5.949e-002      1.333e-001      2.129e-001      1.710e-001      5.771e-002      2.680e-002      1.216e-002 
 13.50      3.100e-003      4.277e-003      2.481e-003      4.309e-003      8.889e-003      4.045e-002      1.014e-001      1.867e-001      1.542e-001      4.538e-002      2.053e-002      8.852e-003 
 14.00      1.831e-003      2.871e-003      1.698e-003      2.975e-003      6.364e-003      3.510e-002      8.265e-002      1.559e-001      1.244e-001      3.568e-002      1.572e-002      6.445e-003 
 14.50      1.082e-003      1.912e-003      1.163e-003      2.054e-003      4.556e-003      2.533e-002      6.199e-002      1.172e-001      1.053e-001      2.806e-002      1.204e-002      4.693e-003 
 15.00      6.392e-004      1.273e-003      7.962e-004      1.418e-003      3.262e-003      1.828e-002      5.068e-002      1.016e-001      9.237e-002      2.206e-002      9.225e-003      3.195e-003 
 15.50      3.776e-004      8.481e-004      5.452e-004      9.794e-004      2.282e-003      1.320e-002      3.782e-002      7.494e-002      7.786e-002      1.735e-002      7.066e-003      2.175e-003 
 16.00      2.231e-004      5.648e-004      3.733e-004      6.763e-004      1.597e-003      9.523e-003      3.236e-002      6.345e-002      6.031e-002      1.364e-002      5.412e-003      1.480e-003 
 16.50      1.318e-004      3.761e-004      2.556e-004      4.670e-004      1.117e-003      6.873e-003      2.160e-002      4.736e-002      4.886e-002      1.073e-002      3.936e-003      1.008e-003 
 17.00      7.787e-005      2.505e-004      1.750e-004      3.224e-004      7.817e-004      4.961e-003      1.442e-002      3.908e-002      4.046e-002      8.435e-003      2.863e-003      6.860e-004 
 17.50      4.600e-005      1.668e-004      1.198e-004      2.226e-004      5.470e-004      3.580e-003      9.630e-003      2.805e-002      3.045e-002      6.632e-003      2.082e-003      4.669e-004 
 18.00      2.718e-005      1.111e-004      8.203e-005      1.537e-004      3.827e-004      2.584e-003      6.429e-003      2.188e-002      2.292e-002      5.215e-003      1.514e-003      3.179e-004 
 18.50      1.606e-005      7.399e-005      5.617e-005      1.061e-004      2.678e-004      1.865e-003      4.292e-003      1.707e-002      1.725e-002      4.101e-003      1.101e-003      2.164e-004 
 19.00      9.485e-006      4.928e-005      3.846e-005      7.329e-005      1.873e-004      1.330e-003      2.866e-003      1.332e-002      1.299e-002      3.224e-003      8.008e-004      1.473e-004 
 19.50      5.604e-006      3.282e-005      2.633e-005      5.060e-005      1.311e-004      9.489e-004      1.913e-003      1.039e-002      9.775e-003      2.407e-003      5.824e-004      1.003e-004 
 20.00      3.310e-006      2.185e-005      1.803e-005      3.494e-005      9.171e-005      6.768e-004      1.277e-003      8.109e-003      7.357e-003      1.797e-003      4.235e-004      6.825e-005 
 20.50      1.956e-006      1.455e-005      1.234e-005      2.413e-005      6.417e-005      4.828e-004      9.153e-004      6.327e-003      5.538e-003      1.341e-003      3.080e-004      4.646e-005 
 21.00      1.155e-006      9.693e-006      8.452e-006      1.666e-005      4.490e-005      3.444e-004      6.559e-004      4.937e-003      4.168e-003      1.001e-003      2.240e-004      3.162e-005 
 21.50      6.826e-007      6.455e-006      5.787e-006      1.150e-005      3.141e-005      2.457e-004      4.699e-004      3.852e-003      3.137e-003      7.473e-004      1.629e-004      2.153e-005 
 22.00      4.033e-007      4.299e-006      3.962e-006      7.942e-006      2.198e-005      1.752e-004      3.367e-004      3.005e-003      2.362e-003      5.579e-004      1.185e-004      1.465e-005 
 22.50      2.382e-007      2.863e-006      2.713e-006      5.484e-006      1.538e-005      1.250e-004      2.413e-004      2.345e-003      1.823e-003      4.164e-004      8.617e-005      9.975e-006 
 23.00      1.407e-007      1.907e-006      1.858e-006      3.786e-006      1.076e-005      8.916e-005      1.729e-004      1.830e-003      1.407e-003      3.109e-004      6.267e-005      6.790e-006 
 23.50      8.315e-008      1.270e-006      1.272e-006      2.614e-006      7.528e-006      6.360e-005      1.239e-004      1.392e-003      1.086e-003      2.320e-004      4.557e-005      4.622e-006 
 24.00      4.912e-008      8.457e-007      8.708e-007      1.805e-006      5.267e-006      4.537e-005      8.876e-005      1.059e-003      8.378e-004      1.732e-004      3.314e-005      3.146e-006 
 24.50      2.902e-008      5.632e-007      5.962e-007      1.246e-006      3.685e-006      3.236e-005      6.360e-005      8.060e-004      6.466e-004      1.293e-004      2.410e-005      2.142e-006 
 25.00      1.714e-008      3.751e-007      4.082e-007      8.607e-007      2.579e-006      2.308e-005      4.557e-005      6.133e-004      4.990e-004      9.652e-005      1.753e-005      1.458e-006 
 25.50      1.013e-008      2.498e-007      2.795e-007      5.943e-007      1.804e-006      1.646e-005      3.265e-005      4.667e-004      3.851e-004      7.205e-005      1.275e-005      9.924e-007 
 26.00      5.984e-009      1.664e-007      1.914e-007      4.103e-007      1.262e-006      1.174e-005      2.340e-005      3.551e-004      2.972e-004      5.378e-005      9.272e-006      6.755e-007 
 26.50      3.535e-009      1.108e-007      1.310e-007      2.833e-007      8.832e-007      8.378e-006      1.676e-005      2.702e-004      2.294e-004      4.015e-005      6.743e-006      4.598e-007 
 27.00      2.088e-009      7.378e-008      8.972e-008      1.956e-007      6.180e-007      5.976e-006      1.201e-005      2.056e-004      1.770e-004      2.997e-005      4.904e-006      3.130e-007 
 27.50      1.234e-009      4.914e-008      6.143e-008      1.351e-007      4.324e-007      4.263e-006      8.607e-006      1.565e-004      1.366e-004      2.237e-005      3.566e-006      2.131e-007 
 28.00      7.289e-010      3.272e-008      4.206e-008      9.327e-008      3.025e-007      3.041e-006      6.167e-006      1.191e-004      1.055e-004      1.670e-005      2.594e-006      1.450e-007 
 28.50      4.306e-010      2.179e-008      2.880e-008      6.440e-008      2.117e-007      2.169e-006      4.419e-006      9.059e-005      8.139e-005      1.247e-005      1.886e-006      9.873e-008 
 29.00      2.544e-010      1.451e-008      1.972e-008      4.447e-008      1.481e-007      1.547e-006      3.166e-006      6.893e-005      6.281e-005      9.305e-006      1.372e-006      6.721e-008 
 29.50      1.503e-010      9.666e-009      1.350e-008      3.070e-008      1.036e-007      1.104e-006      2.269e-006      5.245e-005      4.848e-005      6.946e-006      9.977e-007      4.575e-008 
 30.00      8.879e-011      6.437e-009      9.244e-009      2.120e-008      7.250e-008      7.872e-007      1.626e-006      3.991e-005      3.741e-005      5.185e-006      7.256e-007      3.114e-008 
 30.50      5.246e-011      4.287e-009      6.329e-009      1.464e-008      5.073e-008      5.615e-007      1.165e-006      3.037e-005      2.887e-005      3.870e-006      5.277e-007      2.120e-008 
 31.00      3.099e-011      2.855e-009      4.334e-009      1.011e-008      3.549e-008      4.005e-007      8.347e-007      2.311e-005      2.228e-005      2.889e-006      3.838e-007      1.443e-008 
 31.50      1.831e-011      1.901e-009      2.967e-009      6.979e-009      2.483e-008      2.857e-007      5.981e-007      1.758e-005      1.720e-005      2.157e-006      2.791e-007      9.823e-009 
 32.00      1.082e-011      1.266e-009      2.032e-009      4.819e-009      1.737e-008      2.038e-007      4.285e-007      1.338e-005      1.327e-005      1.610e-006      2.030e-007      6.687e-009 
 32.50      6.390e-012      8.433e-010      1.391e-009      3.327e-009      1.216e-008      1.454e-007      3.071e-007      1.018e-005      1.024e-005      1.202e-006      1.476e-007      4.552e-009 
 33.00      3.775e-012      5.616e-010      9.524e-010      2.297e-009      8.505e-009      1.037e-007      2.200e-007      7.747e-006      7.906e-006      8.971e-007      1.074e-007      3.098e-009 
 33.50      2.230e-012      3.740e-010      6.521e-010      1.586e-009      5.951e-009      7.396e-008      1.576e-007      5.895e-006      6.101e-006      6.696e-007      7.807e-008      2.109e-009 
 34.00      1.318e-012      2.491e-010      4.465e-010      1.095e-009      4.164e-009      5.276e-008      1.130e-007      4.486e-006      4.709e-006      4.999e-007      5.678e-008      1.436e-009 
 34.50      7.784e-013      1.659e-010      3.057e-010      7.563e-010      2.913e-009      3.763e-008      8.094e-008      3.413e-006      3.634e-006      3.731e-007      4.129e-008      9.773e-010 
 35.00      4.599e-013      1.105e-010      2.093e-010      5.222e-010      2.038e-009      2.684e-008      5.799e-008      2.597e-006      2.805e-006      2.785e-007      3.003e-008      6.653e-010 
 35.50      2.717e-013      7.358e-011      1.433e-010      3.606e-010      1.426e-009      1.915e-008      4.156e-008      1.976e-006      2.165e-006      2.079e-007      2.184e-008      4.529e-010 
 36.00      1.605e-013      4.900e-011      9.813e-011      2.490e-010      9.979e-010      1.366e-008      2.978e-008      1.504e-006      1.671e-006      1.552e-007      1.588e-008      3.083e-010 
 36.50      9.481e-014      3.263e-011      6.719e-011      1.719e-010      6.982e-010      9.743e-009      2.134e-008      1.144e-006      1.289e-006      1.159e-007      1.155e-008      2.098e-010 
 37.00      5.596e-014      2.173e-011      4.600e-011      1.187e-010      4.885e-010      6.950e-009      1.529e-008      8.707e-007      9.951e-007      8.648e-008      8.401e-009      1.428e-010 
 37.50      3.308e-014      1.447e-011      3.150e-011      8.196e-011      3.418e-010      4.957e-009      1.095e-008      6.625e-007      7.680e-007      6.456e-008      6.110e-009      9.723e-011 
 38.00      1.954e-014      9.639e-012      2.157e-011      5.659e-011      2.391e-010      3.536e-009      7.849e-009      5.041e-007      5.927e-007      4.819e-008      4.443e-009      6.619e-011 
 38.50      1.155e-014      6.419e-012      1.477e-011      3.907e-011      1.673e-010      2.522e-009      5.624e-009      3.836e-007      4.574e-007      3.597e-008      3.232e-009      4.505e-011 
 39.00      6.772e-015      4.275e-012      1.011e-011      2.698e-011      1.171e-010      1.799e-009      4.030e-009      2.919e-007      3.530e-007      2.685e-008      2.350e-009      3.067e-011 
 39.50      3.997e-015      2.847e-012      6.922e-012      1.863e-011      8.191e-011      1.283e-009      2.887e-009      2.221e-007      2.725e-007      2.004e-008      1.709e-009      2.088e-011 
 40.00      2.331e-015      1.896e-012      4.740e-012      1.286e-011      5.731e-011      9.155e-010      2.069e-009      1.690e-007      2.103e-007      1.496e-008      1.243e-009      1.421e-011 
 40.50      1.443e-015      1.263e-012      3.245e-012      8.881e-012      4.010e-011      6.530e-010      1.482e-009      1.286e-007      1.623e-007      1.117e-008      9.040e-010      9.674e-012 
 41.00      7.772e-016      8.409e-013      2.222e-012      6.132e-012      2.806e-011      4.658e-010      1.062e-009      9.786e-008      1.252e-007      8.338e-009      6.574e-010      6.585e-012 
 41.50      4.441e-016      5.600e-013      1.521e-012      4.234e-012      1.963e-011      3.323e-010      7.611e-010      7.446e-008      9.666e-008      6.224e-009      4.781e-010      4.483e-012 
 42.00      2.220e-016      3.729e-013      1.042e-012      2.924e-012      1.373e-011      2.370e-010      5.454e-010      5.666e-008      7.460e-008      4.646e-009      3.477e-010      3.051e-012 
