*
* Conditionele overschrijdingskansen zeewaterstand OS11. Zonder statistische onzekerheid.
* WTI2017: 12-uursperiods, gegeven windrichting
*
* Door: K.A. Wojciechowska van HKV lijn in water
* Project: PR3280.10
*
* m (m+NAP) 30              60              90              120             150             180             210             240             270             300             330             360
  1.62      1.000e+000      1.000e+000      1.000e+000      1.000e+000      1.000e+000      1.000e+000      1.000e+000      1.000e+000      1.000e+000      1.000e+000      1.000e+000      1.000e+000 
  1.72      3.999e-001      3.473e-001      3.148e-001      3.533e-001      3.485e-001      2.846e-001      2.923e-001      4.941e-001      6.642e-001      6.631e-001      6.020e-001      4.603e-001 
  1.82      1.599e-001      1.206e-001      9.912e-002      1.248e-001      1.214e-001      8.101e-002      8.545e-002      2.442e-001      4.412e-001      4.397e-001      3.624e-001      2.119e-001 
  1.92      6.396e-002      4.189e-002      3.121e-002      4.408e-002      4.232e-002      2.306e-002      2.498e-002      1.207e-001      2.930e-001      2.915e-001      2.181e-001      9.755e-002 
  2.02      2.432e-002      1.593e-002      1.187e-002      1.676e-002      1.609e-002      8.768e-003      1.229e-002      6.812e-002      1.911e-001      2.047e-001      1.569e-001      6.279e-002 
  2.12      9.150e-003      5.993e-003      4.465e-003      6.306e-003      6.055e-003      3.299e-003      6.015e-003      3.830e-002      1.242e-001      1.433e-001      1.125e-001      4.029e-002 
  2.22      3.408e-003      2.232e-003      1.663e-003      2.349e-003      2.255e-003      1.229e-003      2.932e-003      2.144e-002      8.056e-002      1.001e-001      8.051e-002      2.578e-002 
  2.32      1.257e-003      8.231e-004      6.132e-004      8.661e-004      8.316e-004      4.531e-004      1.423e-003      1.196e-002      5.211e-002      6.974e-002      5.745e-002      1.645e-002 
  2.42      4.591e-004      3.007e-004      2.240e-004      3.164e-004      3.038e-004      1.655e-004      6.881e-004      6.644e-003      3.362e-002      4.847e-002      4.089e-002      1.046e-002 
  2.52      1.662e-004      1.088e-004      8.107e-005      1.145e-004      1.099e-004      5.990e-005      3.314e-004      3.678e-003      2.165e-002      3.362e-002      2.904e-002      6.641e-003 
  2.62      5.961e-005      3.904e-005      2.908e-005      4.108e-005      3.944e-005      2.149e-005      1.590e-004      2.029e-003      1.390e-002      2.326e-002      2.057e-002      4.204e-003 
  2.72      2.120e-005      1.388e-005      1.034e-005      1.461e-005      1.403e-005      7.643e-006      7.599e-005      1.115e-003      8.909e-003      1.607e-002      1.454e-002      2.654e-003 
  2.82      7.476e-006      4.896e-006      3.648e-006      5.152e-006      4.947e-006      2.695e-006      3.620e-005      6.111e-004      5.698e-003      1.107e-002      1.026e-002      1.672e-003 
  2.92      2.615e-006      1.713e-006      1.276e-006      1.802e-006      1.730e-006      9.428e-007      1.718e-005      3.337e-004      3.636e-003      7.614e-003      7.218e-003      1.051e-003 
  3.02      9.075e-007      5.944e-007      4.428e-007      6.255e-007      6.005e-007      3.272e-007      8.128e-006      1.817e-004      2.316e-003      5.227e-003      5.070e-003      6.590e-004 
  3.12      3.125e-007      2.047e-007      1.525e-007      2.154e-007      2.068e-007      1.127e-007      3.833e-006      9.863e-005      1.472e-003      3.581e-003      3.554e-003      4.124e-004 
  3.22      1.068e-007      6.995e-008      5.212e-008      7.361e-008      7.067e-008      3.851e-008      1.802e-006      5.338e-005      9.339e-004      2.449e-003      2.486e-003      2.575e-004 
  3.32      3.624e-008      2.373e-008      1.768e-008      2.497e-008      2.398e-008      1.306e-008      8.445e-007      2.881e-005      5.915e-004      1.672e-003      1.736e-003      1.605e-004 
  3.42      1.221e-008      7.994e-009      5.956e-009      8.412e-009      8.076e-009      4.400e-009      3.946e-007      1.550e-005      3.739e-004      1.140e-003      1.210e-003      9.979e-005 
  3.52      4.082e-009      2.674e-009      1.992e-009      2.814e-009      2.701e-009      1.472e-009      1.839e-007      8.321e-006      2.359e-004      7.754e-004      8.420e-004      6.194e-005 
  3.62      1.356e-009      8.882e-010      6.617e-010      9.346e-010      8.973e-010      4.889e-010      8.543e-008      4.454e-006      1.486e-004      5.267e-004      5.848e-004      3.837e-005 
  3.72      4.475e-010      2.931e-010      2.183e-010      3.084e-010      2.961e-010      1.613e-010      3.958e-008      2.378e-006      9.348e-005      3.572e-004      4.055e-004      2.373e-005 
  3.82      1.467e-010      9.607e-011      7.157e-011      1.011e-010      9.706e-011      5.288e-011      1.829e-008      1.266e-006      5.870e-005      2.418e-004      2.806e-004      1.465e-005 
  3.92      4.777e-011      3.129e-011      2.331e-011      3.293e-011      3.161e-011      1.722e-011      8.429e-009      6.727e-007      3.680e-005      1.635e-004      1.939e-004      9.024e-006 
  4.02      1.546e-011      1.013e-011      7.544e-012      1.066e-011      1.023e-011      5.574e-012      3.875e-009      3.565e-007      2.303e-005      1.104e-004      1.338e-004      5.550e-006 
  4.12      4.973e-012      3.257e-012      2.427e-012      3.427e-012      3.291e-012      1.793e-012      1.777e-009      1.885e-007      1.440e-005      7.440e-005      9.217e-005      3.408e-006 
  4.22      1.590e-012      1.041e-012      7.758e-013      1.096e-012      1.052e-012      5.732e-013      8.126e-010      9.940e-008      8.984e-006      5.008e-005      6.340e-005      2.089e-006 
  4.32      5.053e-013      3.309e-013      2.465e-013      3.482e-013      3.343e-013      1.822e-013      3.708e-010      5.231e-008      5.599e-006      3.366e-005      4.354e-005      1.279e-006 
  4.42      1.596e-013      1.046e-013      7.789e-014      1.100e-013      1.056e-013      5.755e-014      1.688e-010      2.746e-008      3.484e-006      2.259e-005      2.986e-005      7.813e-007 
  4.52      5.015e-014      3.284e-014      2.447e-014      3.456e-014      3.318e-014      1.808e-014      7.666e-011      1.439e-008      2.165e-006      1.514e-005      2.044e-005      4.767e-007 
  4.62      1.566e-014      1.026e-014      7.643e-015      1.080e-014      1.036e-014      5.647e-015      3.474e-011      7.523e-009      1.343e-006      1.014e-005      1.398e-005      2.904e-007 
  4.72      4.866e-015      3.187e-015      2.374e-015      3.353e-015      3.220e-015      1.754e-015      1.571e-011      3.925e-009      8.325e-007      6.777e-006      9.545e-006      1.766e-007 
  4.82      1.503e-015      9.845e-016      7.335e-016      1.036e-015      9.947e-016      5.420e-016      7.085e-012      2.043e-009      5.153e-007      4.525e-006      6.508e-006      1.073e-007 
  4.92      4.619e-016      3.025e-016      2.254e-016      3.184e-016      3.056e-016      1.665e-016      3.190e-012      1.062e-009      3.185e-007      3.018e-006      4.432e-006      6.506e-008 
  5.02      1.412e-016      9.247e-017      6.889e-017      9.731e-017      9.342e-017      5.090e-017      1.433e-012      5.504e-010      1.966e-007      2.010e-006      3.014e-006      3.940e-008 
  5.12      4.293e-017      2.812e-017      2.095e-017      2.959e-017      2.841e-017      1.548e-017      6.423e-013      2.848e-010      1.212e-007      1.337e-006      2.047e-006      2.383e-008 
  5.22      1.299e-017      8.506e-018      6.337e-018      8.951e-018      8.594e-018      4.683e-018      2.874e-013      1.471e-010      7.464e-008      8.883e-007      1.388e-006      1.439e-008 
  5.32      3.909e-018      2.560e-018      1.908e-018      2.694e-018      2.587e-018      1.409e-018      1.283e-013      7.584e-011      4.591e-008      5.895e-007      9.405e-007      8.678e-009 
  5.42      1.171e-018      7.668e-019      5.713e-019      8.070e-019      7.748e-019      4.221e-019      5.717e-014      3.903e-011      2.820e-008      3.907e-007      6.363e-007      5.227e-009 
  5.52      3.490e-019      2.286e-019      1.703e-019      2.405e-019      2.309e-019      1.258e-019      2.542e-014      2.004e-011      1.730e-008      2.587e-007      4.300e-007      3.144e-009 
  5.62      1.035e-019      6.779e-020      5.050e-020      7.134e-020      6.849e-020      3.732e-020      1.129e-014      1.028e-011      1.061e-008      1.711e-007      2.902e-007      1.889e-009 
  5.72      3.055e-020      2.001e-020      1.491e-020      2.106e-020      2.022e-020      1.102e-020      5.000e-015      5.259e-012      6.492e-009      1.130e-007      1.956e-007      1.133e-009 
  5.82      8.977e-021      5.879e-021      4.380e-021      6.187e-021      5.940e-021      3.236e-021      2.211e-015      2.687e-012      3.970e-009      7.460e-008      1.317e-007      6.791e-010 
  5.92      2.625e-021      1.719e-021      1.281e-021      1.809e-021      1.737e-021      9.465e-022      9.760e-016      1.370e-012      2.425e-009      4.918e-008      8.860e-008      4.064e-010 
  6.02      7.642e-022      5.005e-022      3.729e-022      5.267e-022      5.057e-022      2.755e-022      4.301e-016      6.976e-013      1.480e-009      3.238e-008      5.952e-008      2.429e-010 
  6.12      2.215e-022      1.451e-022      1.081e-022      1.526e-022      1.465e-022      7.985e-023      1.892e-016      3.545e-013      9.019e-010      2.130e-008      3.994e-008      1.450e-010 
  6.22      6.390e-023      4.185e-023      3.118e-023      4.404e-023      4.228e-023      2.304e-023      8.306e-017      1.799e-013      5.492e-010      1.400e-008      2.677e-008      8.649e-011 
  6.32      1.835e-023      1.202e-023      8.956e-024      1.265e-023      1.214e-023      6.617e-024      3.641e-017      9.113e-014      3.340e-010      9.190e-009      1.793e-008      5.152e-011 
  6.42      5.249e-024      3.438e-024      2.561e-024      3.618e-024      3.473e-024      1.892e-024      1.593e-017      4.609e-014      2.030e-010      6.027e-009      1.199e-008      3.065e-011 
  6.52      1.495e-024      9.790e-025      7.294e-025      1.030e-024      9.891e-025      5.389e-025      6.959e-018      2.327e-014      1.232e-010      3.949e-009      8.010e-009      1.822e-011 
  6.62      4.239e-025      2.776e-025      2.068e-025      2.921e-025      2.805e-025      1.528e-025      3.035e-018      1.173e-014      7.471e-011      2.585e-009      5.346e-009      1.081e-011 
  6.72      1.197e-025      7.839e-026      5.840e-026      8.249e-026      7.919e-026      4.315e-026      1.322e-018      5.906e-015      4.526e-011      1.690e-009      3.565e-009      6.412e-012 
  6.82      3.366e-026      2.204e-026      1.642e-026      2.320e-026      2.227e-026      1.213e-026      5.745e-019      2.969e-015      2.739e-011      1.104e-009      2.374e-009      3.798e-012 
  6.92      9.426e-027      6.173e-027      4.599e-027      6.496e-027      6.237e-027      3.398e-027      2.494e-019      1.490e-015      1.656e-011      7.207e-010      1.580e-009      2.247e-012 
  7.02      2.629e-027      1.722e-027      1.283e-027      1.812e-027      1.740e-027      9.478e-028      1.081e-019      7.465e-016      1.001e-011      4.700e-010      1.050e-009      1.328e-012 
  7.12      7.304e-028      4.783e-028      3.564e-028      5.034e-028      4.833e-028      2.633e-028      4.675e-020      3.735e-016      6.038e-012      3.062e-010      6.973e-010      7.842e-013 
  7.22      2.021e-028      1.324e-028      9.861e-029      1.393e-028      1.337e-028      7.286e-029      2.020e-020      1.866e-016      3.641e-012      1.993e-010      4.626e-010      4.626e-013 
  7.32      5.570e-029      3.648e-029      2.718e-029      3.839e-029      3.686e-029      2.008e-029      8.712e-021      9.311e-017      2.193e-012      1.296e-010      3.066e-010      2.725e-013 
  7.42      1.529e-029      1.002e-029      7.462e-030      1.054e-029      1.012e-029      5.514e-030      3.753e-021      4.639e-017      1.320e-012      8.421e-011      2.030e-010      1.604e-013 
  7.52      4.183e-030      2.739e-030      2.041e-030      2.883e-030      2.768e-030      1.508e-030      1.614e-021      2.308e-017      7.937e-013      5.467e-011      1.343e-010      9.434e-014 
  7.62      1.140e-030      7.464e-031      5.561e-031      7.855e-031      7.541e-031      4.109e-031      6.931e-022      1.146e-017      4.769e-013      3.546e-011      8.874e-011      5.542e-014 
  7.72      3.094e-031      2.026e-031      1.510e-031      2.132e-031      2.047e-031      1.115e-031      2.972e-022      5.688e-018      2.863e-013      2.298e-011      5.859e-011      3.252e-014 
  7.82      8.367e-032      5.479e-032      4.082e-032      5.766e-032      5.536e-032      3.016e-032      1.273e-022      2.818e-018      1.717e-013      1.488e-011      3.865e-011      1.907e-014 
  7.92      2.254e-032      1.476e-032      1.100e-032      1.554e-032      1.492e-032      8.127e-033      5.443e-023      1.394e-018      1.029e-013      9.626e-012      2.547e-011      1.117e-014 
