%Afkomstig uit HR2006 = HR2001
%Door: Chris Geerse
%Datum: 21 april 2009
%
%PIEKAFVOER	TIJD	AFVOER
0	-0.004	-1
0	0	0
0	0.006	-1
250	-0.004	0
250	0	250
250	0.006	0
500	-0.0198	0
500	-0.0158	250
500	0	500
500	0.024	250
500	0.03	0
750	-0.111	0
750	-0.107	250
750	-0.091	500
750	0	750
750	0.136	500
750	0.16	250
750	0.166	0
1000	-0.414	0
1000	-0.41	250
1000	-0.394	500
1000	-0.303	750
1000	0	1000
1000	0.455	750
1000	0.591	500
1000	0.615	250
1000	0.621	0
1250	-0.897	0
1250	-0.893	250
1250	-0.877	500
1250	-0.786	750
1250	-0.483	1000
1250	0	1250
1250	0.725	1000
1250	1.18	750
1250	1.316	500
1250	1.34	250
1250	1.346	0
1500	-1.448	0
1500	-1.444	250
1500	-1.429	500
1500	-1.338	750
1500	-1.034	1000
1500	-0.551	1250
1500	0	1500
1500	0.827	1250
1500	1.552	1000
1500	2.006	750
1500	2.143	500
1500	2.167	250
1500	2.173	0
1750	-2.021	0
1750	-2.017	250
1750	-2.001	500
1750	-1.91	750
1750	-1.607	1000
1750	-1.123	1250
1750	-0.572	1500
1750	0	1750
1750	0.858	1500
1750	1.685	1250
1750	2.41	1000
1750	2.865	750
1750	3.001	500
1750	3.025	250
1750	3.031	0
2000	-2.614	0
2000	-2.61	250
2000	-2.594	500
2000	-2.503	750
2000	-2.2	1000
2000	-1.717	1250
2000	-1.166	1500
2000	-0.594	1750
2000	0	2000
2000	0.89	1750
2000	1.749	1500
2000	2.575	1250
2000	3.3	1000
2000	3.755	750
2000	3.892	500
2000	3.915	250
2000	3.921	0
2250	-3.215	0
2250	-3.211	250
2250	-3.195	500
2250	-3.104	750
2250	-2.801	1000
2250	-2.318	1250
2250	-1.767	1500
2250	-1.195	1750
2250	-0.601	2000
2250	0	2250
2250	0.901	2000
2250	1.792	1750
2250	2.65	1500
2250	3.477	1250
2250	4.202	1000
2250	4.656	750
2250	4.793	500
2250	4.817	250
2250	4.823	0
2500	-3.803	0
2500	-3.799	250
2500	-3.783	500
2500	-3.692	750
2500	-3.389	1000
2500	-2.906	1250
2500	-2.354	1500
2500	-1.782	1750
2500	-1.189	2000
2500	-0.588	2250
2500	0	2500
2500	0.882	2250
2500	1.783	2000
2500	2.673	1750
2500	3.532	1500
2500	4.358	1250
2500	5.083	1000
2500	5.538	750
2500	5.675	500
2500	5.698	250
2500	5.704	0
2750	-4.362	0
2750	-4.358	250
2750	-4.342	500
2750	-4.251	750
2750	-3.948	1000
2750	-3.465	1250
2750	-2.914	1500
2750	-2.341	1750
2750	-1.748	2000
2750	-1.147	2250
2750	-0.559	2500
2750	0	2750
2750	0.839	2500
2750	1.72	2250
2750	2.622	2000
2750	3.512	1750
2750	4.37	1500
2750	5.197	1250
2750	5.922	1000
2750	6.377	750
2750	6.513	500
2750	6.537	250
2750	6.543	0
3000	-4.88	0
3000	-4.876	250
3000	-4.86	500
3000	-4.769	750
3000	-4.466	1000
3000	-3.983	1250
3000	-3.432	1500
3000	-2.859	1750
3000	-2.266	2000
3000	-1.665	2250
3000	-1.077	2500
3000	-0.518	2750
3000	0	3000
3000	0.777	2750
3000	1.616	2500
3000	2.497	2250
3000	3.399	2000
3000	4.289	1750
3000	5.147	1500
3000	5.974	1250
3000	6.699	1000
3000	7.154	750
3000	7.29	500
3000	7.314	250
3000	7.32	0
4000	-6.711	0
4000	-6.707	250
4000	-6.691	500
4000	-6.6	750
4000	-6.297	1000
4000	-5.814	1250
4000	-5.263	1500
4000	-4.691	1750
4000	-4.097	2000
4000	-3.496	2250
4000	-2.908	2500
4000	-2.349	2750
4000	-1.831	3000
4000	-1.352	3250
4000	-0.894	3500
4000	-0.447	3750
4000	0	4000
4000	0.671	3750
4000	1.341	3500
4000	2.029	3250
4000	2.747	3000
4000	3.524	2750
4000	4.363	2500
4000	5.244	2250
4000	6.146	2000
4000	7.036	1750
4000	7.894	1500
4000	8.721	1250
4000	9.446	1000
4000	9.901	750
4000	10.037	500
4000	10.061	250
4000	10.067	0
5000	-8.439	0
5000	-8.435	250
5000	-8.419	500
5000	-8.328	750
5000	-8.025	1000
5000	-7.542	1250
5000	-6.991	1500
5000	-6.418	1750
5000	-5.825	2000
5000	-5.224	2250
5000	-4.636	2500
5000	-4.077	2750
5000	-3.559	3000
5000	-3.08	3250
5000	-2.622	3500
5000	-2.175	3750
5000	-1.728	4000
5000	-1.281	4250
5000	-0.846	4500
5000	-0.424	4750
5000	0	5000
5000	0.635	4750
5000	1.269	4500
5000	1.922	4250
5000	2.592	4000
5000	3.262	3750
5000	3.933	3500
5000	4.62	3250
5000	5.338	3000
5000	6.115	2750
5000	6.954	2500
5000	7.836	2250
5000	8.737	2000
5000	9.628	1750
5000	10.486	1500
5000	11.313	1250
5000	12.037	1000
5000	12.492	750
5000	12.629	500
5000	12.652	250
5000	12.658	0
6000	-10.254	0
6000	-10.25	250
6000	-10.234	500
6000	-10.143	750
6000	-9.84	1000
6000	-9.356	1250
6000	-8.805	1500
6000	-8.233	1750
6000	-7.639	2000
6000	-7.038	2250
6000	-6.451	2500
6000	-5.892	2750
6000	-5.374	3000
6000	-4.895	3250
6000	-4.437	3500
6000	-3.989	3750
6000	-3.542	4000
6000	-3.096	4250
6000	-2.661	4500
6000	-2.238	4750
6000	-1.815	5000
6000	-1.373	5250
6000	-0.91	5500
6000	-0.447	5750
6000	0	6000
6000	0.671	5750
6000	1.364	5500
6000	2.059	5250
6000	2.722	5000
6000	3.357	4750
6000	3.991	4500
6000	4.644	4250
6000	5.313	4000
6000	5.984	3750
6000	6.655	3500
6000	7.342	3250
6000	8.06	3000
6000	8.837	2750
6000	9.676	2500
6000	10.558	2250
6000	11.459	2000
6000	12.349	1750
6000	13.208	1500
6000	14.034	1250
6000	14.759	1000
6000	15.214	750
6000	15.351	500
6000	15.374	250
6000	15.38	0
7000	-12.42854008	0
7000	-12.42454008	250
7000	-12.40869264	500
7000	-12.31770161	750
7000	-12.01454587	1000
7000	-11.53127549	1250
7000	-10.98014124	1500
7000	-10.40796181	1750
7000	-9.814340514	2000
7000	-9.213412288	2250
7000	-8.625658399	2500
7000	-8.066501247	2750
7000	-7.548530255	3000
7000	-7.069724509	3250
7000	-6.611634661	3500
7000	-6.164469299	3750
7000	-5.717306088	4000
7000	-5.270797919	4250
7000	-4.835718146	4500
7000	-4.413155586	4750
7000	-3.98955645	5000
7000	-3.547503506	5250
7000	-3.084645969	5500
7000	-2.622074601	5750
7000	-2.175	6000
7000	-1.7625	6250
7000	-1.254166667	6500
7000	-0.729166667	6750
7000	0	7000
7000	1.041666667	6750
7000	1.533333333	6500
7000	1.954166667	6250
7000	2.3875	6000
7000	3.058111901	5750
7000	3.751968953	5500
7000	4.446255259	5250
7000	5.109334676	5000
7000	5.744733379	4750
7000	6.378577219	4500
7000	7.031196878	4250
7000	7.700959132	4000
7000	8.371703948	3750
7000	9.042451991	3500
7000	9.729586764	3250
7000	10.44779538	3000
7000	11.22475187	2750
7000	12.0634876	2500
7000	12.94511843	2250
7000	13.84651077	2000
7000	14.73694272	1750
7000	15.59521186	1500
7000	16.42191324	1250
7000	17.14681881	1000
7000	17.60155241	750
7000	17.73803896	500
7000	17.76181013	250
7000	17.76781013	0
8069	-13.97854008	0
8069	-13.97454008	250
8069	-13.95869264	500
8069	-13.86770161	750
8069	-13.56454587	1000
8069	-13.08127549	1250
8069	-12.53014124	1500
8069	-11.95796181	1750
8069	-11.36434051	2000
8069	-10.76341229	2250
8069	-10.1756584	2500
8069	-9.616501247	2750
8069	-9.098530255	3000
8069	-8.619724509	3250
8069	-8.161634661	3500
8069	-7.714469299	3750
8069	-7.267306088	4000
8069	-6.820797919	4250
8069	-6.385718146	4500
8069	-5.963155586	4750
8069	-5.53955645	5000
8069	-5.097503506	5250
8069	-4.634645969	5500
8069	-4.172074601	5750
8069	-3.725	6000
8069	-3.3125	6250
8069	-2.85	6500
8069	-2.433333333	6750
8069	-2.054166667	7000
8069	-1.691666667	7250
8069	-1.241666667	7500
8069	-0.229166667	8000
8069	0	8069
8069	0.45	8000
8069	1.520833333	7500
8069	1.891666667	7250
8069	2.225	7000
8069	2.725	6750
8069	3.320833333	6500
8069	3.783333333	6250
8069	4.316666667	6000
8069	4.987278568	5750
8069	5.68113562	5500
8069	6.375421926	5250
8069	7.038501343	5000
8069	7.673900046	4750
8069	8.307743886	4500
8069	8.960363545	4250
8069	9.630125799	4000
8069	10.30087062	3750
8069	10.97161866	3500
8069	11.65875343	3250
8069	12.37696205	3000
8069	13.15391854	2750
8069	13.99265427	2500
8069	14.8742851	2250
8069	15.77567744	2000
8069	16.66610939	1750
8069	17.52437852	1500
8069	18.35107991	1250
8069	19.07598547	1000
8069	19.53071908	750
8069	19.66720563	500
8069	19.69097679	250
8069	19.69697679	0
9959	-16.02437342	0
9959	-16.02037342	250
9959	-16.00452597	500
9959	-15.91353494	750
9959	-15.6103792	1000
9959	-15.12710883	1250
9959	-14.57597457	1500
9959	-14.00379515	1750
9959	-13.41017385	2000
9959	-12.80924562	2250
9959	-12.22149173	2500
9959	-11.66233458	2750
9959	-11.14436359	3000
9959	-10.66555784	3250
9959	-10.20746799	3500
9959	-9.760302632	3750
9959	-9.313139421	4000
9959	-8.866631252	4250
9959	-8.431551479	4500
9959	-8.008988919	4750
9959	-7.585389783	5000
9959	-7.143336839	5250
9959	-6.680479302	5500
9959	-6.217907934	5750
9959	-5.770833333	6000
9959	-5.445833333	6250
9959	-5.1125	6500
9959	-4.7875	6750
9959	-4.366666667	7000
9959	-3.975	7250
9959	-3.570833333	7500
9959	-2.895833333	8000
9959	-2.225	8500
9959	-1.625	9000
9959	-0.895833333	9500
9959	0	9959
9959	1.195833333	9500
9959	1.833333333	9000
9959	2.433333333	8500
9959	3.354166667	8000
9959	4.133333333	7500
9959	4.633333333	7250
9959	5.166666667	7000
9959	5.654166667	6750
9959	6.120833333	6500
9959	6.6	6250
9959	7.25	6000
9959	7.920611901	5750
9959	8.614468953	5500
9959	9.308755259	5250
9959	9.971834676	5000
9959	10.60723338	4750
9959	11.24107722	4500
9959	11.89369688	4250
9959	12.56345913	4000
9959	13.23420395	3750
9959	13.90495199	3500
9959	14.59208676	3250
9959	15.31029538	3000
9959	16.08725187	2750
9959	16.9259876	2500
9959	17.80761843	2250
9959	18.70901077	2000
9959	19.59944272	1750
9959	20.45771186	1500
9959	21.28441324	1250
9959	22.00931881	1000
9959	22.46405241	750
9959	22.60053896	500
9959	22.62431013	250
9959	22.63031013	0
11763	-18.94104008	0
11763	-18.93704008	250
11763	-18.92119264	500
11763	-18.83020161	750
11763	-18.52704587	1000
11763	-18.04377549	1250
11763	-17.49264124	1500
11763	-16.92046181	1750
11763	-16.32684051	2000
11763	-15.72591229	2250
11763	-15.1381584	2500
11763	-14.57900125	2750
11763	-14.06103025	3000
11763	-13.58222451	3250
11763	-13.12413466	3500
11763	-12.6769693	3750
11763	-12.22980609	4000
11763	-11.78329792	4250
11763	-11.34821815	4500
11763	-10.92565559	4750
11763	-10.50205645	5000
11763	-10.06000351	5250
11763	-9.597145969	5500
11763	-9.134574601	5750
11763	-8.6875	6000
11763	-8.220833333	6250
11763	-7.745833333	6500
11763	-7.116666667	6750
11763	-6.783333333	7000
11763	-6.370833333	7250
11763	-5.875	7500
11763	-5.1	8000
11763	-4.195833333	8500
11763	-3.429166667	9000
11763	-2.808333333	9500
11763	-2.266666667	10000
11763	-1.766666667	10500
11763	-1.166666667	11000
11763	-0.5	11500
11763	0	11763
11763	0.8	11500
11763	1.445833333	11000
11763	1.958333333	10500
11763	2.475	10000
11763	3.291666667	9500
11763	3.925	9000
11763	4.741666667	8500
11763	5.766666667	8000
11763	6.704166667	7500
11763	7.325	7250
11763	7.895833333	7000
11763	8.3625	6750
11763	8.829166667	6500
11763	9.295833333	6250
11763	9.8	6000
11763	10.4706119	5750
11763	11.16446895	5500
11763	11.85875526	5250
11763	12.52183468	5000
11763	13.15723338	4750
11763	13.79107722	4500
11763	14.44369688	4250
11763	15.11345913	4000
11763	15.78420395	3750
11763	16.45495199	3500
11763	17.14208676	3250
11763	17.86029538	3000
11763	18.63725187	2750
11763	19.4759876	2500
11763	20.35761843	2250
11763	21.25901077	2000
11763	22.14944272	1750
11763	23.00771186	1500
11763	23.83441324	1250
11763	24.55931881	1000
11763	25.01405241	750
11763	25.15053896	500
11763	25.17431013	250
11763	25.18031013	0
13871	-21.28270675	0
13871	-21.27870675	250
13871	-21.26285931	500
13871	-21.17186828	750
13871	-20.86871254	1000
13871	-20.38544216	1250
13871	-19.83430791	1500
13871	-19.26212848	1750
13871	-18.66850718	2000
13871	-18.06757896	2250
13871	-17.47982507	2500
13871	-16.92066792	2750
13871	-16.40269692	3000
13871	-15.92389118	3250
13871	-15.46580133	3500
13871	-15.01863597	3750
13871	-14.57147276	4000
13871	-14.12496459	4250
13871	-13.68988482	4500
13871	-13.26732226	4750
13871	-12.84372312	5000
13871	-12.40167018	5250
13871	-11.93881264	5500
13871	-11.47624127	5750
13871	-11.02916667	6000
13871	-10.51666667	6250
13871	-10.14583333	6500
13871	-9.8125	6750
13871	-9.479166667	7000
13871	-9.083333333	7250
13871	-8.629166667	7500
13871	-7.6	8000
13871	-6.825	8500
13871	-5.845833333	9000
13871	-5.079166667	9500
13871	-4.233333333	10000
13871	-3.525	10500
13871	-3.079166667	11000
13871	-2.541666667	11500
13871	-2.083333333	12000
13871	-1.658333333	12500
13871	-1.1375	13000
13871	-0.579166667	13500
13871	0	13871
13871	0.883333333	13500
13871	1.420833333	13000
13871	1.8625	12500
13871	2.254166667	12000
13871	2.883333333	11500
13871	3.508333333	11000
13871	4.054166667	10500
13871	4.775	10000
13871	5.65	9500
13871	6.445833333	9000
13871	7.416666667	8500
13871	8.279166667	8000
13871	9.183333333	7500
13871	9.65	7250
13871	10.16666667	7000
13871	10.65416667	6750
13871	11.2125	6500
13871	11.90833333	6250
13871	12.75833333	6000
13871	13.42894523	5750
13871	14.12280228	5500
13871	14.81708859	5250
13871	15.48016801	5000
13871	16.11556671	4750
13871	16.74941055	4500
13871	17.40203021	4250
13871	18.07179246	4000
13871	18.74253728	3750
13871	19.41328532	3500
13871	20.10042009	3250
13871	20.81862871	3000
13871	21.5955852	2750
13871	22.43432093	2500
13871	23.31595176	2250
13871	24.2173441	2000
13871	25.10777605	1750
13871	25.96604519	1500
13871	26.79274657	1250
13871	27.51765214	1000
13871	27.97238574	750
13871	28.10887229	500
13871	28.13264346	250
13871	28.13864346	0
16000	-23.77854008	0
16000	-23.77454008	250
16000	-23.75869264	500
16000	-23.66770161	750
16000	-23.36454587	1000
16000	-22.88127549	1250
16000	-22.33014124	1500
16000	-21.75796181	1750
16000	-21.16434051	2000
16000	-20.56341229	2250
16000	-19.9756584	2500
16000	-19.41650125	2750
16000	-18.89853025	3000
16000	-18.41972451	3250
16000	-17.96163466	3500
16000	-17.5144693	3750
16000	-17.06730609	4000
16000	-16.62079792	4250
16000	-16.18571815	4500
16000	-15.76315559	4750
16000	-15.33955645	5000
16000	-14.89750351	5250
16000	-14.43464597	5500
16000	-13.9720746	5750
16000	-13.525	6000
16000	-12.7125	6250
16000	-12.1125	6500
16000	-11.5125	6750
16000	-10.85416667	7000
16000	-10.475	7250
16000	-10.14166667	7500
16000	-9.566666667	8000
16000	-8.858333333	8500
16000	-7.991666667	9000
16000	-7.245833333	9500
16000	-6.5625	10000
16000	-5.654166667	10500
16000	-5.016666667	11000
16000	-4.279166667	11500
16000	-3.616666667	12000
16000	-3.233333333	12500
16000	-2.745833333	13000
16000	-2.345833333	13500
16000	-1.970833333	14000
16000	-1.591666667	14500
16000	-1.133333333	15000
16000	-0.654166667	15500
16000	0	16000
16000	0.966666667	15500
16000	1.416666667	15000
16000	1.804166667	14500
16000	2.145833333	14000
16000	2.579166667	13500
16000	3.216666667	13000
16000	3.683333333	12500
16000	4.2125	12000
16000	4.816666667	11500
16000	5.591666667	11000
16000	6.291666667	10500
16000	7.1	10000
16000	7.916666667	9500
16000	8.608333333	9000
16000	9.466666667	8500
16000	10.44583333	8000
16000	11.40416667	7500
16000	12.0125	7250
16000	12.78333333	7000
16000	13.53333333	6750
16000	14.5	6500
16000	15.9125	6250
16000	17.13333333	6000
16000	17.80394523	5750
16000	18.49780228	5500
16000	19.19208859	5250
16000	19.85516801	5000
16000	20.49056671	4750
16000	21.12441055	4500
16000	21.77703021	4250
16000	22.44679246	4000
16000	23.11753728	3750
16000	23.78828532	3500
16000	24.47542009	3250
16000	25.19362871	3000
16000	25.9705852	2750
16000	26.80932093	2500
16000	27.69095176	2250
16000	28.5923441	2000
16000	29.48277605	1750
16000	30.34104519	1500
16000	31.16774657	1250
16000	31.89265214	1000
16000	32.34738574	750
16000	32.48387229	500
16000	32.50764346	250
16000	32.51364346	0
17250	-25.37854008	0
17250	-25.37454008	250
17250	-25.35869264	500
17250	-25.26770161	750
17250	-24.96454587	1000
17250	-24.48127549	1250
17250	-23.93014124	1500
17250	-23.35796181	1750
17250	-22.76434051	2000
17250	-22.16341229	2250
17250	-21.5756584	2500
17250	-21.01650125	2750
17250	-20.49853025	3000
17250	-20.01972451	3250
17250	-19.56163466	3500
17250	-19.1144693	3750
17250	-18.66730609	4000
17250	-18.22079792	4250
17250	-17.78571815	4500
17250	-17.36315559	4750
17250	-16.93955645	5000
17250	-16.49750351	5250
17250	-16.03464597	5500
17250	-15.5720746	5750
17250	-15.125	6000
17250	-14.44166667	6250
17250	-13.6375	6500
17250	-12.85833333	6750
17250	-12.27083333	7000
17250	-11.65833333	7250
17250	-10.975	7500
17250	-10.2375	8000
17250	-9.7	8500
17250	-9.108333333	9000
17250	-8.395833333	9500
17250	-7.541666667	10000
17250	-6.908333333	10500
17250	-6.075	11000
17250	-5.466666667	11500
17250	-4.808333333	12000
17250	-4.145833333	12500
17250	-3.566666667	13000
17250	-3.216666667	13500
17250	-2.754166667	14000
17250	-2.383333333	14500
17250	-2.033333333	15000
17250	-1.691666667	15500
17250	-1.266666667	16000
17250	-0.854166667	16500
17250	0	17250
17250	1.158333333	16500
17250	1.545833333	16000
17250	1.891666667	15500
17250	2.204166667	15000
17250	2.645833333	14500
17250	3.233333333	14000
17250	3.6625	13500
17250	4.120833333	13000
17250	4.704166667	12500
17250	5.3875	12000
17250	6.075	11500
17250	6.695833333	11000
17250	7.533333333	10500
17250	8.216666667	10000
17250	8.904166667	9500
17250	9.7625	9000
17250	10.64583333	8500
17250	11.575	8000
17250	12.92083333	7500
17250	13.60416667	7250
17250	14.52083333	7000
17250	15.85	6750
17250	16.9625	6500
17250	18.1375	6250
17250	19.35833333	6000
17250	20.02894523	5750
17250	20.72280228	5500
17250	21.41708859	5250
17250	22.08016801	5000
17250	22.71556671	4750
17250	23.34941055	4500
17250	24.00203021	4250
17250	24.67179246	4000
17250	25.34253728	3750
17250	26.01328532	3500
17250	26.70042009	3250
17250	27.41862871	3000
17250	28.1955852	2750
17250	29.03432093	2500
17250	29.91595176	2250
17250	30.8173441	2000
17250	31.70777605	1750
17250	32.56604519	1500
17250	33.39274657	1250
17250	34.11765214	1000
17250	34.57238574	750
17250	34.70887229	500
17250	34.73264346	250
17250	34.73864346	0
18737	-27.07854008	0
18737	-27.07454008	250
18737	-27.05869264	500
18737	-26.96770161	750
18737	-26.66454587	1000
18737	-26.18127549	1250
18737	-25.63014124	1500
18737	-25.05796181	1750
18737	-24.46434051	2000
18737	-23.86341229	2250
18737	-23.2756584	2500
18737	-22.71650125	2750
18737	-22.19853025	3000
18737	-21.71972451	3250
18737	-21.26163466	3500
18737	-20.8144693	3750
18737	-20.36730609	4000
18737	-19.92079792	4250
18737	-19.48571815	4500
18737	-19.06315559	4750
18737	-18.63955645	5000
18737	-18.19750351	5250
18737	-17.73464597	5500
18737	-17.2720746	5750
18737	-16.825	6000
18737	-16.42083333	6250
18737	-15.95416667	6500
18737	-15.20833333	6750
18737	-14.3	7000
18737	-13.525	7250
18737	-12.95416667	7500
18737	-11.72083333	8000
18737	-10.81666667	8500
18737	-10.225	9000
18737	-9.683333333	9500
18737	-8.995833333	10000
18737	-8.208333333	10500
18737	-7.470833333	11000
18737	-6.808333333	11500
18737	-5.995833333	12000
18737	-5.458333333	12500
18737	-4.858333333	13000
18737	-4.241666667	13500
18737	-3.666666667	14000
18737	-3.325	14500
18737	-2.95	15000
18737	-2.566666667	15500
18737	-2.216666667	16000
18737	-1.908333333	16500
18737	-1.579166667	17000
18737	-1.183333333	17500
18737	-0.7875	18000
18737	0	18737
18737	1.1	18000
18737	1.4625	17500
18737	1.791666667	17000
18737	2.0875	16500
18737	2.429166667	16000
18737	2.920833333	15500
18737	3.395833333	15000
18737	3.791666667	14500
18737	4.258333333	14000
18737	4.783333333	13500
18737	5.441666667	13000
18737	6.0625	12500
18737	6.625	12000
18737	7.391666667	11500
18737	8.05	11000
18737	8.645833333	10500
18737	9.383333333	10000
18737	10.2125	9500
18737	10.99583333	9000
18737	11.975	8500
18737	13.26666667	8000
18737	14.92916667	7500
18737	16.16666667	7250
18737	17.2375	7000
18737	18.37916667	6750
18737	19.4	6500
18737	20.43333333	6250
18737	21.90416667	6000
18737	22.57477857	5750
18737	23.26863562	5500
18737	23.96292193	5250
18737	24.62600135	5000
18737	25.26140005	4750
18737	25.89524389	4500
18737	26.54786355	4250
18737	27.2176258	4000
18737	27.88837062	3750
18737	28.55911866	3500
18737	29.24625343	3250
18737	29.96446205	3000
18737	30.74141854	2750
18737	31.58015427	2500
18737	32.4617851	2250
18737	33.36317744	2000
18737	34.25360939	1750
18737	35.11187853	1500
18737	35.93857991	1250
18737	36.66348548	1000
18737	37.11821908	750
18737	37.25470563	500
18737	37.2784768	250
18737	37.2844768	0
20000	-28.19520675	0
20000	-28.19120675	250
20000	-28.17535931	500
20000	-28.08436828	750
20000	-27.78121254	1000
20000	-27.29794216	1250
20000	-26.74680791	1500
20000	-26.17462848	1750
20000	-25.58100718	2000
20000	-24.98007896	2250
20000	-24.39232507	2500
20000	-23.83316792	2750
20000	-23.31519692	3000
20000	-22.83639118	3250
20000	-22.37830133	3500
20000	-21.93113597	3750
20000	-21.48397276	4000
20000	-21.03746459	4250
20000	-20.60238482	4500
20000	-20.17982226	4750
20000	-19.75622312	5000
20000	-19.31417018	5250
20000	-18.85131264	5500
20000	-18.38874127	5750
20000	-17.94166667	6000
20000	-17.30416667	6250
20000	-16.65833333	6500
20000	-16.28333333	6750
20000	-15.84166667	7000
20000	-15.05416667	7250
20000	-14.225	7500
20000	-12.9625	8000
20000	-11.84166667	8500
20000	-10.87916667	9000
20000	-10.33333333	9500
20000	-9.829166667	10000
20000	-9.2375	10500
20000	-8.579166667	11000
20000	-7.75	11500
20000	-7.095833333	12000
20000	-6.5625	12500
20000	-5.816666667	13000
20000	-5.3	13500
20000	-4.695833333	14000
20000	-4.1375	14500
20000	-3.616666667	15000
20000	-3.308333333	15500
20000	-2.9625	16000
20000	-2.629166667	16500
20000	-2.266666667	17000
20000	-1.970833333	17500
20000	-1.670833333	18000
20000	-1.3	18500
20000	-0.954166667	19000
20000	-0.55	19500
20000	0	20000
20000	0.85	19500
20000	1.245833333	19000
20000	1.579166667	18500
20000	1.875	18000
20000	2.145833333	17500
20000	2.479166667	17000
20000	2.970833333	16500
20000	3.404166667	16000
20000	3.775	15500
20000	4.2125	15000
20000	4.695833333	14500
20000	5.258333333	14000
20000	5.8875	13500
20000	6.420833333	13000
20000	7.1	12500
20000	7.783333333	12000
20000	8.308333333	11500
20000	8.9125	11000
20000	9.654166667	10500
20000	10.44166667	10000
20000	11.16666667	9500
20000	12.23333333	9000
20000	13.4875	8500
20000	15.1375	8000
20000	17.3875	7500
20000	18.61666667	7250
20000	19.77083333	7000
20000	20.875	6750
20000	22.15	6500
20000	23.74166667	6250
20000	25.19583333	6000
20000	25.86644523	5750
20000	26.56030228	5500
20000	27.25458859	5250
20000	27.91766801	5000
20000	28.55306671	4750
20000	29.18691055	4500
20000	29.83953021	4250
20000	30.50929246	4000
20000	31.18003728	3750
20000	31.85078532	3500
20000	32.53792009	3250
20000	33.25612871	3000
20000	34.0330852	2750
20000	34.87182093	2500
20000	35.75345176	2250
20000	36.6548441	2000
20000	37.54527605	1750
20000	38.40354519	1500
20000	39.23024657	1250
20000	39.95515214	1000
20000	40.40988574	750
20000	40.54637229	500
20000	40.57014346	250
20000	40.57614346	0
25000	-31.65354008	0
25000	-31.64954008	250
25000	-31.63369264	500
25000	-31.54270161	750
25000	-31.23954587	1000
25000	-30.75627549	1250
25000	-30.20514124	1500
25000	-29.63296181	1750
25000	-29.03934051	2000
25000	-28.43841229	2250
25000	-27.8506584	2500
25000	-27.29150125	2750
25000	-26.77353025	3000
25000	-26.29472451	3250
25000	-25.83663466	3500
25000	-25.3894693	3750
25000	-24.94230609	4000
25000	-24.49579792	4250
25000	-24.06071815	4500
25000	-23.63815559	4750
25000	-23.21455645	5000
25000	-22.77250351	5250
25000	-22.30964597	5500
25000	-21.8470746	5750
25000	-21.4	6000
25000	-20.8167	6250
25000	-20.2083	6562.5
25000	-20.0042	6647.099445
25000	-19.8708	6702.348068
25000	-19.4542	6875
25000	-19.2083	6996.299344
25000	-18.8208	7187.5
25000	-18.6125	7261.552132
25000	-18.3375	7359.300948
25000	-17.9417	7500
25000	-17.7	7618.464054
25000	-17.5917	7671.568627
25000	-17.3042	7812.5
25000	-16.8333	8040.322582
25000	-16.825	8044.354838
25000	-16.6583	8125
25000	-16.5417	8222.222217
25000	-16.475	8277.777775
25000	-16.4208	8322.916667
25000	-16.2833	8437.5
25000	-15.9542	8670.400942
25000	-15.8708	8729.363212
25000	-15.8417	8750
25000	-15.7958	8768.187833
25000	-15.5292	8874.007937
25000	-15.3917	8928.571429
25000	-15.325	8955.026456
25000	-15.2083	9001.322754
25000	-15.125	9034.391536
25000	-15.0542	9062.5
25000	-14.9583	9098.618093
25000	-14.4417	9293.341708
25000	-14.3917	9312.185929
25000	-14.3083	9343.592966
25000	-14.3	9346.733668
25000	-14.225	9375
25000	-13.6375	9665.841584
25000	-13.525	9721.534653
25000	-13.5083	9729.78548
25000	-13.3375	9814.356436
25000	-12.9625	10000
25000	-12.9542	10004.64684
25000	-12.8583	10058.0855
25000	-12.7125	10139.4052
25000	-12.4917	10262.54647
25000	-12.2708	10385.68774
25000	-12.1125	10473.9777
25000	-12.0125	10529.73978
25000	-11.8417	10625
25000	-11.8292	10633.11688
25000	-11.7208	10703.46321
25000	-11.6583	10744.04762
25000	-11.5125	10838.74459
25000	-11.0292	11152.5974
25000	-10.975	11187.77056
25000	-10.8792	11250
25000	-10.8542	11278.62595
25000	-10.8167	11321.56488
25000	-10.5167	11665.07633
25000	-10.4833	11703.24428
25000	-10.475	11712.78626
25000	-10.3333	11875
25000	-10.2375	11993.80165
25000	-10.225	12009.29752
25000	-10.1458	12107.43802
25000	-10.1417	12112.6033
25000	-9.8292	12500
25000	-9.8125	12517.60563
25000	-9.7667	12566.02113
25000	-9.7	12636.44366
25000	-9.6833	12654.0493
25000	-9.5667	12777.28873
25000	-9.4792	12869.71831
25000	-9.3792	12975.35211
25000	-9.2375	13125
25000	-9.1083	13247.62658
25000	-9.0833	13271.36076
25000	-9.0333	13318.82911
25000	-8.9958	13354.43038
25000	-8.8583	13484.96835
25000	-8.6875	13647.1519
25000	-8.6292	13702.53165
25000	-8.5792	13750
25000	-8.3958	13888.19096
25000	-8.3167	13947.86432
25000	-8.2208	14020.1005
25000	-8.2083	14029.52261
25000	-7.9917	14192.8392
25000	-7.75	14375
25000	-7.7458	14378.98089
25000	-7.725	14398.88535
25000	-7.6	14518.3121
25000	-7.5417	14574.04459
25000	-7.4708	14641.71975
25000	-7.2458	14856.6879
25000	-7.1167	14980.09554
25000	-7.0958	15000
25000	-6.9083	15219.72656
25000	-6.8708	15263.67188
25000	-6.825	15317.38281
25000	-6.8083	15336.91406
25000	-6.7833	15366.21094
25000	-6.7625	15390.625
25000	-6.5625	15625
25000	-6.3833	15775.13967
25000	-6.3708	15785.61453
25000	-6.1125	16002.09497
25000	-6.075	16033.51955
25000	-6.0625	16043.99441
25000	-5.9958	16099.86034
25000	-5.875	16201.11732
25000	-5.8458	16225.55866
25000	-5.8167	16250
25000	-5.7708	16305.44355
25000	-5.6542	16446.57258
25000	-5.6292	16476.81452
25000	-5.4708	16668.34677
25000	-5.4667	16673.3871
25000	-5.4583	16683.46774
25000	-5.4458	16698.58871
25000	-5.3	16875
25000	-5.1375	17043.10345
25000	-5.1125	17068.96552
25000	-5.1	17081.89655
25000	-5.0792	17103.44828
25000	-5.0167	17168.10345
25000	-4.9625	17224.13793
25000	-4.8583	17331.89655
25000	-4.8083	17383.62069
25000	-4.7875	17405.17241
25000	-4.7208	17474.13793
25000	-4.6958	17500
25000	-4.3792	17854.47761
25000	-4.3667	17868.47015
25000	-4.2792	17966.41791
25000	-4.2417	18008.39552
25000	-4.2333	18017.72388
25000	-4.2125	18041.04478
25000	-4.1958	18059.70149
25000	-4.1458	18115.67164
25000	-4.1375	18125
25000	-4	18290
25000	-3.975	18320
25000	-3.725	18620
25000	-3.6667	18690
25000	-3.6167	18750
25000	-3.5708	18842.90541
25000	-3.5667	18851.35135
25000	-3.525	18935.81081
25000	-3.4833	19020.27027
25000	-3.4292	19130.06757
25000	-3.325	19341.21622
25000	-3.3125	19366.55405
25000	-3.3083	19375
25000	-3.3	19390.06024
25000	-3.2333	19510.54217
25000	-3.2167	19540.66265
25000	-3.1042	19743.9759
25000	-3.0792	19789.15663
25000	-2.9625	20000
25000	-2.95	20023.4375
25000	-2.9333	20054.6875
25000	-2.8958	20125
25000	-2.85	20210.9375
25000	-2.8083	20289.0625
25000	-2.7542	20390.625
25000	-2.7458	20406.25
25000	-2.6625	20562.5
25000	-2.6292	20625
25000	-2.5667	20732.75862
25000	-2.5417	20775.86207
25000	-2.4792	20883.62069
25000	-2.4333	20962.64368
25000	-2.3833	21048.85058
25000	-2.3458	21113.50575
25000	-2.2667	21250
25000	-2.225	21338.02817
25000	-2.2167	21355.6338
25000	-2.175	21443.66197
25000	-2.0833	21637.32394
25000	-2.0542	21698.94366
25000	-2.0333	21742.95775
25000	-1.9708	21875
25000	-1.9083	22005.20833
25000	-1.7667	22300.34722
25000	-1.7625	22309.02778
25000	-1.6917	22456.59722
25000	-1.6708	22500
25000	-1.6583	22521.06742
25000	-1.625	22577.24719
25000	-1.5917	22633.42697
25000	-1.5792	22654.49438
25000	-1.4083	22942.41573
25000	-1.3	23125
25000	-1.2667	23185.24096
25000	-1.2542	23207.83132
25000	-1.2417	23230.42169
25000	-1.1833	23335.84337
25000	-1.1667	23365.96386
25000	-1.1375	23418.6747
25000	-1.1333	23426.20482
25000	-0.9542	23750
25000	-0.8958	23840.20619
25000	-0.8542	23904.63918
25000	-0.7875	24007.73196
25000	-0.7292	24097.93814
25000	-0.6542	24213.91753
25000	-0.5792	24329.89691
25000	-0.55	24375
25000	-0.5	24431.81818
25000	-0.2292	24739.58333
25000	0	25000
25000	0.45	24669.11765
25000	0.8	24411.76471
25000	0.85	24375
25000	0.8833	24322.36842
25000	0.9667	24190.78947
25000	1.0417	24072.36842
25000	1.1	23980.26316
25000	1.1583	23888.15789
25000	1.1958	23828.94737
25000	1.2458	23750
25000	1.4167	23429.6875
25000	1.4208	23421.875
25000	1.4458	23375
25000	1.4625	23343.75
25000	1.5208	23234.375
25000	1.5333	23210.9375
25000	1.5458	23187.5
25000	1.5792	23125
25000	1.6833	22904.92958
25000	1.7917	22676.05634
25000	1.8042	22649.64789
25000	1.8333	22588.02817
25000	1.8625	22526.40845
25000	1.875	22500
25000	1.8917	22461.53846
25000	1.9542	22317.30769
25000	1.9583	22307.69231
25000	2.0875	22009.61538
25000	2.1458	21875
25000	2.2042	21765.625
25000	2.225	21726.5625
25000	2.2542	21671.875
25000	2.3875	21421.875
25000	2.4292	21343.75
25000	2.4333	21335.9375
25000	2.475	21257.8125
25000	2.4792	21250
25000	2.5792	21122.88136
25000	2.6458	21038.13559
25000	2.725	20937.5
25000	2.7375	20921.61017
25000	2.8833	20736.22881
25000	2.9208	20688.55932
25000	2.9708	20625
25000	2.9833	20606.97115
25000	3.2167	20270.43269
25000	3.2333	20246.39423
25000	3.2917	20162.25962
25000	3.3208	20120.19231
25000	3.3542	20072.11538
25000	3.3792	20036.05769
25000	3.3958	20012.01923
25000	3.4042	20000
25000	3.4625	19901.68539
25000	3.5083	19824.4382
25000	3.6625	19564.60674
25000	3.6833	19529.49438
25000	3.775	19375
25000	3.7833	19363.09524
25000	3.7917	19351.19048
25000	3.925	19160.71429
25000	3.9958	19059.52381
25000	4.0042	19047.61905
25000	4.0542	18976.19048
25000	4.1208	18880.95238
25000	4.1333	18863.09524
25000	4.2125	18750
25000	4.2583	18690.73276
25000	4.3167	18615.30172
25000	4.5292	18340.51724
25000	4.6333	18205.81897
25000	4.6958	18125
25000	4.7042	18115.74074
25000	4.7417	18074.07407
25000	4.775	18037.03704
25000	4.7833	18027.77778
25000	4.8167	17990.74074
25000	4.9542	17837.96296
25000	5.1667	17601.85185
25000	5.2167	17546.2963
25000	5.2583	17500
25000	5.3875	17371.68874
25000	5.4417	17317.88079
25000	5.5792	17181.29139
25000	5.5875	17173.01324
25000	5.5917	17168.87417
25000	5.65	17110.92715
25000	5.6542	17106.78808
25000	5.7667	16995.03311
25000	5.8875	16875
25000	6.0625	16669.92187
25000	6.075	16655.27344
25000	6.1208	16601.5625
25000	6.1542	16562.5
25000	6.2917	16401.36719
25000	6.4208	16250
25000	6.4458	16226.99387
25000	6.6	16085.1227
25000	6.625	16062.11656
25000	6.6958	15996.93252
25000	6.7042	15989.2638
25000	6.8083	15893.40491
25000	6.9292	15782.20859
25000	7.1	15625
25000	7.25	15487.80488
25000	7.325	15419.20732
25000	7.3917	15358.23171
25000	7.4167	15335.36585
25000	7.5333	15228.65854
25000	7.7292	15049.54268
25000	7.7833	15000
25000	7.8958	14866.07143
25000	7.9167	14841.26984
25000	8.05	14682.53968
25000	8.1542	14558.53175
25000	8.2167	14484.12698
25000	8.2292	14469.24603
25000	8.2792	14409.72222
25000	8.3083	14375
25000	8.3625	14318.96552
25000	8.6083	14064.65517
25000	8.6458	14025.86207
25000	8.7417	13926.72414
25000	8.8292	13836.2069
25000	8.9042	13758.62069
25000	8.9125	13750
25000	9.1833	13521.76966
25000	9.2958	13426.96629
25000	9.3167	13409.41011
25000	9.3833	13353.23034
25000	9.4667	13283.00562
25000	9.4917	13261.9382
25000	9.65	13128.51124
25000	9.6542	13125
25000	9.7625	13039.02116
25000	9.8	13009.25926
25000	10.1667	12718.25397
25000	10.2125	12681.87831
25000	10.3208	12595.89948
25000	10.4333	12506.61376
25000	10.4417	12500
25000	10.4458	12496.40805
25000	10.6458	12323.99426
25000	10.6542	12316.81034
25000	10.9042	12101.2931
25000	10.9958	12022.27012
25000	11.1667	11875
25000	11.2125	11848.14453
25000	11.4042	11735.83984
25000	11.575	11635.74219
25000	11.6542	11589.35547
25000	11.9083	11440.42969
25000	11.975	11401.36719
25000	12.0125	11379.39453
25000	12.2333	11250
25000	12.4958	11119.18605
25000	12.7583	10988.37209
25000	12.7833	10975.91362
25000	12.9208	10907.39203
25000	13.2667	10735.04983
25000	13.4875	10625
25000	13.5333	10607.63889
25000	13.6042	10580.80808
25000	13.6542	10561.86869
25000	14.5	10241.47727
25000	14.5208	10233.58586
25000	14.9292	10078.91414
25000	14.9458	10072.60101
25000	14.9833	10058.39647
25000	15.1375	10000
25000	15.85	9802.083333
25000	15.9125	9784.722222
25000	16.1667	9714.120369
25000	16.3125	9673.611111
25000	16.9625	9493.055556
25000	17.1333	9445.601853
25000	17.2375	9416.666667
25000	17.3875	9375
25000	17.8125	9266.949153
25000	17.925	9238.347458
25000	18.1375	9184.322034
25000	18.3792	9122.881356
25000	18.4875	9095.338984
25000	18.6167	9062.5
25000	19.3583	8861.687726
25000	19.4	8850.406137
25000	19.6917	8771.435016
25000	19.7708	8750
25000	20.4333	8562.500001
25000	20.5042	8542.452829
25000	20.6917	8489.386791
25000	20.875	8437.5
25000	21.0333	8398.692811
25000	21.9042	8185.253267
25000	22.1458	8126.021243
25000	22.15	8125
25000	22.85	7987.565445
25000	23.3833	7882.853404
25000	23.7042	7819.862565
25000	23.7417	7812.5
25000	24.4792	7654.011461
25000	25.0167	7538.502864
25000	25.1958	7500
25000	25.3958	7462.779156
25000	26.425	7271.246898
25000	26.8417	7193.703473
25000	26.875	7187.5
25000	28.7792	6875
25000	29.2	6828.855995
25000	29.9542	6746.162281
25000	30.9458	6637.426901
25000	31.6292	6562.5
25000	33.8875	6257.31982
25000	33.9417	6250
25000	33.9458	6249.528303
25000	36.15	6000
25000	36.8206119	5750
25000	37.51446895	5500
25000	38.20875526	5250
25000	38.87183468	5000
25000	39.50723338	4750
25000	40.14107722	4500
25000	40.79369688	4250
25000	41.46345913	4000
25000	42.13420395	3750
25000	42.80495199	3500
25000	43.49208676	3250
25000	44.21029538	3000
25000	44.98725187	2750
25000	45.8259876	2500
25000	46.70761843	2250
25000	47.60901077	2000
25000	48.49944272	1750
25000	49.35771186	1500
25000	50.18441324	1250
25000	50.90931881	1000
25000	51.36405241	750
25000	51.50053896	500
25000	51.52431013	250
25000	51.53031013	0