%Afkomstig uit HR2006 = HR2001 (bestand "afvoergolvenLith_uitgebreid_HR2006.mdb")
%
%Door: Chris Geerse
%Datum: 21 april 2009
%
% NB: golf met piek 1501.322 blijkt niet goed in "afvoergolvenLith_uitgebreid_HR2006.mdb"
% te zitten: ook de piekwaarde 1501.3221 komt daarbij voor.
% Matthijs Duits heeft gecontroleerd dat dit probleem in Hydra-B geen fout tot gevolg heeft;
% vermoedelijk valt de 4-de decimaal weg door het rekenen met enkele preciesie.
% Hieronder is 1501.3221 vervangen door 1501.322.
%
%PIEKAFVOER	TIJD	AFVOER
0	-0.004	-1
0	0	0
0	0.006	-1
50	-0.0589	0
50	-0.0419	25
50	0	50
50	0.0581	25
50	0.141	0
100	-0.1911	0
100	-0.174	25
100	-0.1322	50
100	-0.0709	75
100	0	100
100	0.1064	75
100	0.1983	50
100	0.2611	25
100	0.2866	0
150	-0.349919391	0
150	-0.33287908	25
150	-0.291008205	50
150	-0.229739361	75
150	-0.158833407	100
150	-0.081621301	125
150	0	150
150	0.122431952	125
150	0.238250111	100
150	0.344609041	75
150	0.436512308	50
150	0.49931862	25
150	0.524879087	0
200	-0.523036736	0
200	-0.505996425	25
200	-0.46412555	50
200	-0.402856706	75
200	-0.331950752	100
200	-0.254738646	125
200	-0.173117345	150
200	-0.089333318	175
200	0	200
200	0.133999978	175
200	0.259676017	150
200	0.38210797	125
200	0.497926129	100
200	0.604285059	75
200	0.696188326	50
200	0.758994638	25
200	0.784555105	0
250	-0.728905263	0
250	-0.711864952	25
250	-0.669994078	50
250	-0.608725233	75
250	-0.537819279	100
250	-0.460607173	125
250	-0.378985872	150
250	-0.295201846	175
250	-0.205868527	200
250	-0.107500057	225
250	0	250
250	0.161250085	225
250	0.308802791	200
250	0.442802768	175
250	0.568478808	150
250	0.69091076	125
250	0.806728919	100
250	0.913087849	75
250	1.004991116	50
250	1.067797428	25
250	1.093357895	0
300	-0.95815514	0
300	-0.941114829	25
300	-0.899243954	50
300	-0.837975109	75
300	-0.767069156	100
300	-0.68985705	125
300	-0.608235748	150
300	-0.524451722	175
300	-0.435118403	200
300	-0.336749933	225
300	-0.229249876	250
300	-0.116131987	275
300	0	300
300	0.17419798	275
300	0.343874814	250
300	0.505124899	225
300	0.652677605	200
300	0.786677583	175
300	0.912353623	150
300	1.034785575	125
300	1.150603734	100
300	1.256962664	75
300	1.348865931	50
300	1.411672243	25
300	1.43723271	0
350	-1.20310101	0
350	-1.186060699	25
350	-1.144189824	50
350	-1.082920979	75
350	-1.012015026	100
350	-0.93480292	125
350	-0.853181618	150
350	-0.769397592	175
350	-0.680064273	200
350	-0.581695803	225
350	-0.474195746	250
350	-0.361077857	275
350	-0.24494587	300
350	-0.124704102	325
350	0	350
350	0.187056153	325
350	0.367418805	300
350	0.541616785	275
350	0.711293619	250
350	0.872543704	225
350	1.02009641	200
350	1.154096388	175
350	1.279772428	150
350	1.40220438	125
350	1.518022539	100
350	1.624381469	75
350	1.716284736	50
350	1.779091048	25
350	1.804651515	0
400	-1.472673124	0
400	-1.455632813	25
400	-1.413761938	50
400	-1.352493093	75
400	-1.28158714	100
400	-1.204375034	125
400	-1.122753732	150
400	-1.038969706	175
400	-0.949636387	200
400	-0.851267917	225
400	-0.74376786	250
400	-0.630649971	275
400	-0.514517984	300
400	-0.394276216	325
400	-0.269572114	350
400	-0.138094056	375
400	0	400
400	0.207141084	375
400	0.404358171	350
400	0.591414324	325
400	0.771776976	300
400	0.945974956	275
400	1.11565179	250
400	1.276901875	225
400	1.424454581	200
400	1.558454559	175
400	1.684130598	150
400	1.806562551	125
400	1.92238071	100
400	2.02873964	75
400	2.120642907	50
400	2.183449219	25
400	2.209009686	0
450	-1.76071697	0
450	-1.743676659	25
450	-1.701805784	50
450	-1.64053694	75
450	-1.569630986	100
450	-1.49241888	125
450	-1.410797579	150
450	-1.327013552	175
450	-1.237680234	200
450	-1.139311763	225
450	-1.031811707	250
450	-0.918693817	275
450	-0.802561831	300
450	-0.682320063	325
450	-0.557615961	350
450	-0.426137903	375
450	-0.288043847	400
450	-0.146942983	425
450	0	450
450	0.220414474	425
450	0.43206577	400
450	0.639206854	375
450	0.836423941	350
450	1.023480094	325
450	1.203842746	300
450	1.378040726	275
450	1.54771756	250
450	1.708967645	225
450	1.856520351	200
450	1.990520329	175
450	2.116196368	150
450	2.238628321	125
450	2.354446479	100
450	2.46080541	75
450	2.528337782	50
450	2.588337782	25
450	2.648337782	0
500	-2.054985313	0
500	-2.037945002	25
500	-1.996074127	50
500	-1.934805283	75
500	-1.863899329	100
500	-1.786687223	125
500	-1.705065922	150
500	-1.621281895	175
500	-1.531948577	200
500	-1.433580106	225
500	-1.32608005	250
500	-1.212962161	275
500	-1.096830174	300
500	-0.976588406	325
500	-0.851884304	350
500	-0.720406246	375
500	-0.58231219	400
500	-0.441211326	425
500	-0.294268343	450
500	-0.144810979	475
500	0	500
500	0.217216468	475
500	0.441402515	450
500	0.661816988	425
500	0.873468285	400
500	1.080609369	375
500	1.277826456	350
500	1.464882609	325
500	1.64524526	300
500	1.819443241	275
500	1.989120075	250
500	2.15037016	225
500	2.297922866	200
500	2.431922843	175
500	2.557598883	150
500	2.680030835	125
500	2.795848994	100
500	2.902207924	75
500	2.969740297	50
500	3.029740297	25
500	3.089740297	0
600	-2.666709978	0
600	-2.649669667	25
600	-2.607798792	50
600	-2.546529948	75
600	-2.475623994	100
600	-2.398411888	125
600	-2.316790587	150
600	-2.23300656	175
600	-2.143673242	200
600	-2.045304771	225
600	-1.937804715	250
600	-1.824686825	275
600	-1.708554838	300
600	-1.588313071	325
600	-1.463608969	350
600	-1.332130911	375
600	-1.194036855	400
600	-1.052935991	425
600	-0.905993008	450
600	-0.756535644	475
600	-0.611724665	500
600	-0.466599795	525
600	-0.309772801	550
600	-0.148722809	575
600	0	600
600	0.223084213	575
600	0.464659202	550
600	0.699899693	525
600	0.917586997	500
600	1.134803466	475
600	1.358989512	450
600	1.579403986	425
600	1.791055282	400
600	1.998196366	375
600	2.195413453	350
600	2.382469606	325
600	2.562832258	300
600	2.737030238	275
600	2.906707072	250
600	3.067957157	225
600	3.215509863	200
600	3.34950984	175
600	3.47518588	150
600	3.597617832	125
600	3.713435991	100
600	3.819794921	75
600	3.887327294	50
600	3.947327294	25
600	4.007327294	0
700	-3.253030178	0
700	-3.235989867	25
700	-3.194118992	50
700	-3.132850148	75
700	-3.061944194	100
700	-2.984732088	125
700	-2.903110787	150
700	-2.81932676	175
700	-2.729993442	200
700	-2.631624971	225
700	-2.524124915	250
700	-2.411007025	275
700	-2.294875039	300
700	-2.174633271	325
700	-2.049929169	350
700	-1.918451111	375
700	-1.780357055	400
700	-1.639256191	425
700	-1.492313208	450
700	-1.342855844	475
700	-1.198044865	500
700	-1.052919995	525
700	-0.896093001	550
700	-0.735043009	575
700	-0.5863202	600
700	-0.443678615	625
700	-0.300499398	650
700	-0.155064526	675
700	0	700
700	0.23259679	675
700	0.450749098	650
700	0.665517922	625
700	0.8794803	600
700	1.102564513	575
700	1.344139502	550
700	1.579379993	525
700	1.797067297	500
700	2.014283766	475
700	2.238469812	450
700	2.458884286	425
700	2.670535582	400
700	2.877676666	375
700	3.074893753	350
700	3.261949906	325
700	3.442312558	300
700	3.616510538	275
700	3.786187372	250
700	3.947437457	225
700	4.094990163	200
700	4.228990141	175
700	4.35466618	150
700	4.477098133	125
700	4.592916291	100
700	4.699275221	75
700	4.766807594	50
700	4.826807594	25
700	4.886807594	0
800	-3.893490873	0
800	-3.876450562	25
800	-3.834579687	50
800	-3.773310842	75
800	-3.702404889	100
800	-3.625192783	125
800	-3.543571482	150
800	-3.459787455	175
800	-3.370454137	200
800	-3.272085666	225
800	-3.164585609	250
800	-3.05146772	275
800	-2.935335733	300
800	-2.815093965	325
800	-2.690389863	350
800	-2.558911805	375
800	-2.420817749	400
800	-2.279716885	425
800	-2.132773903	450
800	-1.983316539	475
800	-1.83850556	500
800	-1.69338069	525
800	-1.536553696	550
800	-1.375503703	575
800	-1.226780895	600
800	-1.08413931	625
800	-0.940960093	650
800	-0.795525221	675
800	-0.640460695	700
800	-0.478851392	725
800	-0.318064176	750
800	-0.159595197	775
800	0	800
800	0.239392796	775
800	0.477096265	750
800	0.718277088	725
800	0.960691042	700
800	1.193287832	675
800	1.41144014	650
800	1.626208964	625
800	1.840171342	600
800	2.063255555	575
800	2.304830544	550
800	2.540071035	525
800	2.757758339	500
800	2.974974808	475
800	3.199160854	450
800	3.419575328	425
800	3.631226624	400
800	3.838367708	375
800	4.035584795	350
800	4.222640948	325
800	4.4030036	300
800	4.57720158	275
800	4.746878414	250
800	4.908128499	225
800	5.055681205	200
800	5.189681183	175
800	5.315357222	150
800	5.437789174	125
800	5.553607333	100
800	5.659966263	75
800	5.727498636	50
800	5.787498636	25
800	5.847498636	0
900	-4.581669431	0
900	-4.56462912	25
900	-4.522758245	50
900	-4.4614894	75
900	-4.390583447	100
900	-4.313371341	125
900	-4.23175004	150
900	-4.147966013	175
900	-4.058632695	200
900	-3.960264224	225
900	-3.852764167	250
900	-3.739646278	275
900	-3.623514291	300
900	-3.503272523	325
900	-3.378568421	350
900	-3.247090363	375
900	-3.108996307	400
900	-2.967895443	425
900	-2.820952461	450
900	-2.671495096	475
900	-2.526684118	500
900	-2.381559248	525
900	-2.224732254	550
900	-2.063682261	575
900	-1.914959453	600
900	-1.772317867	625
900	-1.629138651	650
900	-1.483703779	675
900	-1.328639253	700
900	-1.16702995	725
900	-1.006242734	750
900	-0.847773755	775
900	-0.688178558	800
900	-0.531602923	825
900	-0.36110039	850
900	-0.172054401	875
900	0	900
900	0.258081602	875
900	0.541650585	850
900	0.797404385	825
900	1.032267837	800
900	1.271660633	775
900	1.509364101	750
900	1.750544925	725
900	1.992958879	700
900	2.225555669	675
900	2.443707977	650
900	2.658476801	625
900	2.872439179	600
900	3.095523392	575
900	3.337098381	550
900	3.572338872	525
900	3.790026176	500
900	4.007242645	475
900	4.231428691	450
900	4.451843165	425
900	4.663494461	400
900	4.870635545	375
900	5.067852632	350
900	5.254908785	325
900	5.435271437	300
900	5.609469417	275
900	5.779146251	250
900	5.940396336	225
900	6.087949042	200
900	6.221949019	175
900	6.347625059	150
900	6.470057011	125
900	6.58587517	100
900	6.6922341	75
900	6.759766473	50
900	6.819766473	25
900	6.879766473	0
1000	-5.321144975	0
1000	-5.304104664	25
1000	-5.262233789	50
1000	-5.200964944	75
1000	-5.130058991	100
1000	-5.052846885	125
1000	-4.971225584	150
1000	-4.887441557	175
1000	-4.798108239	200
1000	-4.699739768	225
1000	-4.592239711	250
1000	-4.479121822	275
1000	-4.362989835	300
1000	-4.242748067	325
1000	-4.118043965	350
1000	-3.986565907	375
1000	-3.848471851	400
1000	-3.707370987	425
1000	-3.560428005	450
1000	-3.41097064	475
1000	-3.266159662	500
1000	-3.121034792	525
1000	-2.964207798	550
1000	-2.803157805	575
1000	-2.654434997	600
1000	-2.511793411	625
1000	-2.368614195	650
1000	-2.223179323	675
1000	-2.068114797	700
1000	-1.906505494	725
1000	-1.745718278	750
1000	-1.587249299	775
1000	-1.427654102	800
1000	-1.271078467	825
1000	-1.100575934	850
1000	-0.911529945	875
1000	-0.739475544	900
1000	-0.569997695	925
1000	-0.369495671	950
1000	-0.171771377	975
1000	0	1000
1000	0.257657065	975
1000	0.554243506	950
1000	0.854996543	925
1000	1.109213316	900
1000	1.367294918	875
1000	1.650863901	850
1000	1.906617701	825
1000	2.141481153	800
1000	2.380873949	775
1000	2.618577417	750
1000	2.859758241	725
1000	3.102172195	700
1000	3.334768985	675
1000	3.552921293	650
1000	3.767690117	625
1000	3.981652495	600
1000	4.204736708	575
1000	4.446311697	550
1000	4.681552188	525
1000	4.899239492	500
1000	5.116455961	475
1000	5.340642007	450
1000	5.561056481	425
1000	5.772707777	400
1000	5.979848861	375
1000	6.177065948	350
1000	6.364122101	325
1000	6.544484753	300
1000	6.718682733	275
1000	6.888359567	250
1000	7.049609652	225
1000	7.197162358	200
1000	7.331162335	175
1000	7.456838375	150
1000	7.579270327	125
1000	7.695088486	100
1000	7.801447416	75
1000	7.868979789	50
1000	7.928979789	25
1000	7.988979789	0
1100	-6.072731391	0
1100	-6.05569108	25
1100	-6.013820205	50
1100	-5.95255136	75
1100	-5.881645407	100
1100	-5.804433301	125
1100	-5.722811999	150
1100	-5.639027973	175
1100	-5.549694654	200
1100	-5.451326184	225
1100	-5.343826127	250
1100	-5.230708238	275
1100	-5.114576251	300
1100	-4.994334483	325
1100	-4.869630381	350
1100	-4.738152323	375
1100	-4.600058267	400
1100	-4.458957403	425
1100	-4.312014421	450
1100	-4.162557056	475
1100	-4.017746077	500
1100	-3.872621208	525
1100	-3.715794214	550
1100	-3.554744221	575
1100	-3.406021413	600
1100	-3.263379827	625
1100	-3.120200611	650
1100	-2.974765739	675
1100	-2.819701213	700
1100	-2.65809191	725
1100	-2.497304694	750
1100	-2.338835715	775
1100	-2.179240518	800
1100	-2.022664883	825
1100	-1.85216235	850
1100	-1.663116361	875
1100	-1.49106196	900
1100	-1.321584111	925
1100	-1.121082087	950
1100	-0.923357793	975
1100	-0.751586416	1000
1100	-0.573405465	1025
1100	-0.378894772	1050
1100	-0.186644233	1075
1100	0	1100
1100	0.279966349	1075
1100	0.568342158	1050
1100	0.860108198	1025
1100	1.127379624	1000
1100	1.385036689	975
1100	1.68162313	950
1100	1.982376166	925
1100	2.23659294	900
1100	2.494674542	875
1100	2.778243525	850
1100	3.033997325	825
1100	3.268860777	800
1100	3.508253573	775
1100	3.745957041	750
1100	3.987137865	725
1100	4.229551819	700
1100	4.462148609	675
1100	4.680300917	650
1100	4.895069741	625
1100	5.109032119	600
1100	5.332116332	575
1100	5.573691321	550
1100	5.808931812	525
1100	6.026619116	500
1100	6.243835585	475
1100	6.468021631	450
1100	6.688436105	425
1100	6.900087401	400
1100	7.107228485	375
1100	7.304445572	350
1100	7.491501725	325
1100	7.671864377	300
1100	7.846062357	275
1100	8.015739191	250
1100	8.176989276	225
1100	8.324541982	200
1100	8.458541959	175
1100	8.584217999	150
1100	8.706649951	125
1100	8.82246811	100
1100	8.92882704	75
1100	8.996359413	50
1100	9.056359413	25
1100	9.116359413	0
1200	-6.902157858	0
1200	-6.885117547	25
1200	-6.843246672	50
1200	-6.781977827	75
1200	-6.711071874	100
1200	-6.633859768	125
1200	-6.552238466	150
1200	-6.46845444	175
1200	-6.379121121	200
1200	-6.280752651	225
1200	-6.173252594	250
1200	-6.060134705	275
1200	-5.944002718	300
1200	-5.82376095	325
1200	-5.699056848	350
1200	-5.56757879	375
1200	-5.429484734	400
1200	-5.28838387	425
1200	-5.141440887	450
1200	-4.991983523	475
1200	-4.847172544	500
1200	-4.702047675	525
1200	-4.545220681	550
1200	-4.384170688	575
1200	-4.23544788	600
1200	-4.092806294	625
1200	-3.949627078	650
1200	-3.804192206	675
1200	-3.64912768	700
1200	-3.487518377	725
1200	-3.326731161	750
1200	-3.168262182	775
1200	-3.008666985	800
1200	-2.85209135	825
1200	-2.681588817	850
1200	-2.492542828	875
1200	-2.320488427	900
1200	-2.151010578	925
1200	-1.950508554	950
1200	-1.75278426	975
1200	-1.581012883	1000
1200	-1.402831932	1025
1200	-1.208321239	1050
1200	-1.0160707	1075
1200	-0.829426467	1100
1200	-0.629098708	1125
1200	-0.415650221	1150
1200	-0.203173762	1175
1200	0	1200
1200	0.304760643	1175
1200	0.623475331	1150
1200	0.943648062	1125
1200	1.2441397	1100
1200	1.524106049	1075
1200	1.812481859	1050
1200	2.104247898	1025
1200	2.371519324	1000
1200	2.62917639	975
1200	2.925762831	950
1200	3.226515867	925
1200	3.48073264	900
1200	3.738814242	875
1200	4.022383225	850
1200	4.278137025	825
1200	4.513000477	800
1200	4.752393273	775
1200	4.990096742	750
1200	5.231277565	725
1200	5.473691519	700
1200	5.706288309	675
1200	5.924440617	650
1200	6.139209442	625
1200	6.353171819	600
1200	6.576256032	575
1200	6.817831021	550
1200	7.053071512	525
1200	7.270758817	500
1200	7.487975285	475
1200	7.712161331	450
1200	7.932575805	425
1200	8.144227101	400
1200	8.351368185	375
1200	8.548585272	350
1200	8.735641426	325
1200	8.916004077	300
1200	9.090202057	275
1200	9.259878892	250
1200	9.421128976	225
1200	9.568681682	200
1200	9.70268166	175
1200	9.8283577	150
1200	9.950789652	125
1200	10.06660781	100
1200	10.17296674	75
1200	10.24049911	50
1200	10.30049911	25
1200	10.36049911	0
1300	-7.709395648	0
1300	-7.692355337	25
1300	-7.650484462	50
1300	-7.589215617	75
1300	-7.518309664	100
1300	-7.441097558	125
1300	-7.359476256	150
1300	-7.27569223	175
1300	-7.186358911	200
1300	-7.087990441	225
1300	-6.980490384	250
1300	-6.867372495	275
1300	-6.751240508	300
1300	-6.63099874	325
1300	-6.506294638	350
1300	-6.37481658	375
1300	-6.236722524	400
1300	-6.09562166	425
1300	-5.948678677	450
1300	-5.799221313	475
1300	-5.654410334	500
1300	-5.509285465	525
1300	-5.352458471	550
1300	-5.191408478	575
1300	-5.04268567	600
1300	-4.900044084	625
1300	-4.756864868	650
1300	-4.611429996	675
1300	-4.45636547	700
1300	-4.294756167	725
1300	-4.133968951	750
1300	-3.975499972	775
1300	-3.815904775	800
1300	-3.65932914	825
1300	-3.488826607	850
1300	-3.299780618	875
1300	-3.127726217	900
1300	-2.958248368	925
1300	-2.757746344	950
1300	-2.56002205	975
1300	-2.388250673	1000
1300	-2.210069722	1025
1300	-2.015559029	1050
1300	-1.82330849	1075
1300	-1.636664257	1100
1300	-1.436336498	1125
1300	-1.222888011	1150
1300	-1.010411552	1175
1300	-0.80723779	1200
1300	-0.602905016	1225
1300	-0.399783541	1250
1300	-0.200093539	1275
1300	0	1300
1300	0.300140308	1275
1300	0.599675312	1250
1300	0.904357523	1225
1300	1.210856685	1200
1300	1.515617328	1175
1300	1.834332016	1150
1300	2.154504747	1125
1300	2.454996385	1100
1300	2.734962734	1075
1300	3.023338544	1050
1300	3.315104583	1025
1300	3.582376009	1000
1300	3.840033075	975
1300	4.136619516	950
1300	4.437372552	925
1300	4.691589325	900
1300	4.949670927	875
1300	5.23323991	850
1300	5.48899371	825
1300	5.723857162	800
1300	5.963249958	775
1300	6.200953427	750
1300	6.44213425	725
1300	6.684548204	700
1300	6.917144994	675
1300	7.135297302	650
1300	7.350066127	625
1300	7.564028504	600
1300	7.787112717	575
1300	8.028687706	550
1300	8.263928197	525
1300	8.481615502	500
1300	8.69883197	475
1300	8.923018016	450
1300	9.14343249	425
1300	9.355083786	400
1300	9.56222487	375
1300	9.759441957	350
1300	9.946498111	325
1300	10.12686076	300
1300	10.30105874	275
1300	10.47073558	250
1300	10.63198566	225
1300	10.77953837	200
1300	10.91353834	175
1300	11.03921438	150
1300	11.16164634	125
1300	11.2774645	100
1300	11.38382343	75
1300	11.4513558	50
1300	11.5113558	25
1300	11.5713558	0
1311.401	-8.166765648	0
1311.401	-8.149725337	25
1311.401	-8.107854462	50
1311.401	-8.046585617	75
1311.401	-7.975679664	100
1311.401	-7.898467558	125
1311.401	-7.816846256	150
1311.401	-7.73306223	175
1311.401	-7.643728911	200
1311.401	-7.545360441	225
1311.401	-7.437860384	250
1311.401	-7.324742495	275
1311.401	-7.208610508	300
1311.401	-7.08836874	325
1311.401	-6.963664638	350
1311.401	-6.83218658	375
1311.401	-6.694092524	400
1311.401	-6.55299166	425
1311.401	-6.406048677	450
1311.401	-6.256591313	475
1311.401	-6.111780334	500
1311.401	-5.966655465	525
1311.401	-5.809828471	550
1311.401	-5.648778478	575
1311.401	-5.50005567	600
1311.401	-5.357414084	625
1311.401	-5.214234868	650
1311.401	-5.068799996	675
1311.401	-4.91373547	700
1311.401	-4.752126167	725
1311.401	-4.591338951	750
1311.401	-4.432869972	775
1311.401	-4.273274775	800
1311.401	-4.11669914	825
1311.401	-3.946196607	850
1311.401	-3.757150618	875
1311.401	-3.585096217	900
1311.401	-3.415618368	925
1311.401	-3.215116344	950
1311.401	-3.01739205	975
1311.401	-2.845620673	1000
1311.401	-2.667439722	1025
1311.401	-2.472929029	1050
1311.401	-2.28067849	1075
1311.401	-2.094034257	1100
1311.401	-1.893706498	1125
1311.401	-1.680258011	1150
1311.401	-1.467781552	1175
1311.401	-1.26460779	1200
1311.401	-1.060275016	1225
1311.401	-0.857153541	1250
1311.401	-0.657463539	1275
1311.401	-0.45737	1300
1311.401	0	1311.401
1311.401	0.58712	1300
1311.401	0.887260308	1275
1311.401	1.186795312	1250
1311.401	1.491477523	1225
1311.401	1.797976685	1200
1311.401	2.102737328	1175
1311.401	2.421452016	1150
1311.401	2.741624747	1125
1311.401	3.042116385	1100
1311.401	3.322082734	1075
1311.401	3.610458544	1050
1311.401	3.902224583	1025
1311.401	4.169496009	1000
1311.401	4.427153075	975
1311.401	4.723739516	950
1311.401	5.024492552	925
1311.401	5.278709325	900
1311.401	5.536790927	875
1311.401	5.82035991	850
1311.401	6.07611371	825
1311.401	6.310977162	800
1311.401	6.550369958	775
1311.401	6.788073427	750
1311.401	7.02925425	725
1311.401	7.271668204	700
1311.401	7.504264994	675
1311.401	7.722417302	650
1311.401	7.937186127	625
1311.401	8.151148504	600
1311.401	8.374232717	575
1311.401	8.615807706	550
1311.401	8.851048197	525
1311.401	9.068735502	500
1311.401	9.28595197	475
1311.401	9.510138016	450
1311.401	9.73055249	425
1311.401	9.942203786	400
1311.401	10.14934487	375
1311.401	10.34656196	350
1311.401	10.53361811	325
1311.401	10.71398076	300
1311.401	10.88817874	275
1311.401	11.05785558	250
1311.401	11.21910566	225
1311.401	11.36665837	200
1311.401	11.50065834	175
1311.401	11.62633438	150
1311.401	11.74876634	125
1311.401	11.8645845	100
1311.401	11.97094343	75
1311.401	12.06284669	50
1311.401	12.12565301	25
1311.401	12.15121347	0
1501.322	-9.979395648	0
1501.322	-9.962355337	25
1501.322	-9.920484462	50
1501.322	-9.859215617	75
1501.322	-9.788309664	100
1501.322	-9.711097558	125
1501.322	-9.629476256	150
1501.322	-9.54569223	175
1501.322	-9.456358911	200
1501.322	-9.357990441	225
1501.322	-9.250490384	250
1501.322	-9.137372495	275
1501.322	-9.021240508	300
1501.322	-8.90099874	325
1501.322	-8.776294638	350
1501.322	-8.64481658	375
1501.322	-8.506722524	400
1501.322	-8.36562166	425
1501.322	-8.218678677	450
1501.322	-8.069221313	475
1501.322	-7.924410334	500
1501.322	-7.779285465	525
1501.322	-7.622458471	550
1501.322	-7.461408478	575
1501.322	-7.31268567	600
1501.322	-7.170044084	625
1501.322	-7.026864868	650
1501.322	-6.881429996	675
1501.322	-6.72636547	700
1501.322	-6.564756167	725
1501.322	-6.403968951	750
1501.322	-6.245499972	775
1501.322	-6.085904775	800
1501.322	-5.92932914	825
1501.322	-5.758826607	850
1501.322	-5.569780618	875
1501.322	-5.397726217	900
1501.322	-5.228248368	925
1501.322	-5.027746344	950
1501.322	-4.83002205	975
1501.322	-4.658250673	1000
1501.322	-4.480069722	1025
1501.322	-4.285559029	1050
1501.322	-4.09330849	1075
1501.322	-3.906664257	1100
1501.322	-3.706336498	1125
1501.322	-3.492888011	1150
1501.322	-3.280411552	1175
1501.322	-3.07723779	1200
1501.322	-2.872905016	1225
1501.322	-2.669783541	1250
1501.322	-2.470093539	1275
1501.322	-2.2751683	1300
1501.322	-2.25	1303.1153		%begin vervanging 1501.322 door 1501.322
1501.322	-2	1329.8583
1501.322	-1.75	1358.9931
1501.322	-1.5	1382.1361
1501.322	-1.25	1407.2319
1501.322	-1	1437.3389
1501.322	-0.75	1455.2486
1501.322	-0.5	1471.6861
1501.322	-0.25	1492.7708
1501.322	0	1501.322
1501.322	0.25	1497.6236
1501.322	0.5	1497.2
1501.322	0.75	1490.9264
1501.322	1	1473.5903
1501.322	1.25	1454.1556
1501.322	1.5	1431.8
1501.322	1.75	1406.4611
1501.322	2	1382.2097
1501.322	2.25	1346.3264
1501.322	2.5	1309.9333
1501.322	2.570613878	1300
1501.322	2.870740308	1275
1501.322	3.170275312	1250		%eind vervanging 1501.3221 door 1501.322
1501.322	3.474957523	1225
1501.322	3.781456685	1200
1501.322	4.086217328	1175
1501.322	4.404932016	1150
1501.322	4.725104747	1125
1501.322	5.025596385	1100
1501.322	5.305562734	1075
1501.322	5.593938544	1050
1501.322	5.885704583	1025
1501.322	6.152976009	1000
1501.322	6.410633075	975
1501.322	6.707219516	950
1501.322	7.007972552	925
1501.322	7.262189325	900
1501.322	7.520270927	875
1501.322	7.80383991	850
1501.322	8.05959371	825
1501.322	8.294457162	800
1501.322	8.533849958	775
1501.322	8.771553427	750
1501.322	9.01273425	725
1501.322	9.255148204	700
1501.322	9.487744994	675
1501.322	9.705897302	650
1501.322	9.920666127	625
1501.322	10.1346285	600
1501.322	10.35771272	575
1501.322	10.59928771	550
1501.322	10.8345282	525
1501.322	11.0522155	500
1501.322	11.26943197	475
1501.322	11.49361802	450
1501.322	11.71403249	425
1501.322	11.92568379	400
1501.322	12.13282487	375
1501.322	12.33004196	350
1501.322	12.51709811	325
1501.322	12.69746076	300
1501.322	12.87165874	275
1501.322	13.04133558	250
1501.322	13.20258566	225
1501.322	13.35013837	200
1501.322	13.48413834	175
1501.322	13.60981438	150
1501.322	13.73224634	125
1501.322	13.8480645	100
1501.322	13.95442343	75
1501.322	14.04632669	50
1501.322	14.10913301	25
1501.322	14.13469347	0
1649.157	-11.16521565	0
1649.157	-11.14817534	25
1649.157	-11.10630446	50
1649.157	-11.04503562	75
1649.157	-10.97412966	100
1649.157	-10.89691756	125
1649.157	-10.81529626	150
1649.157	-10.73151223	175
1649.157	-10.64217891	200
1649.157	-10.54381044	225
1649.157	-10.43631038	250
1649.157	-10.32319249	275
1649.157	-10.20706051	300
1649.157	-10.08681874	325
1649.157	-9.962114638	350
1649.157	-9.83063658	375
1649.157	-9.692542524	400
1649.157	-9.55144166	425
1649.157	-9.404498677	450
1649.157	-9.255041313	475
1649.157	-9.110230334	500
1649.157	-8.965105465	525
1649.157	-8.808278471	550
1649.157	-8.647228478	575
1649.157	-8.49850567	600
1649.157	-8.355864084	625
1649.157	-8.212684868	650
1649.157	-8.067249996	675
1649.157	-7.91218547	700
1649.157	-7.750576167	725
1649.157	-7.589788951	750
1649.157	-7.431319972	775
1649.157	-7.271724775	800
1649.157	-7.11514914	825
1649.157	-6.944646607	850
1649.157	-6.755600618	875
1649.157	-6.583546217	900
1649.157	-6.414068368	925
1649.157	-6.213566344	950
1649.157	-6.01584205	975
1649.157	-5.844070673	1000
1649.157	-5.665889722	1025
1649.157	-5.471379029	1050
1649.157	-5.27912849	1075
1649.157	-5.092484257	1100
1649.157	-4.892156498	1125
1649.157	-4.678708011	1150
1649.157	-4.466231552	1175
1649.157	-4.26305779	1200
1649.157	-4.058725016	1225
1649.157	-3.855603541	1250
1649.157	-3.655913539	1275
1649.157	-3.455816947	1300
1649.157	-3.25	1328.7833
1649.157	-3	1362.2667
1649.157	-2.75	1393.2431
1649.157	-2.5	1431.8069
1649.157	-2.25	1465.9764
1649.157	-2	1510.7347
1649.157	-1.75	1539.3167
1649.157	-1.5	1565.5403
1649.157	-1.25	1580.4667
1649.157	-1	1608.5458
1649.157	-0.75	1622.2389
1649.157	-0.5	1635.8361
1649.157	-0.25	1645.5708
1649.157	0	1649.1569
1649.157	0.25	1645.4708
1649.157	0.5	1636.6736
1649.157	0.75	1622.5986
1649.157	1	1600.1583
1649.157	1.25	1570.5736
1649.157	1.5	1542.9653
1649.157	1.75	1508.6083
1649.157	2	1461.3681
1649.157	2.25	1419.7
1649.157	2.5	1384.4597
1649.157	2.75	1344.4028
1649.157	2.991298621	1300
1649.157	3.291440308	1275
1649.157	3.590975312	1250
1649.157	3.895657523	1225
1649.157	4.202156685	1200
1649.157	4.506917328	1175
1649.157	4.825632016	1150
1649.157	5.145804747	1125
1649.157	5.446296385	1100
1649.157	5.726262734	1075
1649.157	6.014638544	1050
1649.157	6.306404583	1025
1649.157	6.573676009	1000
1649.157	6.831333075	975
1649.157	7.127919516	950
1649.157	7.428672552	925
1649.157	7.682889325	900
1649.157	7.940970927	875
1649.157	8.22453991	850
1649.157	8.48029371	825
1649.157	8.715157162	800
1649.157	8.954549958	775
1649.157	9.192253427	750
1649.157	9.43343425	725
1649.157	9.675848204	700
1649.157	9.908444994	675
1649.157	10.1265973	650
1649.157	10.34136613	625
1649.157	10.5553285	600
1649.157	10.77841272	575
1649.157	11.01998771	550
1649.157	11.2552282	525
1649.157	11.4729155	500
1649.157	11.69013197	475
1649.157	11.91431802	450
1649.157	12.13473249	425
1649.157	12.34638379	400
1649.157	12.55352487	375
1649.157	12.75074196	350
1649.157	12.93779811	325
1649.157	13.11816076	300
1649.157	13.29235874	275
1649.157	13.46203558	250
1649.157	13.62328566	225
1649.157	13.77083837	200
1649.157	13.90483834	175
1649.157	14.03051438	150
1649.157	14.15294634	125
1649.157	14.2687645	100
1649.157	14.37512343	75
1649.157	14.46702669	50
1649.157	14.52983301	25
1649.157	14.55539347	0
2079.94	-12.54219565	0
2079.94	-12.52515534	25
2079.94	-12.48328446	50
2079.94	-12.42201562	75
2079.94	-12.35110966	100
2079.94	-12.27389756	125
2079.94	-12.19227626	150
2079.94	-12.10849223	175
2079.94	-12.01915891	200
2079.94	-11.92079044	225
2079.94	-11.81329038	250
2079.94	-11.70017249	275
2079.94	-11.58404051	300
2079.94	-11.46379874	325
2079.94	-11.33909464	350
2079.94	-11.20761658	375
2079.94	-11.06952252	400
2079.94	-10.92842166	425
2079.94	-10.78147868	450
2079.94	-10.63202131	475
2079.94	-10.48721033	500
2079.94	-10.34208546	525
2079.94	-10.18525847	550
2079.94	-10.02420848	575
2079.94	-9.87548567	600
2079.94	-9.732844084	625
2079.94	-9.589664868	650
2079.94	-9.444229996	675
2079.94	-9.28916547	700
2079.94	-9.127556167	725
2079.94	-8.966768951	750
2079.94	-8.808299972	775
2079.94	-8.648704775	800
2079.94	-8.49212914	825
2079.94	-8.321626607	850
2079.94	-8.132580618	875
2079.94	-7.960526217	900
2079.94	-7.791048368	925
2079.94	-7.590546344	950
2079.94	-7.39282205	975
2079.94	-7.221050673	1000
2079.94	-7.042869722	1025
2079.94	-6.848359029	1050
2079.94	-6.65610849	1075
2079.94	-6.469464257	1100
2079.94	-6.269136498	1125
2079.94	-6.055688011	1150
2079.94	-5.843211552	1175
2079.94	-5.64003779	1200
2079.94	-5.435705016	1225
2079.94	-5.232583541	1250
2079.94	-5.032893539	1275
2079.94	-4.832792634	1300
2079.94	-4.75	1309.7083
2079.94	-4.5	1339.1236
2079.94	-4.25	1365.6861
2079.94	-4	1387.9208
2079.94	-3.75	1426.4806
2079.94	-3.5	1459.1028
2079.94	-3.25	1499.4153
2079.94	-3	1532.6708
2079.94	-2.75	1565.9194
2079.94	-2.5	1596.3208
2079.94	-2.25	1640
2079.94	-2	1679.3181
2079.94	-1.75	1733.6569
2079.94	-1.5	1796.2111
2079.94	-1.25	1879.4194
2079.94	-1	1943.3444
2079.94	-0.75	2005.0639
2079.94	-0.5	2052.8986
2079.94	-0.25	2075.4139
2079.94	0	2079.9399
2079.94	0.25	2073.4986
2079.94	0.5	2053.0958
2079.94	0.75	2027.5583
2079.94	1	1997.0528
2079.94	1.25	1961.2375
2079.94	1.5	1924.4389
2079.94	1.75	1890.5931
2079.94	2	1852.0111
2079.94	2.25	1815.3306
2079.94	2.5	1780.4056
2079.94	2.75	1750.5736
2079.94	3	1714.7736
2079.94	3.25	1688.4917
2079.94	3.5	1653.5917
2079.94	3.75	1628.1833
2079.94	4	1603.2264
2079.94	4.25	1558.1778
2079.94	4.5	1515.7
2079.94	4.75	1469.475
2079.94	4.855327204	1450
2079.94	4.990535425	1425
2079.94	5.125743645	1400
2079.94	5.260951866	1375
2079.94	5.396160087	1350
2079.94	5.531368307	1325
2079.94	5.666576528	1300
2079.94	5.966720308	1275
2079.94	6.266255312	1250
2079.94	6.570937523	1225
2079.94	6.877436685	1200
2079.94	7.182197328	1175
2079.94	7.500912016	1150
2079.94	7.821084747	1125
2079.94	8.121576385	1100
2079.94	8.401542734	1075
2079.94	8.689918544	1050
2079.94	8.981684583	1025
2079.94	9.248956009	1000
2079.94	9.506613075	975
2079.94	9.803199516	950
2079.94	10.10395255	925
2079.94	10.35816933	900
2079.94	10.61625093	875
2079.94	10.89981991	850
2079.94	11.15557371	825
2079.94	11.39043716	800
2079.94	11.62982996	775
2079.94	11.86753343	750
2079.94	12.10871425	725
2079.94	12.3511282	700
2079.94	12.58372499	675
2079.94	12.8018773	650
2079.94	13.01664613	625
2079.94	13.2306085	600
2079.94	13.45369272	575
2079.94	13.69526771	550
2079.94	13.9305082	525
2079.94	14.1481955	500
2079.94	14.36541197	475
2079.94	14.58959802	450
2079.94	14.81001249	425
2079.94	15.02166379	400
2079.94	15.22880487	375
2079.94	15.42602196	350
2079.94	15.61307811	325
2079.94	15.79344076	300
2079.94	15.96763874	275
2079.94	16.13731558	250
2079.94	16.29856566	225
2079.94	16.44611837	200
2079.94	16.58011834	175
2079.94	16.70579438	150
2079.94	16.82822634	125
2079.94	16.9440445	100
2079.94	17.05040343	75
2079.94	17.14230669	50
2079.94	17.20511301	25
2079.94	17.23067347	0
2675.075	-14.42020565	0
2675.075	-14.40316534	25
2675.075	-14.36129446	50
2675.075	-14.30002562	75
2675.075	-14.22911966	100
2675.075	-14.15190756	125
2675.075	-14.07028626	150
2675.075	-13.98650223	175
2675.075	-13.89716891	200
2675.075	-13.79880044	225
2675.075	-13.69130038	250
2675.075	-13.57818249	275
2675.075	-13.46205051	300
2675.075	-13.34180874	325
2675.075	-13.21710464	350
2675.075	-13.08562658	375
2675.075	-12.94753252	400
2675.075	-12.80643166	425
2675.075	-12.65948868	450
2675.075	-12.51003131	475
2675.075	-12.36522033	500
2675.075	-12.22009546	525
2675.075	-12.06326847	550
2675.075	-11.90221848	575
2675.075	-11.75349567	600
2675.075	-11.61085408	625
2675.075	-11.46767487	650
2675.075	-11.32224	675
2675.075	-11.16717547	700
2675.075	-11.00556617	725
2675.075	-10.84477895	750
2675.075	-10.68630997	775
2675.075	-10.52671477	800
2675.075	-10.37013914	825
2675.075	-10.19963661	850
2675.075	-10.01059062	875
2675.075	-9.838536217	900
2675.075	-9.669058368	925
2675.075	-9.468556344	950
2675.075	-9.27083205	975
2675.075	-9.099060673	1000
2675.075	-8.920879722	1025
2675.075	-8.726369029	1050
2675.075	-8.53411849	1075
2675.075	-8.347474257	1100
2675.075	-8.147146498	1125
2675.075	-7.933698011	1150
2675.075	-7.721221552	1175
2675.075	-7.51804779	1200
2675.075	-7.313715016	1225
2675.075	-7.110593541	1250
2675.075	-6.910903539	1275
2675.075	-6.71081	1300
2675.075	-6.5	1318.5528
2675.075	-6.25	1339.5792
2675.075	-6	1360.8556
2675.075	-5.75	1384.1861
2675.075	-5.5	1410.7694
2675.075	-5.25	1438.6417
2675.075	-5	1463.5
2675.075	-4.75	1498.7292
2675.075	-4.5	1522.8514
2675.075	-4.25	1558.3458
2675.075	-4	1575.7069
2675.075	-3.75	1608.7542
2675.075	-3.5	1640.9306
2675.075	-3.25	1676.1917
2675.075	-3	1724.7222
2675.075	-2.75	1787.0486
2675.075	-2.5	1881.4194
2675.075	-2.25	1982.6972
2675.075	-2	2116.4528
2675.075	-1.75	2243.9375
2675.075	-1.5	2371.3847
2675.075	-1.25	2477.2639
2675.075	-1	2556.5056
2675.075	-0.75	2618.9347
2675.075	-0.5	2656.6528
2675.075	-0.25	2670.3083
2675.075	0	2675.0847
2675.075	0.25	2658.7306
2675.075	0.5	2631.3875
2675.075	0.75	2595.6722
2675.075	1	2552.9583
2675.075	1.25	2502.3847
2675.075	1.5	2450.0625
2675.075	1.75	2398.9903
2675.075	2	2354.7222
2675.075	2.25	2303.8847
2675.075	2.5	2255.3944
2675.075	2.75	2214.1514
2675.075	3	2171.8597
2675.075	3.25	2129.9944
2675.075	3.5	2090.4861
2675.075	3.75	2054.775
2675.075	4	2021.2181
2675.075	4.25	1987.7361
2675.075	4.5	1953.4986
2675.075	4.75	1918.0347
2675.075	5	1888.4042
2675.075	5.25	1856.2167
2675.075	5.5	1822.2347
2675.075	5.67165994	1800
2675.075	5.864668997	1775
2675.075	6.057678055	1750
2675.075	6.250687112	1725
2675.075	6.44369617	1700
2675.075	6.636705227	1675
2675.075	6.829714285	1650
2675.075	7.022723342	1625
2675.075	7.2157324	1600
2675.075	7.408741457	1575
2675.075	7.601750515	1550
2675.075	7.794759572	1525
2675.075	7.98776863	1500
2675.075	8.180777688	1475
2675.075	8.373786745	1450
2675.075	8.566795803	1425
2675.075	8.75980486	1400
2675.075	8.952813918	1375
2675.075	9.145822975	1350
2675.075	9.338832033	1325
2675.075	9.53184109	1300
2675.075	9.831980308	1275
2675.075	10.13151531	1250
2675.075	10.43619752	1225
2675.075	10.74269669	1200
2675.075	11.04745733	1175
2675.075	11.36617202	1150
2675.075	11.68634475	1125
2675.075	11.98683639	1100
2675.075	12.26680273	1075
2675.075	12.55517854	1050
2675.075	12.84694458	1025
2675.075	13.11421601	1000
2675.075	13.37187307	975
2675.075	13.66845952	950
2675.075	13.96921255	925
2675.075	14.22342933	900
2675.075	14.48151093	875
2675.075	14.76507991	850
2675.075	15.02083371	825
2675.075	15.25569716	800
2675.075	15.49508996	775
2675.075	15.73279343	750
2675.075	15.97397425	725
2675.075	16.2163882	700
2675.075	16.44898499	675
2675.075	16.6671373	650
2675.075	16.88190613	625
2675.075	17.0958685	600
2675.075	17.31895272	575
2675.075	17.56052771	550
2675.075	17.7957682	525
2675.075	18.0134555	500
2675.075	18.23067197	475
2675.075	18.45485802	450
2675.075	18.67527249	425
2675.075	18.88692379	400
2675.075	19.09406487	375
2675.075	19.29128196	350
2675.075	19.47833811	325
2675.075	19.65870076	300
2675.075	19.83289874	275
2675.075	20.00257558	250
2675.075	20.16382566	225
2675.075	20.31137837	200
2675.075	20.44537834	175
2675.075	20.57105438	150
2675.075	20.69348634	125
2675.075	20.8093045	100
2675.075	20.91566343	75
2675.075	21.00756669	50
2675.075	21.07037301	25
2675.075	21.09593347	0
3087.931	-15.43133565	0
3087.931	-15.41429534	25
3087.931	-15.37242446	50
3087.931	-15.31115562	75
3087.931	-15.24024966	100
3087.931	-15.16303756	125
3087.931	-15.08141626	150
3087.931	-14.99763223	175
3087.931	-14.90829891	200
3087.931	-14.80993044	225
3087.931	-14.70243038	250
3087.931	-14.58931249	275
3087.931	-14.47318051	300
3087.931	-14.35293874	325
3087.931	-14.22823464	350
3087.931	-14.09675658	375
3087.931	-13.95866252	400
3087.931	-13.81756166	425
3087.931	-13.67061868	450
3087.931	-13.52116131	475
3087.931	-13.37635033	500
3087.931	-13.23122546	525
3087.931	-13.07439847	550
3087.931	-12.91334848	575
3087.931	-12.76462567	600
3087.931	-12.62198408	625
3087.931	-12.47880487	650
3087.931	-12.33337	675
3087.931	-12.17830547	700
3087.931	-12.01669617	725
3087.931	-11.85590895	750
3087.931	-11.69743997	775
3087.931	-11.53784477	800
3087.931	-11.38126914	825
3087.931	-11.21076661	850
3087.931	-11.02172062	875
3087.931	-10.84966622	900
3087.931	-10.68018837	925
3087.931	-10.47968634	950
3087.931	-10.28196205	975
3087.931	-10.11019067	1000
3087.931	-9.932009722	1025
3087.931	-9.737499029	1050
3087.931	-9.54524849	1075
3087.931	-9.358604257	1100
3087.931	-9.158276498	1125
3087.931	-8.944828011	1150
3087.931	-8.732351552	1175
3087.931	-8.52917779	1200
3087.931	-8.324845016	1225
3087.931	-8.121723541	1250
3087.931	-7.922033539	1275
3087.931	-7.72194	1300
3087.931	-7.5	1320.8222
3087.931	-7.25	1342.6319
3087.931	-7	1364.9167
3087.931	-6.75	1393.0236
3087.931	-6.5	1417.4056
3087.931	-6.25	1448.6111
3087.931	-6	1482.0708
3087.931	-5.75	1514.5556
3087.931	-5.5	1550.5958
3087.931	-5.25	1573.8778
3087.931	-5	1608.9847
3087.931	-4.75	1643.0306
3087.931	-4.5	1679.1306
3087.931	-4.25	1726.5847
3087.931	-4	1786.9556
3087.931	-3.75	1873.6611
3087.931	-3.5	1957.0431
3087.931	-3.25	2071.9681
3087.931	-3	2188.6389
3087.931	-2.75	2325.2597
3087.931	-2.5	2463.0681
3087.931	-2.25	2582.2347
3087.931	-2	2685.0042
3087.931	-1.75	2757.2667
3087.931	-1.5	2825.1292
3087.931	-1.25	2877.3167
3087.931	-1	2928.8611
3087.931	-0.75	2988.3819
3087.931	-0.5	3042.2528
3087.931	-0.25	3074.1542
3087.931	0	3087.9307
3087.931	0.25	3080.9181
3087.931	0.5	3060.9333
3087.931	0.75	3038.3278
3087.931	1	3012.6125
3087.931	1.25	2974.4014
3087.931	1.5	2926.9653
3087.931	1.75	2870.6583
3087.931	2	2809.1042
3087.931	2.25	2750.4944
3087.931	2.5	2693.1681
3087.931	2.75	2638.6847
3087.931	3	2587.6042
3087.931	3.25	2533.725
3087.931	3.5	2484.3792
3087.931	3.75	2438.1097
3087.931	4	2394.6306
3087.931	4.25	2359.4
3087.931	4.5	2316.9569
3087.931	4.75	2272.7514
3087.931	5	2236.9403
3087.931	5.25	2200.3542
3087.931	5.5	2161.2583
3087.931	5.75	2126.1417
3087.931	6	2087.7653
3087.931	6.25	2054
3087.931	6.5	2021.8556
3087.931	6.75	1989.3972
3087.931	7	1956.5611
3087.931	7.25	1920.8583
3087.931	7.5	1892.9069
3087.931	7.75	1864.0139
3087.931	8	1831.4736
3087.931	8.25695084	1800
3087.931	8.461051133	1775
3087.931	8.665151426	1750
3087.931	8.869251719	1725
3087.931	9.073352013	1700
3087.931	9.277452306	1675
3087.931	9.481552599	1650
3087.931	9.685652892	1625
3087.931	9.889753186	1600
3087.931	10.09385348	1575
3087.931	10.29795377	1550
3087.931	10.50205407	1525
3087.931	10.70615436	1500
3087.931	10.91025465	1475
3087.931	11.11435495	1450
3087.931	11.31845524	1425
3087.931	11.52255553	1400
3087.931	11.72665582	1375
3087.931	11.93075612	1350
3087.931	12.13485641	1325
3087.931	12.3389567	1300
3087.931	12.63914031	1275
3087.931	12.93867531	1250
3087.931	13.24335752	1225
3087.931	13.54985669	1200
3087.931	13.85461733	1175
3087.931	14.17333202	1150
3087.931	14.49350475	1125
3087.931	14.79399639	1100
3087.931	15.07396273	1075
3087.931	15.36233854	1050
3087.931	15.65410458	1025
3087.931	15.92137601	1000
3087.931	16.17903307	975
3087.931	16.47561952	950
3087.931	16.77637255	925
3087.931	17.03058933	900
3087.931	17.28867093	875
3087.931	17.57223991	850
3087.931	17.82799371	825
3087.931	18.06285716	800
3087.931	18.30224996	775
3087.931	18.53995343	750
3087.931	18.78113425	725
3087.931	19.0235482	700
3087.931	19.25614499	675
3087.931	19.4742973	650
3087.931	19.68906613	625
3087.931	19.9030285	600
3087.931	20.12611272	575
3087.931	20.36768771	550
3087.931	20.6029282	525
3087.931	20.8206155	500
3087.931	21.03783197	475
3087.931	21.26201802	450
3087.931	21.48243249	425
3087.931	21.69408379	400
3087.931	21.90122487	375
3087.931	22.09844196	350
3087.931	22.28549811	325
3087.931	22.46586076	300
3087.931	22.64005874	275
3087.931	22.80973558	250
3087.931	22.97098566	225
3087.931	23.11853837	200
3087.931	23.25253834	175
3087.931	23.37821438	150
3087.931	23.50064634	125
3087.931	23.6164645	100
3087.931	23.72282343	75
3087.931	23.81472669	50
3087.931	23.87753301	25
3087.931	23.90309347	0
3647.058	-17.89849565	0
3647.058	-17.88145534	25
3647.058	-17.83958446	50
3647.058	-17.77831562	75
3647.058	-17.70740966	100
3647.058	-17.63019756	125
3647.058	-17.54857626	150
3647.058	-17.46479223	175
3647.058	-17.37545891	200
3647.058	-17.27709044	225
3647.058	-17.16959038	250
3647.058	-17.05647249	275
3647.058	-16.94034051	300
3647.058	-16.82009874	325
3647.058	-16.69539464	350
3647.058	-16.56391658	375
3647.058	-16.42582252	400
3647.058	-16.28472166	425
3647.058	-16.13777868	450
3647.058	-15.98832131	475
3647.058	-15.84351033	500
3647.058	-15.69838546	525
3647.058	-15.54155847	550
3647.058	-15.38050848	575
3647.058	-15.23178567	600
3647.058	-15.08914408	625
3647.058	-14.94596487	650
3647.058	-14.80053	675
3647.058	-14.64546547	700
3647.058	-14.48385617	725
3647.058	-14.32306895	750
3647.058	-14.16459997	775
3647.058	-14.00500477	800
3647.058	-13.84842914	825
3647.058	-13.67792661	850
3647.058	-13.48888062	875
3647.058	-13.31682622	900
3647.058	-13.14734837	925
3647.058	-12.94684634	950
3647.058	-12.74912205	975
3647.058	-12.57735067	1000
3647.058	-12.39916972	1025
3647.058	-12.20465903	1050
3647.058	-12.01240849	1075
3647.058	-11.82576426	1100
3647.058	-11.6254365	1125
3647.058	-11.41198801	1150
3647.058	-11.19951155	1175
3647.058	-10.99633779	1200
3647.058	-10.79200502	1225
3647.058	-10.58888354	1250
3647.058	-10.38919354	1275
3647.058	-10.1891	1300
3647.058	-10	1316.6722
3647.058	-9.75	1336.6931
3647.058	-9.5	1356.0458
3647.058	-9.25	1378.0681
3647.058	-9	1402.1917
3647.058	-8.75	1423.0833
3647.058	-8.5	1445.3569
3647.058	-8.25	1466.1167
3647.058	-8	1498.4958
3647.058	-7.75	1517.6278
3647.058	-7.5	1550.5542
3647.058	-7.25	1569.1361
3647.058	-7	1591.8514
3647.058	-6.75	1619.0736
3647.058	-6.5	1645.1125
3647.058	-6.25	1674.5764
3647.058	-6	1710.9889
3647.058	-5.75	1744.0528
3647.058	-5.5	1816.9528
3647.058	-5.25	1880.3875
3647.058	-5	1943.4097
3647.058	-4.75	2019.9556
3647.058	-4.5	2098.5333
3647.058	-4.25	2169.5306
3647.058	-4	2260.4278
3647.058	-3.75	2352.7778
3647.058	-3.5	2450.1389
3647.058	-3.25	2553.2597
3647.058	-3	2648.2181
3647.058	-2.75	2726.5819
3647.058	-2.5	2801.5528
3647.058	-2.25	2862.2556
3647.058	-2	2930.4889
3647.058	-1.75	3023.8847
3647.058	-1.5	3113.6236
3647.058	-1.25	3211.0861
3647.058	-1	3378.9083
3647.058	-0.75	3513.4778
3647.058	-0.5	3596.5208
3647.058	-0.25	3637.6
3647.058	0	3647.0583
3647.058	0.25	3633.5069
3647.058	0.5	3603.6264
3647.058	0.75	3562.0236
3647.058	1	3513.7403
3647.058	1.25	3458.3903
3647.058	1.5	3398.8917
3647.058	1.75	3337.2694
3647.058	2	3273.0569
3647.058	2.25	3208.7542
3647.058	2.5	3149.4986
3647.058	2.75	3094.3722
3647.058	3	3041.6792
3647.058	3.25	2987.5639
3647.058	3.5	2933.3986
3647.058	3.75	2883.5903
3647.058	4	2831.5153
3647.058	4.25	2781.3208
3647.058	4.5	2731.9736
3647.058	4.75	2685.0292
3647.058	5	2640.0083
3647.058	5.25	2595.4764
3647.058	5.5	2548.1111
3647.058	5.75	2504.1597
3647.058	6	2460.6181
3647.058	6.25	2418.4264
3647.058	6.5	2378.2806
3647.058	6.75	2343.6
3647.058	7	2304.3597
3647.058	7.25	2262.5986
3647.058	7.5	2230.0347
3647.058	7.75	2195.4111
3647.058	8	2157.5306
3647.058	8.25	2124.8125
3647.058	8.5	2088.7972
3647.058	8.75	2056.3319
3647.058	9	2024.8292
3647.058	9.25	1993.5694
3647.058	9.5	1963.7125
3647.058	9.75	1929.1361
3647.058	10	1902.1931
3647.058	10.25	1872.3972
3647.058	10.85744263	1800
3647.058	11.06720304	1775
3647.058	11.27696344	1750
3647.058	11.48672384	1725
3647.058	11.69648425	1700
3647.058	11.90624465	1675
3647.058	12.11600505	1650
3647.058	12.32576546	1625
3647.058	12.53552586	1600
3647.058	12.74528626	1575
3647.058	12.95504667	1550
3647.058	13.16480707	1525
3647.058	13.37456747	1500
3647.058	13.58432788	1475
3647.058	13.79408828	1450
3647.058	14.00384868	1425
3647.058	14.21360909	1400
3647.058	14.42336949	1375
3647.058	14.63312989	1350
3647.058	14.8428903	1325
3647.058	15.0526507	1300
3647.058	15.35279031	1275
3647.058	15.65232531	1250
3647.058	15.95700752	1225
3647.058	16.26350669	1200
3647.058	16.56826733	1175
3647.058	16.88698202	1150
3647.058	17.20715475	1125
3647.058	17.50764639	1100
3647.058	17.78761273	1075
3647.058	18.07598854	1050
3647.058	18.36775458	1025
3647.058	18.63502601	1000
3647.058	18.89268307	975
3647.058	19.18926952	950
3647.058	19.49002255	925
3647.058	19.74423933	900
3647.058	20.00232093	875
3647.058	20.28588991	850
3647.058	20.54164371	825
3647.058	20.77650716	800
3647.058	21.01589996	775
3647.058	21.25360343	750
3647.058	21.49478425	725
3647.058	21.7371982	700
3647.058	21.96979499	675
3647.058	22.1879473	650
3647.058	22.40271613	625
3647.058	22.6166785	600
3647.058	22.83976272	575
3647.058	23.08133771	550
3647.058	23.3165782	525
3647.058	23.5342655	500
3647.058	23.75148197	475
3647.058	23.97566802	450
3647.058	24.19608249	425
3647.058	24.40773379	400
3647.058	24.61487487	375
3647.058	24.81209196	350
3647.058	24.99914811	325
3647.058	25.17951076	300
3647.058	25.35370874	275
3647.058	25.52338558	250
3647.058	25.68463566	225
3647.058	25.83218837	200
3647.058	25.96618834	175
3647.058	26.09186438	150
3647.058	26.21429634	125
3647.058	26.3301145	100
3647.058	26.43647343	75
3647.058	26.52837669	50
3647.058	26.59118301	25
3647.058	26.61674347	0
4094.41	-20.38949565	0
4094.41	-20.37245534	25
4094.41	-20.33058446	50
4094.41	-20.26931562	75
4094.41	-20.19840966	100
4094.41	-20.12119756	125
4094.41	-20.03957626	150
4094.41	-19.95579223	175
4094.41	-19.86645891	200
4094.41	-19.76809044	225
4094.41	-19.66059038	250
4094.41	-19.54747249	275
4094.41	-19.43134051	300
4094.41	-19.31109874	325
4094.41	-19.18639464	350
4094.41	-19.05491658	375
4094.41	-18.91682252	400
4094.41	-18.77572166	425
4094.41	-18.62877868	450
4094.41	-18.47932131	475
4094.41	-18.33451033	500
4094.41	-18.18938546	525
4094.41	-18.03255847	550
4094.41	-17.87150848	575
4094.41	-17.72278567	600
4094.41	-17.58014408	625
4094.41	-17.43696487	650
4094.41	-17.29153	675
4094.41	-17.13646547	700
4094.41	-16.97485617	725
4094.41	-16.81406895	750
4094.41	-16.65559997	775
4094.41	-16.49600477	800
4094.41	-16.33942914	825
4094.41	-16.16892661	850
4094.41	-15.97988062	875
4094.41	-15.80782622	900
4094.41	-15.63834837	925
4094.41	-15.43784634	950
4094.41	-15.24012205	975
4094.41	-15.06835067	1000
4094.41	-14.89016972	1025
4094.41	-14.69565903	1050
4094.41	-14.50340849	1075
4094.41	-14.31676426	1100
4094.41	-14.1164365	1125
4094.41	-13.90298801	1150
4094.41	-13.69051155	1175
4094.41	-13.48733779	1200
4094.41	-13.28300502	1225
4094.41	-13.07988354	1250
4094.41	-12.88019354	1275
4094.41	-12.6801	1300
4094.41	-12.5	1317.1569
4094.41	-12.25	1337.3917
4094.41	-12	1357.1889
4094.41	-11.75	1375.5042
4094.41	-11.5	1400.1681
4094.41	-11.25	1423.9014
4094.41	-11	1445.0319
4094.41	-10.75	1465.6792
4094.41	-10.5	1498.6278
4094.41	-10.25	1517.4153
4094.41	-10	1550.6958
4094.41	-9.75	1567.5181
4094.41	-9.5	1588.0278
4094.41	-9.25	1614.9583
4094.41	-9	1637.5944
4094.41	-8.75	1664.1319
4094.41	-8.5	1687.025
4094.41	-8.25	1724.3597
4094.41	-8	1759.7958
4094.41	-7.75	1825.2097
4094.41	-7.5	1873.7653
4094.41	-7.25	1920.8236
4094.41	-7	1982.0375
4094.41	-6.75	2045.0333
4094.41	-6.5	2102.1194
4094.41	-6.25	2160.4958
4094.41	-6	2230.3528
4094.41	-5.75	2299.9833
4094.41	-5.5	2369.4944
4094.41	-5.25	2447.8028
4094.41	-5	2517.6111
4094.41	-4.75	2589.1653
4094.41	-4.5	2661.5597
4094.41	-4.25	2725.6486
4094.41	-4	2786.8667
4094.41	-3.75	2826.5194
4094.41	-3.5	2864.2361
4094.41	-3.25	2912.2028
4094.41	-3	2975.3444
4094.41	-2.75	3059.7569
4094.41	-2.5	3145.925
4094.41	-2.25	3287.3083
4094.41	-2	3490.5097
4094.41	-1.75	3664.7861
4094.41	-1.5	3793.0819
4094.41	-1.25	3883.7278
4094.41	-1	3939.6611
4094.41	-0.75	3972.0361
4094.41	-0.5	4036.1472
4094.41	-0.25	4083.7625
4094.41	0	4094.4097
4094.41	0.25	4079.6111
4094.41	0.5	4043.6264
4094.41	0.75	3994.9903
4094.41	1	3931.7097
4094.41	1.25	3856.775
4094.41	1.5	3787.5097
4094.41	1.75	3716.1181
4094.41	2	3640.7208
4094.41	2.25	3565.125
4094.41	2.5	3490.9042
4094.41	2.75	3417.925
4094.41	3	3348.2208
4094.41	3.25	3281.7764
4094.41	3.5	3217.6653
4094.41	3.75	3160.2417
4094.41	4	3107.8472
4094.41	4.25	3057.45
4094.41	4.5	3007.6958
4094.41	4.75	2958.0111
4094.41	5	2906.775
4094.41	5.25	2855.1833
4094.41	5.5	2804.7278
4094.41	5.75	2755.1792
4094.41	6	2705.8222
4094.41	6.25	2659.2861
4094.41	6.5	2614.2361
4094.41	6.75	2568.8417
4094.41	7	2517.7014
4094.41	7.25	2476.3833
4094.41	7.5	2432.0292
4094.41	7.75	2389.5486
4094.41	8	2355.3444
4094.41	8.25	2316.5597
4094.41	8.5	2273.9278
4094.41	8.75	2238.1917
4094.41	9	2203.3792
4094.41	9.25	2166.1139
4094.41	9.5	2130.6319
4094.41	9.75	2093.8972
4094.41	10	2059.4806
4094.41	10.25	2024.9236
4094.41	10.5	1990.0361
4094.41	10.75	1955.4361
4094.41	11	1916.5014
4094.41	11.25	1885.3375
4094.41	11.5	1848.5194
4094.41	11.75	1811.9222
4094.41	11.83958833	1800
4094.41	12.02744865	1775
4094.41	12.21530896	1750
4094.41	12.40316928	1725
4094.41	12.59102959	1700
4094.41	12.77888991	1675
4094.41	12.96675023	1650
4094.41	13.15461054	1625
4094.41	13.34247086	1600
4094.41	13.53033118	1575
4094.41	13.71819149	1550
4094.41	13.90605181	1525
4094.41	14.09391212	1500
4094.41	14.28177244	1475
4094.41	14.46963276	1450
4094.41	14.65749307	1425
4094.41	14.84535339	1400
4094.41	15.0332137	1375
4094.41	15.22107402	1350
4094.41	15.40893434	1325
4094.41	15.59679465	1300
4094.41	15.89694031	1275
4094.41	16.19647531	1250
4094.41	16.50115752	1225
4094.41	16.80765669	1200
4094.41	17.11241733	1175
4094.41	17.43113202	1150
4094.41	17.75130475	1125
4094.41	18.05179639	1100
4094.41	18.33176273	1075
4094.41	18.62013854	1050
4094.41	18.91190458	1025
4094.41	19.17917601	1000
4094.41	19.43683307	975
4094.41	19.73341952	950
4094.41	20.03417255	925
4094.41	20.28838933	900
4094.41	20.54647093	875
4094.41	20.83003991	850
4094.41	21.08579371	825
4094.41	21.32065716	800
4094.41	21.56004996	775
4094.41	21.79775343	750
4094.41	22.03893425	725
4094.41	22.2813482	700
4094.41	22.51394499	675
4094.41	22.7320973	650
4094.41	22.94686613	625
4094.41	23.1608285	600
4094.41	23.38391272	575
4094.41	23.62548771	550
4094.41	23.8607282	525
4094.41	24.0784155	500
4094.41	24.29563197	475
4094.41	24.51981802	450
4094.41	24.74023249	425
4094.41	24.95188379	400
4094.41	25.15902487	375
4094.41	25.35624196	350
4094.41	25.54329811	325
4094.41	25.72366076	300
4094.41	25.89785874	275
4094.41	26.06753558	250
4094.41	26.22878566	225
4094.41	26.37633837	200
4094.41	26.51033834	175
4094.41	26.63601438	150
4094.41	26.75844634	125
4094.41	26.8742645	100
4094.41	26.98062343	75
4094.41	27.07252669	50
4094.41	27.13533301	25
4094.41	27.16089347	0
4340.072	-20.88779565	0
4340.072	-20.87075534	25
4340.072	-20.82888446	50
4340.072	-20.76761562	75
4340.072	-20.69670966	100
4340.072	-20.61949756	125
4340.072	-20.53787626	150
4340.072	-20.45409223	175
4340.072	-20.36475891	200
4340.072	-20.26639044	225
4340.072	-20.15889038	250
4340.072	-20.04577249	275
4340.072	-19.92964051	300
4340.072	-19.80939874	325
4340.072	-19.68469464	350
4340.072	-19.55321658	375
4340.072	-19.41512252	400
4340.072	-19.27402166	425
4340.072	-19.12707868	450
4340.072	-18.97762131	475
4340.072	-18.83281033	500
4340.072	-18.68768546	525
4340.072	-18.53085847	550
4340.072	-18.36980848	575
4340.072	-18.22108567	600
4340.072	-18.07844408	625
4340.072	-17.93526487	650
4340.072	-17.78983	675
4340.072	-17.63476547	700
4340.072	-17.47315617	725
4340.072	-17.31236895	750
4340.072	-17.15389997	775
4340.072	-16.99430477	800
4340.072	-16.83772914	825
4340.072	-16.66722661	850
4340.072	-16.47818062	875
4340.072	-16.30612622	900
4340.072	-16.13664837	925
4340.072	-15.93614634	950
4340.072	-15.73842205	975
4340.072	-15.56665067	1000
4340.072	-15.38846972	1025
4340.072	-15.19395903	1050
4340.072	-15.00170849	1075
4340.072	-14.81506426	1100
4340.072	-14.6147365	1125
4340.072	-14.40128801	1150
4340.072	-14.18881155	1175
4340.072	-13.98563779	1200
4340.072	-13.78130502	1225
4340.072	-13.57818354	1250
4340.072	-13.37849354	1275
4340.072	-13.1784	1300
4340.072	-13	1315.5681
4340.072	-12.75	1335.1931
4340.072	-12.5	1354.3583
4340.072	-12.25	1375.1069
4340.072	-12	1398.1542
4340.072	-11.75	1416.7278
4340.072	-11.5	1441.4889
4340.072	-11.25	1460.3611
4340.072	-11	1487.1611
4340.072	-10.75	1512.0222
4340.072	-10.5	1544.4917
4340.072	-10.25	1564.2806
4340.072	-10	1581.5167
4340.072	-9.75	1608.6014
4340.072	-9.5	1631.0611
4340.072	-9.25	1658.8611
4340.072	-9	1680.5944
4340.072	-8.75	1720.0597
4340.072	-8.5	1744.9972
4340.072	-8.25	1813.6472
4340.072	-8	1865.3792
4340.072	-7.75	1912.2181
4340.072	-7.5	1971.15
4340.072	-7.25	2032.9486
4340.072	-7	2091.0597
4340.072	-6.75	2142.8319
4340.072	-6.5	2204.3611
4340.072	-6.25	2269.6833
4340.072	-6	2337.9139
4340.072	-5.75	2406.1306
4340.072	-5.5	2482.7194
4340.072	-5.25	2547.4611
4340.072	-5	2626.0708
4340.072	-4.75	2691.3306
4340.072	-4.5	2759.2028
4340.072	-4.25	2804.8181
4340.072	-4	2842.5083
4340.072	-3.75	2882.2444
4340.072	-3.5	2929.6639
4340.072	-3.25	2993.6583
4340.072	-3	3071.6986
4340.072	-2.75	3152.2361
4340.072	-2.5	3296.0194
4340.072	-2.25	3497.5083
4340.072	-2	3677.9278
4340.072	-1.75	3820.7639
4340.072	-1.5	3933.8139
4340.072	-1.25	4025.2083
4340.072	-1	4126.4361
4340.072	-0.75	4238.6861
4340.072	-0.5	4307.0444
4340.072	-0.25	4335.9028
4340.072	0	4340.0723
4340.072	0.25	4322.8403
4340.072	0.5	4284.7347
4340.072	0.75	4231.2194
4340.072	1	4167.6472
4340.072	1.25	4096.0236
4340.072	1.5	4021.925
4340.072	1.75	3941.8306
4340.072	2	3857.0903
4340.072	2.25	3782.9097
4340.072	2.5	3709.9444
4340.072	2.75	3635.7319
4340.072	3	3563.7792
4340.072	3.25	3493.5847
4340.072	3.5	3424.9139
4340.072	3.75	3361.9806
4340.072	4	3297.1847
4340.072	4.25	3232.7389
4340.072	4.5	3174.3444
4340.072	4.75	3120.5083
4340.072	5	3069.0861
4340.072	5.25	3017.3917
4340.072	5.5	2966.2986
4340.072	5.75	2914.0722
4340.072	6	2861.9056
4340.072	6.25	2811.3292
4340.072	6.5	2761.9069
4340.072	6.75	2713.3042
4340.072	7	2667.1
4340.072	7.25	2623.3611
4340.072	7.5	2579.1333
4340.072	7.75	2529.8208
4340.072	8	2489.7833
4340.072	8.25	2445.7597
4340.072	8.5	2403.3042
4340.072	8.75	2367.2542
4340.072	9	2329.2736
4340.072	9.25	2286.6625
4340.072	9.5	2247.4028
4340.072	9.75	2211.5653
4340.072	10	2172.4333
4340.072	10.25	2134.3347
4340.072	10.5	2096.7986
4340.072	10.75	2061.3806
4340.072	11	2027.6708
4340.072	11.25	1995.1069
4340.072	11.5	1963.1958
4340.072	11.75	1927.3694
4340.072	12	1898.0931
4340.072	12.25	1867.7861
4340.072	12.5	1832.8861
4340.072	12.7502854	1800
4340.072	12.94055226	1775
4340.072	13.13081912	1750
4340.072	13.32108598	1725
4340.072	13.51135284	1700
4340.072	13.7016197	1675
4340.072	13.89188656	1650
4340.072	14.08215343	1625
4340.072	14.27242029	1600
4340.072	14.46268715	1575
4340.072	14.65295401	1550
4340.072	14.84322087	1525
4340.072	15.03348773	1500
4340.072	15.22375459	1475
4340.072	15.41402145	1450
4340.072	15.60428831	1425
4340.072	15.79455517	1400
4340.072	15.98482203	1375
4340.072	16.17508889	1350
4340.072	16.36535575	1325
4340.072	16.55562261	1300
4340.072	16.85576031	1275
4340.072	17.15529531	1250
4340.072	17.45997752	1225
4340.072	17.76647669	1200
4340.072	18.07123733	1175
4340.072	18.38995202	1150
4340.072	18.71012475	1125
4340.072	19.01061639	1100
4340.072	19.29058273	1075
4340.072	19.57895854	1050
4340.072	19.87072458	1025
4340.072	20.13799601	1000
4340.072	20.39565307	975
4340.072	20.69223952	950
4340.072	20.99299255	925
4340.072	21.24720933	900
4340.072	21.50529093	875
4340.072	21.78885991	850
4340.072	22.04461371	825
4340.072	22.27947716	800
4340.072	22.51886996	775
4340.072	22.75657343	750
4340.072	22.99775425	725
4340.072	23.2401682	700
4340.072	23.47276499	675
4340.072	23.6909173	650
4340.072	23.90568613	625
4340.072	24.1196485	600
4340.072	24.34273272	575
4340.072	24.58430771	550
4340.072	24.8195482	525
4340.072	25.0372355	500
4340.072	25.25445197	475
4340.072	25.47863802	450
4340.072	25.69905249	425
4340.072	25.91070379	400
4340.072	26.11784487	375
4340.072	26.31506196	350
4340.072	26.50211811	325
4340.072	26.68248076	300
4340.072	26.85667874	275
4340.072	27.02635558	250
4340.072	27.18760566	225
4340.072	27.33515837	200
4340.072	27.46915834	175
4340.072	27.59483438	150
4340.072	27.71726634	125
4340.072	27.8330845	100
4340.072	27.93944343	75
4340.072	28.03134669	50
4340.072	28.09415301	25
4340.072	28.11971347	0
4858.995	-22.38209565	0
4858.995	-22.36505534	25
4858.995	-22.32318446	50
4858.995	-22.26191562	75
4858.995	-22.19100966	100
4858.995	-22.11379756	125
4858.995	-22.03217626	150
4858.995	-21.94839223	175
4858.995	-21.85905891	200
4858.995	-21.76069044	225
4858.995	-21.65319038	250
4858.995	-21.54007249	275
4858.995	-21.42394051	300
4858.995	-21.30369874	325
4858.995	-21.17899464	350
4858.995	-21.04751658	375
4858.995	-20.90942252	400
4858.995	-20.76832166	425
4858.995	-20.62137868	450
4858.995	-20.47192131	475
4858.995	-20.32711033	500
4858.995	-20.18198546	525
4858.995	-20.02515847	550
4858.995	-19.86410848	575
4858.995	-19.71538567	600
4858.995	-19.57274408	625
4858.995	-19.42956487	650
4858.995	-19.28413	675
4858.995	-19.12906547	700
4858.995	-18.96745617	725
4858.995	-18.80666895	750
4858.995	-18.64819997	775
4858.995	-18.48860477	800
4858.995	-18.33202914	825
4858.995	-18.16152661	850
4858.995	-17.97248062	875
4858.995	-17.80042622	900
4858.995	-17.63094837	925
4858.995	-17.43044634	950
4858.995	-17.23272205	975
4858.995	-17.06095067	1000
4858.995	-16.88276972	1025
4858.995	-16.68825903	1050
4858.995	-16.49600849	1075
4858.995	-16.30936426	1100
4858.995	-16.1090365	1125
4858.995	-15.89558801	1150
4858.995	-15.68311155	1175
4858.995	-15.47993779	1200
4858.995	-15.27560502	1225
4858.995	-15.07248354	1250
4858.995	-14.87279354	1275
4858.995	-14.6727	1300
4858.995	-14.5	1314.4417
4858.995	-14.25	1334.4069
4858.995	-14	1353.3903
4858.995	-13.75	1373.1042
4858.995	-13.5	1394.7722
4858.995	-13.25	1417.2792
4858.995	-13	1441.4
4858.995	-12.75	1460.4069
4858.995	-12.5	1489.3472
4858.995	-12.25	1509.6431
4858.995	-12	1541.6083
4858.995	-11.75	1563.7069
4858.995	-11.5	1581.0556
4858.995	-11.25	1609.4986
4858.995	-11	1631.9694
4858.995	-10.75	1659.2472
4858.995	-10.5	1685.3861
4858.995	-10.25	1720.8611
4858.995	-10	1744.3819
4858.995	-9.75	1813.5625
4858.995	-9.5	1863.9486
4858.995	-9.25	1906.7472
4858.995	-9	1963.4042
4858.995	-8.75	2020.9375
4858.995	-8.5	2072.7208
4858.995	-8.25	2118.2528
4858.995	-8	2164.2569
4858.995	-7.75	2217.0917
4858.995	-7.5	2268.5236
4858.995	-7.25	2325.3528
4858.995	-7	2383.4681
4858.995	-6.75	2445.6528
4858.995	-6.5	2504.2653
4858.995	-6.25	2565.8611
4858.995	-6	2624.4625
4858.995	-5.75	2683.3875
4858.995	-5.5	2746.6764
4858.995	-5.25	2790.8833
4858.995	-5	2823.4153
4858.995	-4.75	2853.3264
4858.995	-4.5	2890.7111
4858.995	-4.25	2936.3778
4858.995	-4	3001.3917
4858.995	-3.75	3073.7889
4858.995	-3.5	3142.1208
4858.995	-3.25	3240.6556
4858.995	-3	3402.7986
4858.995	-2.75	3556.2069
4858.995	-2.5	3703.575
4858.995	-2.25	3838.4472
4858.995	-2	3967.0153
4858.995	-1.75	4089.1903
4858.995	-1.5	4262.9611
4858.995	-1.25	4440.3597
4858.995	-1	4553.1903
4858.995	-0.75	4712.9361
4858.995	-0.5	4807.7194
4858.995	-0.25	4851.175
4858.995	0	4858.9946
4858.995	0.25	4839.6083
4858.995	0.5	4799.8667
4858.995	0.75	4746.0958
4858.995	1	4682.1319
4858.995	1.25	4610.4083
4858.995	1.5	4533.7389
4858.995	1.75	4453.8208
4858.995	2	4371.9653
4858.995	2.25	4289.2583
4858.995	2.5	4206.2736
4858.995	2.75	4124.4014
4858.995	3	4043.0403
4858.995	3.25	3967.8986
4858.995	3.5	3885.8236
4858.995	3.75	3814.9528
4858.995	4	3751.3042
4858.995	4.25	3686.4097
4858.995	4.5	3621.8931
4858.995	4.75	3558.1917
4858.995	5	3494.4583
4858.995	5.25	3429.3875
4858.995	5.5	3367.4319
4858.995	5.75	3301.1917
4858.995	6	3234.7097
4858.995	6.25	3174.5486
4858.995	6.5	3119.5931
4858.995	6.75	3067.5014
4858.995	7	3015.1944
4858.995	7.25	2964.0778
4858.995	7.5	2912.0639
4858.995	7.75	2859.7472
4858.995	8	2809.8653
4858.995	8.25	2760.8792
4858.995	8.5	2712.4833
4858.995	8.75	2666.6778
4858.995	9	2623.3194
4858.995	9.25	2579.6208
4858.995	9.5	2531.0417
4858.995	9.75	2491.8167
4858.995	10	2448.5944
4858.995	10.25	2407.6208
4858.995	10.5	2371.4236
4858.995	10.75	2334.4486
4858.995	11	2293.9361
4858.995	11.25	2253.9569
4858.995	11.5	2219.6181
4858.995	11.75	2182.1333
4858.995	12	2143.3833
4858.995	12.25	2108.3111
4858.995	12.5	2073.5694
4858.995	12.75	2040.8611
4858.995	13	2009.8236
4858.995	13.25	1980.7389
4858.995	13.5	1949.825
4858.995	13.75	1919.4833
4858.995	14	1894.4
4858.995	14.25	1867.4556
4858.995	14.5	1836.1458
4858.995	14.75	1806.7486
4858.995	14.80739152	1800
4858.995	15.0199968	1775
4858.995	15.23260208	1750
4858.995	15.44520737	1725
4858.995	15.65781265	1700
4858.995	15.87041793	1675
4858.995	16.08302321	1650
4858.995	16.2956285	1625
4858.995	16.50823378	1600
4858.995	16.72083906	1575
4858.995	16.93344434	1550
4858.995	17.14604962	1525
4858.995	17.35865491	1500
4858.995	17.57126019	1475
4858.995	17.78386547	1450
4858.995	17.99647075	1425
4858.995	18.20907603	1400
4858.995	18.42168132	1375
4858.995	18.6342866	1350
4858.995	18.84689188	1325
4858.995	19.05949716	1300
4858.995	19.35964031	1275
4858.995	19.65917531	1250
4858.995	19.96385752	1225
4858.995	20.27035669	1200
4858.995	20.57511733	1175
4858.995	20.89383202	1150
4858.995	21.21400475	1125
4858.995	21.51449639	1100
4858.995	21.79446273	1075
4858.995	22.08283854	1050
4858.995	22.37460458	1025
4858.995	22.64187601	1000
4858.995	22.89953307	975
4858.995	23.19611952	950
4858.995	23.49687255	925
4858.995	23.75108933	900
4858.995	24.00917093	875
4858.995	24.29273991	850
4858.995	24.54849371	825
4858.995	24.78335716	800
4858.995	25.02274996	775
4858.995	25.26045343	750
4858.995	25.50163425	725
4858.995	25.7440482	700
4858.995	25.97664499	675
4858.995	26.1947973	650
4858.995	26.40956613	625
4858.995	26.6235285	600
4858.995	26.84661272	575
4858.995	27.08818771	550
4858.995	27.3234282	525
4858.995	27.5411155	500
4858.995	27.75833197	475
4858.995	27.98251802	450
4858.995	28.20293249	425
4858.995	28.41458379	400
4858.995	28.62172487	375
4858.995	28.81894196	350
4858.995	29.00599811	325
4858.995	29.18636076	300
4858.995	29.36055874	275
4858.995	29.53023558	250
4858.995	29.69148566	225
4858.995	29.83903837	200
4858.995	29.97303834	175
4858.995	30.09871438	150
4858.995	30.22114634	125
4858.995	30.3369645	100
4858.995	30.44332343	75
4858.995	30.53522669	50
4858.995	30.59803301	25
4858.995	30.62359347	0
5000	-22.93499565	0
5000	-22.91795534	25
5000	-22.87608446	50
5000	-22.81481562	75
5000	-22.74390966	100
5000	-22.66669756	125
5000	-22.58507626	150
5000	-22.50129223	175
5000	-22.41195891	200
5000	-22.31359044	225
5000	-22.20609038	250
5000	-22.09297249	275
5000	-21.97684051	300
5000	-21.85659874	325
5000	-21.73189464	350
5000	-21.60041658	375
5000	-21.46232252	400
5000	-21.32122166	425
5000	-21.17427868	450
5000	-21.02482131	475
5000	-20.88001033	500
5000	-20.73488546	525
5000	-20.57805847	550
5000	-20.41700848	575
5000	-20.26828567	600
5000	-20.12564408	625
5000	-19.98246487	650
5000	-19.83703	675
5000	-19.68196547	700
5000	-19.52035617	725
5000	-19.35956895	750
5000	-19.20109997	775
5000	-19.04150477	800
5000	-18.88492914	825
5000	-18.71442661	850
5000	-18.52538062	875
5000	-18.35332622	900
5000	-18.18384837	925
5000	-17.98334634	950
5000	-17.78562205	975
5000	-17.61385067	1000
5000	-17.43566972	1025
5000	-17.24115903	1050
5000	-17.04890849	1075
5000	-16.86226426	1100
5000	-16.6619365	1125
5000	-16.44848801	1150
5000	-16.23601155	1175
5000	-16.03283779	1200
5000	-15.82850502	1225
5000	-15.62538354	1250
5000	-15.42569354	1275
5000	-15.2256	1300
5000	-15	1312.704435
5000	-14.75	1331.069552
5000	-14.5	1352.586144
5000	-14.25	1373.130724
5000	-14	1392.665013
5000	-13.75	1412.951001
5000	-13.5	1435.247795
5000	-13.25	1458.407937
5000	-13	1483.228711
5000	-12.75	1502.787182
5000	-12.5	1532.567315
5000	-12.25	1553.452192
5000	-12	1586.345006
5000	-11.75	1609.084896
5000	-11.5	1626.937047
5000	-11.25	1656.205449
5000	-11	1679.32834
5000	-10.75	1707.397728
5000	-10.5	1734.295166
5000	-10.25	1770.799633
5000	-10	1795.002995
5000	-9.75	1866.191181
5000	-9.5	1918.039461
5000	-9.25	1962.080055
5000	-9	2020.381213
5000	-8.75	2079.584101
5000	-8.5	2132.870126
5000	-8.25	2179.723442
5000	-8	2227.062558
5000	-7.75	2281.430598
5000	-7.5	2334.355026
5000	-7.25	2392.833381
5000	-7	2452.635158
5000	-6.75	2516.624427
5000	-6.5	2576.937833
5000	-6.25	2640.321113
5000	-6	2700.623096
5000	-5.75	2761.25807
5000	-5.5	2826.383583
5000	-5.25	2871.873345
5000	-5	2905.349407
5000	-4.75	2936.128513
5000	-4.5	2974.598098
5000	-4.25	3021.590023
5000	-4	3088.490594
5000	-3.75	3162.988725
5000	-3.5	3233.303582
5000	-3.25	3334.697813
5000	-3	3501.546122
5000	-2.75	3659.406255
5000	-2.5	3811.050904
5000	-2.25	3949.837028
5000	-2	4082.13611
5000	-1.75	4207.856568
5000	-1.5	4386.67011
5000	-1.25	4569.216729
5000	-1	4685.321617
5000	-0.75	4849.703161
5000	-0.5	4947.237025
5000	-0.25	4991.953685
5000	0	5000
5000	0.25	4980.051325
5000	0.5	4939.156444
5000	0.75	4883.825139
5000	1	4818.005038
5000	1.25	4744.200055
5000	1.5	4665.305747
5000	1.75	4583.068464
5000	2	4498.837558
5000	2.25	4413.730442
5000	2.5	4328.337567
5000	2.75	4244.089477
5000	3	4160.367318
5000	3.25	4083.045043
5000	3.5	3998.588268
5000	3.75	3925.660832
5000	4	3860.165182
5000	4.25	3793.387475
5000	4.5	3726.998636
5000	4.75	3661.448653
5000	5	3595.865741
5000	5.25	3528.906619
5000	5.5	3465.153098
5000	5.75	3396.990641
5000	6	3328.579366
5000	6.25	3266.672421
5000	6.5	3210.12214
5000	6.75	3156.518764
5000	7	3102.693841
5000	7.25	3050.093863
5000	7.5	2996.570546
5000	7.75	2942.735641
5000	8	2891.406193
5000	8.25	2840.998541
5000	8.5	2791.198216
5000	8.75	2744.063463
5000	9	2699.446824
5000	9.25	2654.480112
5000	9.5	2604.491271
5000	9.75	2564.127981
5000	10	2519.651391
5000	10.25	2477.488758
5000	10.5	2440.241133
5000	10.75	2402.193137
5000	11	2360.504984
5000	11.25	2319.365608
5000	11.5	2284.030313
5000	11.75	2245.457723
5000	12	2205.583217
5000	12.25	2169.493239
5000	12.5	2133.743352
5000	12.75	2100.085874
5000	13	2068.147681
5000	13.25	2038.218957
5000	13.5	2006.407951
5000	13.75	1975.18575
5000	14	1949.374545
5000	14.25	1921.648232
5000	14.5	1889.429838
5000	14.75	1859.179545
5000	15	1828.929253
5000	15.25	1798.678961
5000	15.5	1768.428669
5000	15.75	1738.178377
5000	16	1707.928085
5000	16.25	1677.677793
5000	16.5	1647.427501
5000	16.75	1617.177209
5000	17	1586.926916
5000	17.25	1556.676624
5000	17.5	1526.426332
5000	17.75	1496.17604
5000	18	1465.925748
5000	18.25	1435.675456
5000	18.5	1405.425164
5000	18.75	1375.174872
5000	19	1344.924579
5000	19.25	1314.674287
5000	19.37127156	1300
5000	19.67141031	1275
5000	19.97094531	1250
5000	20.27562752	1225
5000	20.58212669	1200
5000	20.88688733	1175
5000	21.20560202	1150
5000	21.52577475	1125
5000	21.82626639	1100
5000	22.10623273	1075
5000	22.39460854	1050
5000	22.68637458	1025
5000	22.95364601	1000
5000	23.21130307	975
5000	23.50788952	950
5000	23.80864255	925
5000	24.06285933	900
5000	24.32094093	875
5000	24.60450991	850
5000	24.86026371	825
5000	25.09512716	800
5000	25.33451996	775
5000	25.57222343	750
5000	25.81340425	725
5000	26.0558182	700
5000	26.28841499	675
5000	26.5065673	650
5000	26.72133613	625
5000	26.9352985	600
5000	27.15838272	575
5000	27.39995771	550
5000	27.6351982	525
5000	27.8528855	500
5000	28.07010197	475
5000	28.29428802	450
5000	28.51470249	425
5000	28.72635379	400
5000	28.93349487	375
5000	29.13071196	350
5000	29.31776811	325
5000	29.49813076	300
5000	29.67232874	275
5000	29.84200558	250
5000	30.00325566	225
5000	30.15080837	200
5000	30.28480834	175
5000	30.41048438	150
5000	30.53291634	125
5000	30.6487345	100
5000	30.75509343	75
5000	30.84699669	50
5000	30.90980301	25
5000	30.93536347	0