  0.0000000e+000  1.0000000e+000
  1.0000000e-002  8.8462848e-001
  2.0000000e-002  8.5184213e-001
  3.0000000e-002  8.2836515e-001
  4.0000000e-002  8.0924940e-001
  5.0000000e-002  7.9278014e-001
  6.0000000e-002  7.7822998e-001
  7.0000000e-002  7.6476795e-001
  8.0000000e-002  7.5239035e-001
  9.0000000e-002  7.4089638e-001
  1.0000000e-001  7.2999413e-001
  1.1000000e-001  7.1967461e-001
  1.2000000e-001  7.0983480e-001
  1.3000000e-001  7.0037110e-001
  1.4000000e-001  6.9131423e-001
  1.5000000e-001  6.8249275e-001
  1.6000000e-001  6.7402576e-001
  1.7000000e-001  6.6577664e-001
  1.8000000e-001  6.5771176e-001
  1.9000000e-001  6.4995428e-001
  2.0000000e-001  6.4223676e-001
  2.1000000e-001  6.3479454e-001
  2.2000000e-001  6.2748726e-001
  2.3000000e-001  6.2022987e-001
  2.4000000e-001  6.1321804e-001
  2.5000000e-001  6.0626307e-001
  2.6000000e-001  5.9935850e-001
  2.7000000e-001  5.9267333e-001
  2.8000000e-001  5.8600895e-001
  2.9000000e-001  5.7937820e-001
  3.0000000e-001  5.7294180e-001
  3.1000000e-001  5.6651549e-001
  3.2000000e-001  5.6009956e-001
  3.3000000e-001  5.5385262e-001
  3.4000000e-001  5.4761887e-001
  3.5000000e-001  5.4138511e-001
  3.6000000e-001  5.3526976e-001
  3.7000000e-001  5.2918842e-001
  3.8000000e-001  5.2310707e-001
  3.9000000e-001  5.1708262e-001
  4.0000000e-001  5.1111757e-001
  4.1000000e-001  5.0515251e-001
  4.2000000e-001  4.9919910e-001
  4.3000000e-001  4.9331717e-001
  4.4000000e-001  4.8743524e-001
  4.5000000e-001  4.8155330e-001
  4.6000000e-001  4.7571039e-001
  4.7000000e-001  4.6988046e-001
  4.8000000e-001  4.6405054e-001
  4.9000000e-001  4.5822862e-001
  5.0000000e-001  4.5242084e-001
  5.1000000e-001  4.4661306e-001
  5.2000000e-001  4.4080528e-001
  5.3000000e-001  4.3499311e-001
  5.4000000e-001  4.2917813e-001
  5.5000000e-001  4.2336315e-001
  5.6000000e-001  4.1753512e-001
  5.7000000e-001  4.1168340e-001
  5.8000000e-001  4.0583168e-001
  5.9000000e-001  3.9996965e-001
  6.0000000e-001  3.9406393e-001
  6.1000000e-001  3.8814500e-001
  6.2000000e-001  3.8222562e-001
  6.3000000e-001  3.7624899e-001
  6.4000000e-001  3.7023067e-001
  6.5000000e-001  3.6421235e-001
  6.6000000e-001  3.5814900e-001
  6.7000000e-001  3.5200585e-001
  6.8000000e-001  3.4585330e-001
  6.9000000e-001  3.3966024e-001
  7.0000000e-001  3.3337253e-001
  7.1000000e-001  3.2704721e-001
  7.2000000e-001  3.2068515e-001
  7.3000000e-001  3.1421127e-001
  7.4000000e-001  3.0766951e-001
  7.5000000e-001  3.0108767e-001
  7.6000000e-001  2.9437254e-001
  7.7000000e-001  2.8756384e-001
  7.8000000e-001  2.8069508e-001
  7.9000000e-001  2.7366459e-001
  8.0000000e-001  2.6652918e-001
  8.1000000e-001  2.5928295e-001
  8.2000000e-001  2.5183549e-001
  8.3000000e-001  2.4430113e-001
  8.4000000e-001  2.3655263e-001
  8.5000000e-001  2.2854610e-001
  8.6000000e-001  2.2040444e-001
  8.7000000e-001  2.1195185e-001
  8.8000000e-001  2.0329991e-001
  8.9000000e-001  1.9425901e-001
  9.0000000e-001  1.8488545e-001
  9.1000000e-001  1.7507736e-001
  9.2000000e-001  1.6475624e-001
  9.3000000e-001  1.5379872e-001
  9.4000000e-001  1.4212039e-001
  9.5000000e-001  1.2942872e-001
  9.6000000e-001  1.1562244e-001
  9.7000000e-001  9.9834598e-002
  9.8000000e-001  8.1287467e-002
  9.9000000e-001  5.7199337e-002
  1.0000000e+000  0.0000000e+000
