  0.0000000e+000  0.0000000e+000
  1.0000000e-003  3.3047822e-008
  2.0000000e-003  2.8252230e-007
  3.0000000e-003  9.9003661e-007
  4.0000000e-003  2.4081064e-006
  5.0000000e-003  4.7952334e-006
  6.0000000e-003  8.4136290e-006
  7.0000000e-003  1.3527852e-005
  8.0000000e-003  2.0403893e-005
  9.0000000e-003  2.9308508e-005
  1.0000000e-002  4.0508715e-005
  1.1000000e-002  5.4271401e-005
  1.2000000e-002  7.0862994e-005
  1.3000000e-002  9.0549204e-005
  1.4000000e-002  1.1359480e-004
  1.5000000e-002  1.4026342e-004
  1.6000000e-002  1.7081741e-004
  1.7000000e-002  2.0551768e-004
  1.8000000e-002  2.4462357e-004
  1.9000000e-002  2.8839278e-004
  2.0000000e-002  3.3708122e-004
  2.1000000e-002  3.9094296e-004
  2.2000000e-002  4.5023015e-004
  2.3000000e-002  5.1519294e-004
  2.4000000e-002  5.8607940e-004
  2.5000000e-002  6.6313552e-004
  2.6000000e-002  7.4660509e-004
  2.7000000e-002  8.3672972e-004
  2.8000000e-002  9.3374873e-004
  2.9000000e-002  1.0378992e-003
  3.0000000e-002  1.1494158e-003
  3.1000000e-002  1.2685309e-003
  3.2000000e-002  1.3954744e-003
  3.3000000e-002  1.5304740e-003
  3.4000000e-002  1.6737547e-003
  3.5000000e-002  1.8255392e-003
  3.6000000e-002  1.9860476e-003
  3.7000000e-002  2.1554976e-003
  3.8000000e-002  2.3341043e-003
  3.9000000e-002  2.5220804e-003
  4.0000000e-002  2.7196358e-003
  4.1000000e-002  2.9269782e-003
  4.2000000e-002  3.1443125e-003
  4.3000000e-002  3.3718409e-003
  4.4000000e-002  3.6097633e-003
  4.5000000e-002  3.8582768e-003
  4.6000000e-002  4.1175761e-003
  4.7000000e-002  4.3878529e-003
  4.8000000e-002  4.6692968e-003
  4.9000000e-002  4.9620944e-003
  5.0000000e-002  5.2664297e-003
  5.1000000e-002  5.5824844e-003
  5.2000000e-002  5.9104372e-003
  5.3000000e-002  6.2504643e-003
  5.4000000e-002  6.6027394e-003
  5.5000000e-002  6.9674333e-003
  5.6000000e-002  7.3447144e-003
  5.7000000e-002  7.7347484e-003
  5.8000000e-002  8.1376984e-003
  5.9000000e-002  8.5537248e-003
  6.0000000e-002  8.9829853e-003
  6.1000000e-002  9.4256353e-003
  6.2000000e-002  9.8818272e-003
  6.3000000e-002  1.0351711e-002
  6.4000000e-002  1.0835434e-002
  6.5000000e-002  1.1333141e-002
  6.6000000e-002  1.1844975e-002
  6.7000000e-002  1.2371073e-002
  6.8000000e-002  1.2911575e-002
  6.9000000e-002  1.3466613e-002
  7.0000000e-002  1.4036320e-002
  7.1000000e-002  1.4620825e-002
  7.2000000e-002  1.5220255e-002
  7.3000000e-002  1.5834732e-002
  7.4000000e-002  1.6464380e-002
  7.5000000e-002  1.7109317e-002
  7.6000000e-002  1.7769659e-002
  7.7000000e-002  1.8445520e-002
  7.8000000e-002  1.9137012e-002
  7.9000000e-002  1.9844243e-002
  8.0000000e-002  2.0567320e-002
  8.1000000e-002  2.1306345e-002
  8.2000000e-002  2.2061422e-002
  8.3000000e-002  2.2832648e-002
  8.4000000e-002  2.3620119e-002
  8.5000000e-002  2.4423930e-002
  8.6000000e-002  2.5244172e-002
  8.7000000e-002  2.6080933e-002
  8.8000000e-002  2.6934301e-002
  8.9000000e-002  2.7804358e-002
  9.0000000e-002  2.8691188e-002
  9.1000000e-002  2.9594869e-002
  9.2000000e-002  3.0515477e-002
  9.3000000e-002  3.1453088e-002
  9.4000000e-002  3.2407772e-002
  9.5000000e-002  3.3379600e-002
  9.6000000e-002  3.4368639e-002
  9.7000000e-002  3.5374954e-002
  9.8000000e-002  3.6398607e-002
  9.9000000e-002  3.7439659e-002
  1.0000000e-001  3.8498167e-002
  1.0100000e-001  3.9574186e-002
  1.0200000e-001  4.0667771e-002
  1.0300000e-001  4.1778972e-002
  1.0400000e-001  4.2907837e-002
  1.0500000e-001  4.4054414e-002
  1.0600000e-001  4.5218745e-002
  1.0700000e-001  4.6400874e-002
  1.0800000e-001  4.7600839e-002
  1.0900000e-001  4.8818678e-002
  1.1000000e-001  5.0054426e-002
  1.1100000e-001  5.1308117e-002
  1.1200000e-001  5.2579780e-002
  1.1300000e-001  5.3869445e-002
  1.1400000e-001  5.5177137e-002
  1.1500000e-001  5.6502882e-002
  1.1600000e-001  5.7846701e-002
  1.1700000e-001  5.9208614e-002
  1.1800000e-001  6.0588639e-002
  1.1900000e-001  6.1986791e-002
  1.2000000e-001  6.3403085e-002
  1.2100000e-001  6.4837532e-002
  1.2200000e-001  6.6290141e-002
  1.2300000e-001  6.7760920e-002
  1.2400000e-001  6.9249873e-002
  1.2500000e-001  7.0757005e-002
  1.2600000e-001  7.2282316e-002
  1.2700000e-001  7.3825806e-002
  1.2800000e-001  7.5387472e-002
  1.2900000e-001  7.6967309e-002
  1.3000000e-001  7.8565311e-002
  1.3100000e-001  8.0181468e-002
  1.3200000e-001  8.1815770e-002
  1.3300000e-001  8.3468204e-002
  1.3400000e-001  8.5138756e-002
  1.3500000e-001  8.6827410e-002
  1.3600000e-001  8.8534146e-002
  1.3700000e-001  9.0258945e-002
  1.3800000e-001  9.2001784e-002
  1.3900000e-001  9.3762639e-002
  1.4000000e-001  9.5541485e-002
  1.4100000e-001  9.7338294e-002
  1.4200000e-001  9.9153035e-002
  1.4300000e-001  1.0098568e-001
  1.4400000e-001  1.0283619e-001
  1.4500000e-001  1.0470453e-001
  1.4600000e-001  1.0659068e-001
  1.4700000e-001  1.0849458e-001
  1.4800000e-001  1.1041619e-001
  1.4900000e-001  1.1235549e-001
  1.5000000e-001  1.1431241e-001
  1.5100000e-001  1.1628692e-001
  1.5200000e-001  1.1827897e-001
  1.5300000e-001  1.2028851e-001
  1.5400000e-001  1.2231549e-001
  1.5500000e-001  1.2435985e-001
  1.5600000e-001  1.2642155e-001
  1.5700000e-001  1.2850053e-001
  1.5800000e-001  1.3059672e-001
  1.5900000e-001  1.3271008e-001
  1.6000000e-001  1.3484054e-001
  1.6100000e-001  1.3698804e-001
  1.6200000e-001  1.3915251e-001
  1.6300000e-001  1.4133389e-001
  1.6400000e-001  1.4353212e-001
  1.6500000e-001  1.4574712e-001
  1.6600000e-001  1.4797882e-001
  1.6700000e-001  1.5022716e-001
  1.6800000e-001  1.5249206e-001
  1.6900000e-001  1.5477345e-001
  1.7000000e-001  1.5707124e-001
  1.7100000e-001  1.5938537e-001
  1.7200000e-001  1.6171575e-001
  1.7300000e-001  1.6406231e-001
  1.7400000e-001  1.6642496e-001
  1.7500000e-001  1.6880362e-001
  1.7600000e-001  1.7119820e-001
  1.7700000e-001  1.7360862e-001
  1.7800000e-001  1.7603479e-001
  1.7900000e-001  1.7847663e-001
  1.8000000e-001  1.8093404e-001
  1.8100000e-001  1.8340693e-001
  1.8200000e-001  1.8589521e-001
  1.8300000e-001  1.8839878e-001
  1.8400000e-001  1.9091756e-001
  1.8500000e-001  1.9345143e-001
  1.8600000e-001  1.9600031e-001
  1.8700000e-001  1.9856410e-001
  1.8800000e-001  2.0114270e-001
  1.8900000e-001  2.0373599e-001
  1.9000000e-001  2.0634389e-001
  1.9100000e-001  2.0896629e-001
  1.9200000e-001  2.1160307e-001
  1.9300000e-001  2.1425414e-001
  1.9400000e-001  2.1691939e-001
  1.9500000e-001  2.1959871e-001
  1.9600000e-001  2.2229199e-001
  1.9700000e-001  2.2499911e-001
  1.9800000e-001  2.2771997e-001
  1.9900000e-001  2.3045445e-001
  2.0000000e-001  2.3320244e-001
  2.0100000e-001  2.3596382e-001
  2.0200000e-001  2.3873848e-001
  2.0300000e-001  2.4152629e-001
  2.0400000e-001  2.4432714e-001
  2.0500000e-001  2.4714091e-001
  2.0600000e-001  2.4996748e-001
  2.0700000e-001  2.5280672e-001
  2.0800000e-001  2.5565852e-001
  2.0900000e-001  2.5852275e-001
  2.1000000e-001  2.6139928e-001
  2.1100000e-001  2.6428798e-001
  2.1200000e-001  2.6718874e-001
  2.1300000e-001  2.7010143e-001
  2.1400000e-001  2.7302590e-001
  2.1500000e-001  2.7596205e-001
  2.1600000e-001  2.7890973e-001
  2.1700000e-001  2.8186881e-001
  2.1800000e-001  2.8483916e-001
  2.1900000e-001  2.8782065e-001
  2.2000000e-001  2.9081315e-001
  2.2100000e-001  2.9381651e-001
  2.2200000e-001  2.9683061e-001
  2.2300000e-001  2.9985530e-001
  2.2400000e-001  3.0289045e-001
  2.2500000e-001  3.0593592e-001
  2.2600000e-001  3.0899158e-001
  2.2700000e-001  3.1205727e-001
  2.2800000e-001  3.1513287e-001
  2.2900000e-001  3.1821823e-001
  2.3000000e-001  3.2131321e-001
  2.3100000e-001  3.2441766e-001
  2.3200000e-001  3.2753144e-001
  2.3300000e-001  3.3065441e-001
  2.3400000e-001  3.3378643e-001
  2.3500000e-001  3.3692734e-001
  2.3600000e-001  3.4007700e-001
  2.3700000e-001  3.4323527e-001
  2.3800000e-001  3.4640199e-001
  2.3900000e-001  3.4957702e-001
  2.4000000e-001  3.5276021e-001
  2.4100000e-001  3.5595141e-001
  2.4200000e-001  3.5915047e-001
  2.4300000e-001  3.6235724e-001
  2.4400000e-001  3.6557156e-001
  2.4500000e-001  3.6879329e-001
  2.4600000e-001  3.7202228e-001
  2.4700000e-001  3.7525836e-001
  2.4800000e-001  3.7850140e-001
  2.4900000e-001  3.8175122e-001
  2.5000000e-001  3.8500769e-001
  2.5100000e-001  3.8827063e-001
  2.5200000e-001  3.9153991e-001
  2.5300000e-001  3.9481536e-001
  2.5400000e-001  3.9809682e-001
  2.5500000e-001  4.0138414e-001
  2.5600000e-001  4.0467716e-001
  2.5700000e-001  4.0797573e-001
  2.5800000e-001  4.1127968e-001
  2.5900000e-001  4.1458886e-001
  2.6000000e-001  4.1790311e-001
  2.6100000e-001  4.2122226e-001
  2.6200000e-001  4.2454616e-001
  2.6300000e-001  4.2787465e-001
  2.6400000e-001  4.3120757e-001
  2.6500000e-001  4.3454475e-001
  2.6600000e-001  4.3788604e-001
  2.6700000e-001  4.4123127e-001
  2.6800000e-001  4.4458028e-001
  2.6900000e-001  4.4793291e-001
  2.7000000e-001  4.5128900e-001
  2.7100000e-001  4.5464839e-001
  2.7200000e-001  4.5801090e-001
  2.7300000e-001  4.6137639e-001
  2.7400000e-001  4.6474467e-001
  2.7500000e-001  4.6811560e-001
  2.7600000e-001  4.7148901e-001
  2.7700000e-001  4.7486472e-001
  2.7800000e-001  4.7824259e-001
  2.7900000e-001  4.8162243e-001
  2.8000000e-001  4.8500410e-001
  2.8100000e-001  4.8838742e-001
  2.8200000e-001  4.9177222e-001
  2.8300000e-001  4.9515835e-001
  2.8400000e-001  4.9854563e-001
  2.8500000e-001  5.0193391e-001
  2.8600000e-001  5.0532301e-001
  2.8700000e-001  5.0871277e-001
  2.8800000e-001  5.1210302e-001
  2.8900000e-001  5.1549360e-001
  2.9000000e-001  5.1888435e-001
  2.9100000e-001  5.2227508e-001
  2.9200000e-001  5.2566565e-001
  2.9300000e-001  5.2905587e-001
  2.9400000e-001  5.3244560e-001
  2.9500000e-001  5.3583465e-001
  2.9600000e-001  5.3922286e-001
  2.9700000e-001  5.4261007e-001
  2.9800000e-001  5.4599611e-001
  2.9900000e-001  5.4938081e-001
  3.0000000e-001  5.5276400e-001
  3.0100000e-001  5.5614553e-001
  3.0200000e-001  5.5952522e-001
  3.0300000e-001  5.6290290e-001
  3.0400000e-001  5.6627842e-001
  3.0500000e-001  5.6965160e-001
  3.0600000e-001  5.7302228e-001
  3.0700000e-001  5.7639028e-001
  3.0800000e-001  5.7975546e-001
  3.0900000e-001  5.8311763e-001
  3.1000000e-001  5.8647663e-001
  3.1100000e-001  5.8983231e-001
  3.1200000e-001  5.9318448e-001
  3.1300000e-001  5.9653299e-001
  3.1400000e-001  5.9987767e-001
  3.1500000e-001  6.0321836e-001
  3.1600000e-001  6.0655488e-001
  3.1700000e-001  6.0988708e-001
  3.1800000e-001  6.1321479e-001
  3.1900000e-001  6.1653785e-001
  3.2000000e-001  6.1985609e-001
  3.2100000e-001  6.2316934e-001
  3.2200000e-001  6.2647745e-001
  3.2300000e-001  6.2978025e-001
  3.2400000e-001  6.3307758e-001
  3.2500000e-001  6.3636926e-001
  3.2600000e-001  6.3965515e-001
  3.2700000e-001  6.4293507e-001
  3.2800000e-001  6.4620887e-001
  3.2900000e-001  6.4947638e-001
  3.3000000e-001  6.5273745e-001
  3.3100000e-001  6.5599190e-001
  3.3200000e-001  6.5923957e-001
  3.3300000e-001  6.6248032e-001
  3.3400000e-001  6.6571397e-001
  3.3500000e-001  6.6894036e-001
  3.3600000e-001  6.7215934e-001
  3.3700000e-001  6.7537075e-001
  3.3800000e-001  6.7857442e-001
  3.3900000e-001  6.8177020e-001
  3.4000000e-001  6.8495793e-001
  3.4100000e-001  6.8813745e-001
  3.4200000e-001  6.9130860e-001
  3.4300000e-001  6.9447123e-001
  3.4400000e-001  6.9762517e-001
  3.4500000e-001  7.0077028e-001
  3.4600000e-001  7.0390639e-001
  3.4700000e-001  7.0703336e-001
  3.4800000e-001  7.1015101e-001
  3.4900000e-001  7.1325921e-001
  3.5000000e-001  7.1635779e-001
  3.5100000e-001  7.1944660e-001
  3.5200000e-001  7.2252548e-001
  3.5300000e-001  7.2559430e-001
  3.5400000e-001  7.2865288e-001
  3.5500000e-001  7.3170108e-001
  3.5600000e-001  7.3473876e-001
  3.5700000e-001  7.3776574e-001
  3.5800000e-001  7.4078190e-001
  3.5900000e-001  7.4378707e-001
  3.6000000e-001  7.4678111e-001
  3.6100000e-001  7.4976386e-001
  3.6200000e-001  7.5273519e-001
  3.6300000e-001  7.5569493e-001
  3.6400000e-001  7.5864295e-001
  3.6500000e-001  7.6157910e-001
  3.6600000e-001  7.6450322e-001
  3.6700000e-001  7.6741519e-001
  3.6800000e-001  7.7031484e-001
  3.6900000e-001  7.7320204e-001
  3.7000000e-001  7.7607664e-001
  3.7100000e-001  7.7893850e-001
  3.7200000e-001  7.8178748e-001
  3.7300000e-001  7.8462343e-001
  3.7400000e-001  7.8744621e-001
  3.7500000e-001  7.9025568e-001
  3.7600000e-001  7.9305171e-001
  3.7700000e-001  7.9583415e-001
  3.7800000e-001  7.9860286e-001
  3.7900000e-001  8.0135771e-001
  3.8000000e-001  8.0409855e-001
  3.8100000e-001  8.0682526e-001
  3.8200000e-001  8.0953769e-001
  3.8300000e-001  8.1223571e-001
  3.8400000e-001  8.1491919e-001
  3.8500000e-001  8.1758798e-001
  3.8600000e-001  8.2024197e-001
  3.8700000e-001  8.2288101e-001
  3.8800000e-001  8.2550497e-001
  3.8900000e-001  8.2811372e-001
  3.9000000e-001  8.3070714e-001
  3.9100000e-001  8.3328508e-001
  3.9200000e-001  8.3584743e-001
  3.9300000e-001  8.3839406e-001
  3.9400000e-001  8.4092483e-001
  3.9500000e-001  8.4343962e-001
  3.9600000e-001  8.4593831e-001
  3.9700000e-001  8.4842076e-001
  3.9800000e-001  8.5088686e-001
  3.9900000e-001  8.5333649e-001
  4.0000000e-001  8.5576951e-001
  4.0100000e-001  8.5818581e-001
  4.0200000e-001  8.6058526e-001
  4.0300000e-001  8.6296775e-001
  4.0400000e-001  8.6533316e-001
  4.0500000e-001  8.6768136e-001
  4.0600000e-001  8.7001224e-001
  4.0700000e-001  8.7232568e-001
  4.0800000e-001  8.7462158e-001
  4.0900000e-001  8.7689980e-001
  4.1000000e-001  8.7916023e-001
  4.1100000e-001  8.8140278e-001
  4.1200000e-001  8.8362731e-001
  4.1300000e-001  8.8583371e-001
  4.1400000e-001  8.8802189e-001
  4.1500000e-001  8.9019172e-001
  4.1600000e-001  8.9234310e-001
  4.1700000e-001  8.9447592e-001
  4.1800000e-001  8.9659007e-001
  4.1900000e-001  8.9868544e-001
  4.2000000e-001  9.0076194e-001
  4.2100000e-001  9.0281945e-001
  4.2200000e-001  9.0485787e-001
  4.2300000e-001  9.0687710e-001
  4.2400000e-001  9.0887703e-001
  4.2500000e-001  9.1085757e-001
  4.2600000e-001  9.1281861e-001
  4.2700000e-001  9.1476006e-001
  4.2800000e-001  9.1668181e-001
  4.2900000e-001  9.1858378e-001
  4.3000000e-001  9.2046585e-001
  4.3100000e-001  9.2232795e-001
  4.3200000e-001  9.2416997e-001
  4.3300000e-001  9.2599182e-001
  4.3400000e-001  9.2779340e-001
  4.3500000e-001  9.2957463e-001
  4.3600000e-001  9.3133542e-001
  4.3700000e-001  9.3307567e-001
  4.3800000e-001  9.3479530e-001
  4.3900000e-001  9.3649422e-001
  4.4000000e-001  9.3817234e-001
  4.4100000e-001  9.3982957e-001
  4.4200000e-001  9.4146584e-001
  4.4300000e-001  9.4308106e-001
  4.4400000e-001  9.4467514e-001
  4.4500000e-001  9.4624801e-001
  4.4600000e-001  9.4779958e-001
  4.4700000e-001  9.4932978e-001
  4.4800000e-001  9.5083852e-001
  4.4900000e-001  9.5232573e-001
  4.5000000e-001  9.5379134e-001
  4.5100000e-001  9.5523525e-001
  4.5200000e-001  9.5665741e-001
  4.5300000e-001  9.5805774e-001
  4.5400000e-001  9.5943617e-001
  4.5500000e-001  9.6079262e-001
  4.5600000e-001  9.6212702e-001
  4.5700000e-001  9.6343931e-001
  4.5800000e-001  9.6472942e-001
  4.5900000e-001  9.6599728e-001
  4.6000000e-001  9.6724282e-001
  4.6100000e-001  9.6846599e-001
  4.6200000e-001  9.6966670e-001
  4.6300000e-001  9.7084492e-001
  4.6400000e-001  9.7200056e-001
  4.6500000e-001  9.7313358e-001
  4.6600000e-001  9.7424390e-001
  4.6700000e-001  9.7533148e-001
  4.6800000e-001  9.7639626e-001
  4.6900000e-001  9.7743817e-001
  4.7000000e-001  9.7845717e-001
  4.7100000e-001  9.7945320e-001
  4.7200000e-001  9.8042621e-001
  4.7300000e-001  9.8137615e-001
  4.7400000e-001  9.8230296e-001
  4.7500000e-001  9.8320659e-001
  4.7600000e-001  9.8408700e-001
  4.7700000e-001  9.8494415e-001
  4.7800000e-001  9.8577797e-001
  4.7900000e-001  9.8658844e-001
  4.8000000e-001  9.8737550e-001
  4.8100000e-001  9.8813911e-001
  4.8200000e-001  9.8887923e-001
  4.8300000e-001  9.8959582e-001
  4.8400000e-001  9.9028884e-001
  4.8500000e-001  9.9095826e-001
  4.8600000e-001  9.9160403e-001
  4.8700000e-001  9.9222611e-001
  4.8800000e-001  9.9282448e-001
  4.8900000e-001  9.9339911e-001
  4.9000000e-001  9.9394994e-001
  4.9100000e-001  9.9447697e-001
  4.9200000e-001  9.9498015e-001
  4.9300000e-001  9.9545945e-001
  4.9400000e-001  9.9591486e-001
  4.9500000e-001  9.9634634e-001
  4.9600000e-001  9.9675386e-001
  4.9700000e-001  9.9713740e-001
  4.9800000e-001  9.9749694e-001
  4.9900000e-001  9.9783246e-001
  5.0000000e-001  9.9814394e-001
  5.0100000e-001  9.9843134e-001
  5.0200000e-001  9.9869467e-001
  5.0300000e-001  9.9893389e-001
  5.0400000e-001  9.9914899e-001
  5.0500000e-001  9.9933996e-001
  5.0600000e-001  9.9950679e-001
  5.0700000e-001  9.9964945e-001
  5.0800000e-001  9.9976794e-001
  5.0900000e-001  9.9986225e-001
  5.1000000e-001  9.9993237e-001
  5.1100000e-001  9.9997829e-001
  5.1200000e-001  1.0000000e+000
  5.1300000e-001  9.9999750e-001
  5.1400000e-001  9.9997078e-001
  5.1500000e-001  9.9991984e-001
  5.1600000e-001  9.9984467e-001
  5.1700000e-001  9.9974529e-001
  5.1800000e-001  9.9962167e-001
  5.1900000e-001  9.9947384e-001
  5.2000000e-001  9.9930178e-001
  5.2100000e-001  9.9910551e-001
  5.2200000e-001  9.9888502e-001
  5.2300000e-001  9.9864033e-001
  5.2400000e-001  9.9837143e-001
  5.2500000e-001  9.9807835e-001
  5.2600000e-001  9.9776108e-001
  5.2700000e-001  9.9741965e-001
  5.2800000e-001  9.9705405e-001
  5.2900000e-001  9.9666431e-001
  5.3000000e-001  9.9625043e-001
  5.3100000e-001  9.9581244e-001
  5.3200000e-001  9.9535035e-001
  5.3300000e-001  9.9486417e-001
  5.3400000e-001  9.9435394e-001
  5.3500000e-001  9.9381965e-001
  5.3600000e-001  9.9326135e-001
  5.3700000e-001  9.9267905e-001
  5.3800000e-001  9.9207277e-001
  5.3900000e-001  9.9144254e-001
  5.4000000e-001  9.9078838e-001
  5.4100000e-001  9.9011033e-001
  5.4200000e-001  9.8940840e-001
  5.4300000e-001  9.8868264e-001
  5.4400000e-001  9.8793306e-001
  5.4500000e-001  9.8715971e-001
  5.4600000e-001  9.8636262e-001
  5.4700000e-001  9.8554181e-001
  5.4800000e-001  9.8469733e-001
  5.4900000e-001  9.8382921e-001
  5.5000000e-001  9.8293749e-001
  5.5100000e-001  9.8202221e-001
  5.5200000e-001  9.8108340e-001
  5.5300000e-001  9.8012112e-001
  5.5400000e-001  9.7913539e-001
  5.5500000e-001  9.7812628e-001
  5.5600000e-001  9.7709381e-001
  5.5700000e-001  9.7603804e-001
  5.5800000e-001  9.7495901e-001
  5.5900000e-001  9.7385677e-001
  5.6000000e-001  9.7273138e-001
  5.6100000e-001  9.7158287e-001
  5.6200000e-001  9.7041131e-001
  5.6300000e-001  9.6921675e-001
  5.6400000e-001  9.6799923e-001
  5.6500000e-001  9.6675882e-001
  5.6600000e-001  9.6549557e-001
  5.6700000e-001  9.6420954e-001
  5.6800000e-001  9.6290078e-001
  5.6900000e-001  9.6156937e-001
  5.7000000e-001  9.6021535e-001
  5.7100000e-001  9.5883879e-001
  5.7200000e-001  9.5743975e-001
  5.7300000e-001  9.5601830e-001
  5.7400000e-001  9.5457450e-001
  5.7500000e-001  9.5310842e-001
  5.7600000e-001  9.5162013e-001
  5.7700000e-001  9.5010970e-001
  5.7800000e-001  9.4857719e-001
  5.7900000e-001  9.4702267e-001
  5.8000000e-001  9.4544623e-001
  5.8100000e-001  9.4384792e-001
  5.8200000e-001  9.4222783e-001
  5.8300000e-001  9.4058604e-001
  5.8400000e-001  9.3892261e-001
  5.8500000e-001  9.3723763e-001
  5.8600000e-001  9.3553117e-001
  5.8700000e-001  9.3380332e-001
  5.8800000e-001  9.3205415e-001
  5.8900000e-001  9.3028375e-001
  5.9000000e-001  9.2849220e-001
  5.9100000e-001  9.2667958e-001
  5.9200000e-001  9.2484599e-001
  5.9300000e-001  9.2299150e-001
  5.9400000e-001  9.2111621e-001
  5.9500000e-001  9.1922020e-001
  5.9600000e-001  9.1730356e-001
  5.9700000e-001  9.1536638e-001
  5.9800000e-001  9.1340876e-001
  5.9900000e-001  9.1143079e-001
  6.0000000e-001  9.0943256e-001
  6.0100000e-001  9.0741416e-001
  6.0200000e-001  9.0537569e-001
  6.0300000e-001  9.0331726e-001
  6.0400000e-001  9.0123895e-001
  6.0500000e-001  8.9914087e-001
  6.0600000e-001  8.9702312e-001
  6.0700000e-001  8.9488579e-001
  6.0800000e-001  8.9272899e-001
  6.0900000e-001  8.9055283e-001
  6.1000000e-001  8.8835740e-001
  6.1100000e-001  8.8614282e-001
  6.1200000e-001  8.8390918e-001
  6.1300000e-001  8.8165660e-001
  6.1400000e-001  8.7938519e-001
  6.1500000e-001  8.7709504e-001
  6.1600000e-001  8.7478629e-001
  6.1700000e-001  8.7245902e-001
  6.1800000e-001  8.7011336e-001
  6.1900000e-001  8.6774943e-001
  6.2000000e-001  8.6536733e-001
  6.2100000e-001  8.6296717e-001
  6.2200000e-001  8.6054909e-001
  6.2300000e-001  8.5811318e-001
  6.2400000e-001  8.5565958e-001
  6.2500000e-001  8.5318840e-001
  6.2600000e-001  8.5069975e-001
  6.2700000e-001  8.4819377e-001
  6.2800000e-001  8.4567056e-001
  6.2900000e-001  8.4313027e-001
  6.3000000e-001  8.4057300e-001
  6.3100000e-001  8.3799888e-001
  6.3200000e-001  8.3540805e-001
  6.3300000e-001  8.3280061e-001
  6.3400000e-001  8.3017671e-001
  6.3500000e-001  8.2753647e-001
  6.3600000e-001  8.2488002e-001
  6.3700000e-001  8.2220749e-001
  6.3800000e-001  8.1951901e-001
  6.3900000e-001  8.1681471e-001
  6.4000000e-001  8.1409473e-001
  6.4100000e-001  8.1135919e-001
  6.4200000e-001  8.0860824e-001
  6.4300000e-001  8.0584200e-001
  6.4400000e-001  8.0306062e-001
  6.4500000e-001  8.0026423e-001
  6.4600000e-001  7.9745296e-001
  6.4700000e-001  7.9462696e-001
  6.4800000e-001  7.9178637e-001
  6.4900000e-001  7.8893132e-001
  6.5000000e-001  7.8606196e-001
  6.5100000e-001  7.8317843e-001
  6.5200000e-001  7.8028088e-001
  6.5300000e-001  7.7736943e-001
  6.5400000e-001  7.7444425e-001
  6.5500000e-001  7.7150546e-001
  6.5600000e-001  7.6855323e-001
  6.5700000e-001  7.6558770e-001
  6.5800000e-001  7.6260900e-001
  6.5900000e-001  7.5961730e-001
  6.6000000e-001  7.5661274e-001
  6.6100000e-001  7.5359547e-001
  6.6200000e-001  7.5056564e-001
  6.6300000e-001  7.4752340e-001
  6.6400000e-001  7.4446890e-001
  6.6500000e-001  7.4140230e-001
  6.6600000e-001  7.3832374e-001
  6.6700000e-001  7.3523339e-001
  6.6800000e-001  7.3213139e-001
  6.6900000e-001  7.2901790e-001
  6.7000000e-001  7.2589308e-001
  6.7100000e-001  7.2275708e-001
  6.7200000e-001  7.1961007e-001
  6.7300000e-001  7.1645219e-001
  6.7400000e-001  7.1328361e-001
  6.7500000e-001  7.1010449e-001
  6.7600000e-001  7.0691498e-001
  6.7700000e-001  7.0371525e-001
  6.7800000e-001  7.0050545e-001
  6.7900000e-001  6.9728575e-001
  6.8000000e-001  6.9405632e-001
  6.8100000e-001  6.9081730e-001
  6.8200000e-001  6.8756888e-001
  6.8300000e-001  6.8431120e-001
  6.8400000e-001  6.8104445e-001
  6.8500000e-001  6.7776877e-001
  6.8600000e-001  6.7448433e-001
  6.8700000e-001  6.7119131e-001
  6.8800000e-001  6.6788987e-001
  6.8900000e-001  6.6458017e-001
  6.9000000e-001  6.6126239e-001
  6.9100000e-001  6.5793669e-001
  6.9200000e-001  6.5460324e-001
  6.9300000e-001  6.5126221e-001
  6.9400000e-001  6.4791377e-001
  6.9500000e-001  6.4455809e-001
  6.9600000e-001  6.4119534e-001
  6.9700000e-001  6.3782570e-001
  6.9800000e-001  6.3444932e-001
  6.9900000e-001  6.3106639e-001
  7.0000000e-001  6.2767708e-001
  7.0100000e-001  6.2428156e-001
  7.0200000e-001  6.2088000e-001
  7.0300000e-001  6.1747258e-001
  7.0400000e-001  6.1405948e-001
  7.0500000e-001  6.1064085e-001
  7.0600000e-001  6.0721689e-001
  7.0700000e-001  6.0378777e-001
  7.0800000e-001  6.0035365e-001
  7.0900000e-001  5.9691473e-001
  7.1000000e-001  5.9347116e-001
  7.1100000e-001  5.9002314e-001
  7.1200000e-001  5.8657083e-001
  7.1300000e-001  5.8311442e-001
  7.1400000e-001  5.7965408e-001
  7.1500000e-001  5.7618999e-001
  7.1600000e-001  5.7272233e-001
  7.1700000e-001  5.6925128e-001
  7.1800000e-001  5.6577701e-001
  7.1900000e-001  5.6229970e-001
  7.2000000e-001  5.5881953e-001
  7.2100000e-001  5.5533669e-001
  7.2200000e-001  5.5185135e-001
  7.2300000e-001  5.4836369e-001
  7.2400000e-001  5.4487389e-001
  7.2500000e-001  5.4138213e-001
  7.2600000e-001  5.3788859e-001
  7.2700000e-001  5.3439345e-001
  7.2800000e-001  5.3089690e-001
  7.2900000e-001  5.2739911e-001
  7.3000000e-001  5.2390026e-001
  7.3100000e-001  5.2040054e-001
  7.3200000e-001  5.1690013e-001
  7.3300000e-001  5.1339920e-001
  7.3400000e-001  5.0989794e-001
  7.3500000e-001  5.0639653e-001
  7.3600000e-001  5.0289516e-001
  7.3700000e-001  4.9939400e-001
  7.3800000e-001  4.9589323e-001
  7.3900000e-001  4.9239304e-001
  7.4000000e-001  4.8889360e-001
  7.4100000e-001  4.8539511e-001
  7.4200000e-001  4.8189773e-001
  7.4300000e-001  4.7840167e-001
  7.4400000e-001  4.7490708e-001
  7.4500000e-001  4.7141416e-001
  7.4600000e-001  4.6792309e-001
  7.4700000e-001  4.6443405e-001
  7.4800000e-001  4.6094721e-001
  7.4900000e-001  4.5746277e-001
  7.5000000e-001  4.5398091e-001
  7.5100000e-001  4.5050179e-001
  7.5200000e-001  4.4702562e-001
  7.5300000e-001  4.4355255e-001
  7.5400000e-001  4.4008279e-001
  7.5500000e-001  4.3661650e-001
  7.5600000e-001  4.3315387e-001
  7.5700000e-001  4.2969508e-001
  7.5800000e-001  4.2624030e-001
  7.5900000e-001  4.2278973e-001
  7.6000000e-001  4.1934353e-001
  7.6100000e-001  4.1590189e-001
  7.6200000e-001  4.1246498e-001
  7.6300000e-001  4.0903299e-001
  7.6400000e-001  4.0560609e-001
  7.6500000e-001  4.0218446e-001
  7.6600000e-001  3.9876829e-001
  7.6700000e-001  3.9535774e-001
  7.6800000e-001  3.9195299e-001
  7.6900000e-001  3.8855423e-001
  7.7000000e-001  3.8516163e-001
  7.7100000e-001  3.8177536e-001
  7.7200000e-001  3.7839560e-001
  7.7300000e-001  3.7502253e-001
  7.7400000e-001  3.7165632e-001
  7.7500000e-001  3.6829715e-001
  7.7600000e-001  3.6494518e-001
  7.7700000e-001  3.6160061e-001
  7.7800000e-001  3.5826359e-001
  7.7900000e-001  3.5493430e-001
  7.8000000e-001  3.5161292e-001
  7.8100000e-001  3.4829961e-001
  7.8200000e-001  3.4499455e-001
  7.8300000e-001  3.4169791e-001
  7.8400000e-001  3.3840986e-001
  7.8500000e-001  3.3513057e-001
  7.8600000e-001  3.3186020e-001
  7.8700000e-001  3.2859893e-001
  7.8800000e-001  3.2534693e-001
  7.8900000e-001  3.2210436e-001
  7.9000000e-001  3.1887139e-001
  7.9100000e-001  3.1564818e-001
  7.9200000e-001  3.1243491e-001
  7.9300000e-001  3.0923173e-001
  7.9400000e-001  3.0603881e-001
  7.9500000e-001  3.0285632e-001
  7.9600000e-001  2.9968441e-001
  7.9700000e-001  2.9652325e-001
  7.9800000e-001  2.9337300e-001
  7.9900000e-001  2.9023383e-001
  8.0000000e-001  2.8710588e-001
  8.0100000e-001  2.8398933e-001
  8.0200000e-001  2.8088432e-001
  8.0300000e-001  2.7779102e-001
  8.0400000e-001  2.7470958e-001
  8.0500000e-001  2.7164016e-001
  8.0600000e-001  2.6858291e-001
  8.0700000e-001  2.6553799e-001
  8.0800000e-001  2.6250555e-001
  8.0900000e-001  2.5948574e-001
  8.1000000e-001  2.5647871e-001
  8.1100000e-001  2.5348462e-001
  8.1200000e-001  2.5050361e-001
  8.1300000e-001  2.4753583e-001
  8.1400000e-001  2.4458143e-001
  8.1500000e-001  2.4164056e-001
  8.1600000e-001  2.3871335e-001
  8.1700000e-001  2.3579996e-001
  8.1800000e-001  2.3290053e-001
  8.1900000e-001  2.3001520e-001
  8.2000000e-001  2.2714411e-001
  8.2100000e-001  2.2428740e-001
  8.2200000e-001  2.2144521e-001
  8.2300000e-001  2.1861767e-001
  8.2400000e-001  2.1580494e-001
  8.2500000e-001  2.1300712e-001
  8.2600000e-001  2.1022438e-001
  8.2700000e-001  2.0745683e-001
  8.2800000e-001  2.0470460e-001
  8.2900000e-001  2.0196784e-001
  8.3000000e-001  1.9924666e-001
  8.3100000e-001  1.9654120e-001
  8.3200000e-001  1.9385158e-001
  8.3300000e-001  1.9117792e-001
  8.3400000e-001  1.8852036e-001
  8.3500000e-001  1.8587901e-001
  8.3600000e-001  1.8325400e-001
  8.3700000e-001  1.8064544e-001
  8.3800000e-001  1.7805345e-001
  8.3900000e-001  1.7547815e-001
  8.4000000e-001  1.7291966e-001
  8.4100000e-001  1.7037809e-001
  8.4200000e-001  1.6785355e-001
  8.4300000e-001  1.6534616e-001
  8.4400000e-001  1.6285601e-001
  8.4500000e-001  1.6038323e-001
  8.4600000e-001  1.5792791e-001
  8.4700000e-001  1.5549017e-001
  8.4800000e-001  1.5307010e-001
  8.4900000e-001  1.5066781e-001
  8.5000000e-001  1.4828340e-001
  8.5100000e-001  1.4591696e-001
  8.5200000e-001  1.4356859e-001
  8.5300000e-001  1.4123840e-001
  8.5400000e-001  1.3892646e-001
  8.5500000e-001  1.3663288e-001
  8.5600000e-001  1.3435773e-001
  8.5700000e-001  1.3210112e-001
  8.5800000e-001  1.2986313e-001
  8.5900000e-001  1.2764383e-001
  8.6000000e-001  1.2544332e-001
  8.6100000e-001  1.2326168e-001
  8.6200000e-001  1.2109898e-001
  8.6300000e-001  1.1895530e-001
  8.6400000e-001  1.1683071e-001
  8.6500000e-001  1.1472530e-001
  8.6600000e-001  1.1263912e-001
  8.6700000e-001  1.1057226e-001
  8.6800000e-001  1.0852477e-001
  8.6900000e-001  1.0649673e-001
  8.7000000e-001  1.0448819e-001
  8.7100000e-001  1.0249922e-001
  8.7200000e-001  1.0052988e-001
  8.7300000e-001  9.8580219e-002
  8.7400000e-001  9.6650298e-002
  8.7500000e-001  9.4740168e-002
  8.7600000e-001  9.2849880e-002
  8.7700000e-001  9.0979483e-002
  8.7800000e-001  8.9129023e-002
  8.7900000e-001  8.7298544e-002
  8.8000000e-001  8.5488088e-002
  8.8100000e-001  8.3697695e-002
  8.8200000e-001  8.1927402e-002
  8.8300000e-001  8.0177243e-002
  8.8400000e-001  7.8447252e-002
  8.8500000e-001  7.6737459e-002
  8.8600000e-001  7.5047892e-002
  8.8700000e-001  7.3378575e-002
  8.8800000e-001  7.1729534e-002
  8.8900000e-001  7.0100787e-002
  8.9000000e-001  6.8492353e-002
  8.9100000e-001  6.6904249e-002
  8.9200000e-001  6.5336486e-002
  8.9300000e-001  6.3789076e-002
  8.9400000e-001  6.2262027e-002
  8.9500000e-001  6.0755345e-002
  8.9600000e-001  5.9269031e-002
  8.9700000e-001  5.7803087e-002
  8.9800000e-001  5.6357510e-002
  8.9900000e-001  5.4932295e-002
  9.0000000e-001  5.3527434e-002
  9.0100000e-001  5.2142917e-002
  9.0200000e-001  5.0778730e-002
  9.0300000e-001  4.9434858e-002
  9.0400000e-001  4.8111281e-002
  9.0500000e-001  4.6807978e-002
  9.0600000e-001  4.5524924e-002
  9.0700000e-001  4.4262092e-002
  9.0800000e-001  4.3019451e-002
  9.0900000e-001  4.1796969e-002
  9.1000000e-001  4.0594609e-002
  9.1100000e-001  3.9412332e-002
  9.1200000e-001  3.8250096e-002
  9.1300000e-001  3.7107855e-002
  9.1400000e-001  3.5985562e-002
  9.1500000e-001  3.4883164e-002
  9.1600000e-001  3.3800608e-002
  9.1700000e-001  3.2737835e-002
  9.1800000e-001  3.1694786e-002
  9.1900000e-001  3.0671396e-002
  9.2000000e-001  2.9667597e-002
  9.2100000e-001  2.8683320e-002
  9.2200000e-001  2.7718491e-002
  9.2300000e-001  2.6773032e-002
  9.2400000e-001  2.5846864e-002
  9.2500000e-001  2.4939902e-002
  9.2600000e-001  2.4052060e-002
  9.2700000e-001  2.3183247e-002
  9.2800000e-001  2.2333369e-002
  9.2900000e-001  2.1502328e-002
  9.3000000e-001  2.0690024e-002
  9.3100000e-001  1.9896353e-002
  9.3200000e-001  1.9121205e-002
  9.3300000e-001  1.8364470e-002
  9.3400000e-001  1.7626033e-002
  9.3500000e-001  1.6905773e-002
  9.3600000e-001  1.6203570e-002
  9.3700000e-001  1.5519295e-002
  9.3800000e-001  1.4852820e-002
  9.3900000e-001  1.4204011e-002
  9.4000000e-001  1.3572729e-002
  9.4100000e-001  1.2958834e-002
  9.4200000e-001  1.2362179e-002
  9.4300000e-001  1.1782616e-002
  9.4400000e-001  1.1219991e-002
  9.4500000e-001  1.0674147e-002
  9.4600000e-001  1.0144923e-002
  9.4700000e-001  9.6321535e-003
  9.4800000e-001  9.1356690e-003
  9.4900000e-001  8.6552960e-003
  9.5000000e-001  8.1908568e-003
  9.5100000e-001  7.7421697e-003
  9.5200000e-001  7.3090484e-003
  9.5300000e-001  6.8913026e-003
  9.5400000e-001  6.4887376e-003
  9.5500000e-001  6.1011544e-003
  9.5600000e-001  5.7283495e-003
  9.5700000e-001  5.3701151e-003
  9.5800000e-001  5.0262389e-003
  9.5900000e-001  4.6965041e-003
  9.6000000e-001  4.3806892e-003
  9.6100000e-001  4.0785683e-003
  9.6200000e-001  3.7899107e-003
  9.6300000e-001  3.5144812e-003
  9.6400000e-001  3.2520396e-003
  9.6500000e-001  3.0023412e-003
  9.6600000e-001  2.7651363e-003
  9.6700000e-001  2.5401703e-003
  9.6800000e-001  2.3271838e-003
  9.6900000e-001  2.1259123e-003
  9.7000000e-001  1.9360864e-003
  9.7100000e-001  1.7574313e-003
  9.7200000e-001  1.5896674e-003
  9.7300000e-001  1.4325096e-003
  9.7400000e-001  1.2856679e-003
  9.7500000e-001  1.1488464e-003
  9.7600000e-001  1.0217443e-003
  9.7700000e-001  9.0405512e-004
  9.7800000e-001  7.9546670e-004
  9.7900000e-001  6.9566141e-004
  9.8000000e-001  6.0431583e-004
  9.8100000e-001  5.2110074e-004
  9.8200000e-001  4.4568103e-004
  9.8300000e-001  3.7771555e-004
  9.8400000e-001  3.1685707e-004
  9.8500000e-001  2.6275209e-004
  9.8600000e-001  2.1504076e-004
  9.8700000e-001  1.7335673e-004
  9.8800000e-001  1.3732697e-004
  9.8900000e-001  1.0657162e-004
  9.9000000e-001  8.0703756e-005
  9.9100000e-001  5.9329184e-005
  9.9200000e-001  4.2046155e-005
  9.9300000e-001  2.8445039e-005
  9.9400000e-001  1.8107922e-005
  9.9500000e-001  1.0608103e-005
  9.9600000e-001  5.5094160e-006
  9.9700000e-001  2.3653060e-006
  9.9800000e-001  7.1741064e-007
  9.9900000e-001  9.3127439e-008
  1.0000000e+000  0.0000000e+000
