  0.0000000e+000  0.0000000e+000
  1.0000000e-002  4.0511455e-005
  2.0000000e-002  3.3710402e-004
  3.0000000e-002  1.1494935e-003
  4.0000000e-002  2.7198198e-003
  5.0000000e-002  5.2667859e-003
  6.0000000e-002  8.9835929e-003
  7.0000000e-002  1.4037270e-002
  8.0000000e-002  2.0568711e-002
  9.0000000e-002  2.8693129e-002
  1.0000000e-001  3.8500770e-002
  1.1000000e-001  5.0057812e-002
  1.2000000e-001  6.3407373e-002
  1.3000000e-001  7.8570625e-002
  1.4000000e-001  9.5547947e-002
  1.5000000e-001  1.1432014e-001
  1.6000000e-001  1.3484966e-001
  1.7000000e-001  1.5708186e-001
  1.8000000e-001  1.8094628e-001
  1.9000000e-001  2.0635785e-001
  2.0000000e-001  2.3321821e-001
  2.1000000e-001  2.6141695e-001
  2.2000000e-001  2.9083281e-001
  2.3000000e-001  3.2133494e-001
  2.4000000e-001  3.5278407e-001
  2.5000000e-001  3.8503373e-001
  2.6000000e-001  4.1793137e-001
  2.7000000e-001  4.5131953e-001
  2.8000000e-001  4.8503690e-001
  2.9000000e-001  5.1891944e-001
  3.0000000e-001  5.5280139e-001
  3.1000000e-001  5.8651630e-001
  3.2000000e-001  6.1989801e-001
  3.3000000e-001  6.5278159e-001
  3.4000000e-001  6.8500426e-001
  3.5000000e-001  7.1640624e-001
  3.6000000e-001  7.4683161e-001
  3.7000000e-001  7.7612913e-001
  3.8000000e-001  8.0415294e-001
  3.9000000e-001  8.3076332e-001
  4.0000000e-001  8.5582739e-001
  4.1000000e-001  8.7921970e-001
  4.2000000e-001  9.0082286e-001
  4.3000000e-001  9.2052811e-001
  4.4000000e-001  9.3823579e-001
  4.5000000e-001  9.5385584e-001
  4.6000000e-001  9.6730824e-001
  4.7000000e-001  9.7852335e-001
  4.8000000e-001  9.8744228e-001
  4.9000000e-001  9.9401717e-001
  5.0000000e-001  9.9821144e-001
  5.1000000e-001  1.0000000e+000
  5.2000000e-001  9.9936937e-001
  5.3000000e-001  9.9631781e-001
  5.4000000e-001  9.9085539e-001
  5.5000000e-001  9.8300397e-001
  5.6000000e-001  9.7279717e-001
  5.7000000e-001  9.6028029e-001
  5.8000000e-001  9.4551017e-001
  5.9000000e-001  9.2855500e-001
  6.0000000e-001  9.0949406e-001
  6.1000000e-001  8.8841748e-001
  6.2000000e-001  8.6542585e-001
  6.3000000e-001  8.4062985e-001
  6.4000000e-001  8.1414979e-001
  6.5000000e-001  7.8611513e-001
  6.6000000e-001  7.5666392e-001
  6.7000000e-001  7.2594218e-001
  6.8000000e-001  6.9410326e-001
  6.9000000e-001  6.6130712e-001
  7.0000000e-001  6.2771953e-001
  7.1000000e-001  5.9351130e-001
  7.2000000e-001  5.5885733e-001
  7.3000000e-001  5.2393570e-001
  7.4000000e-001  4.8892667e-001
  7.5000000e-001  4.5401161e-001
  7.6000000e-001  4.1937189e-001
  7.7000000e-001  3.8518767e-001
  7.8000000e-001  3.5163670e-001
  7.9000000e-001  3.1889295e-001
  8.0000000e-001  2.8712530e-001
  8.1000000e-001  2.5649606e-001
  8.2000000e-001  2.2715947e-001
  8.3000000e-001  1.9926014e-001
  8.4000000e-001  1.7293136e-001
  8.5000000e-001  1.4829343e-001
  8.6000000e-001  1.2545181e-001
  8.7000000e-001  1.0449526e-001
  8.8000000e-001  8.5493870e-002
  8.9000000e-001  6.8496986e-002
  9.0000000e-001  5.3531054e-002
  9.1000000e-001  4.0597355e-002
  9.2000000e-001  2.9669604e-002
  9.3000000e-001  2.0691424e-002
  9.4000000e-001  1.3573647e-002
  9.5000000e-001  8.1914108e-003
  9.6000000e-001  4.3809855e-003
  9.7000000e-001  1.9362173e-003
  9.8000000e-001  6.0435670e-004
  9.9000000e-001  8.0709215e-005
  1.0000000e+000  0.0000000e+000
