  0.0000000e+000  1.0000000e+000
  1.0000000e-003  9.4754865e-001
  2.0000000e-003  9.3358096e-001
  3.0000000e-003  9.2367388e-001
  4.0000000e-003  9.1572562e-001
  5.0000000e-003  9.0895502e-001
  6.0000000e-003  9.0300793e-001
  7.0000000e-003  8.9765348e-001
  8.0000000e-003  8.9276709e-001
  9.0000000e-003  8.8824399e-001
  1.0000000e-002  8.8403113e-001
  1.1000000e-002  8.8007238e-001
  1.2000000e-002  8.7633025e-001
  1.3000000e-002  8.7277363e-001
  1.4000000e-002  8.6938692e-001
  1.5000000e-002  8.6614661e-001
  1.6000000e-002  8.6303502e-001
  1.7000000e-002  8.6003868e-001
  1.8000000e-002  8.5715276e-001
  1.9000000e-002  8.5435831e-001
  2.0000000e-002  8.5165400e-001
  2.1000000e-002  8.4903293e-001
  2.2000000e-002  8.4648249e-001
  2.3000000e-002  8.4400310e-001
  2.4000000e-002  8.4158732e-001
  2.5000000e-002  8.3923142e-001
  2.6000000e-002  8.3693138e-001
  2.7000000e-002  8.3468443e-001
  2.8000000e-002  8.3248762e-001
  2.9000000e-002  8.3033653e-001
  3.0000000e-002  8.2822879e-001
  3.1000000e-002  8.2616214e-001
  3.2000000e-002  8.2413451e-001
  3.3000000e-002  8.2214392e-001
  3.4000000e-002  8.2018854e-001
  3.5000000e-002  8.1826662e-001
  3.6000000e-002  8.1637653e-001
  3.7000000e-002  8.1451842e-001
  3.8000000e-002  8.1268958e-001
  3.9000000e-002  8.1088840e-001
  4.0000000e-002  8.0911356e-001
  4.1000000e-002  8.0736386e-001
  4.2000000e-002  8.0563812e-001
  4.3000000e-002  8.0393553e-001
  4.4000000e-002  8.0225837e-001
  4.5000000e-002  8.0060354e-001
  4.6000000e-002  7.9896884e-001
  4.7000000e-002  7.9735338e-001
  4.8000000e-002  7.9575762e-001
  4.9000000e-002  7.9418182e-001
  5.0000000e-002  7.9262351e-001
  5.1000000e-002  7.9108357e-001
  5.2000000e-002  7.8956069e-001
  5.3000000e-002  7.8805512e-001
  5.4000000e-002  7.8656378e-001
  5.5000000e-002  7.8508795e-001
  5.6000000e-002  7.8363017e-001
  5.7000000e-002  7.8218562e-001
  5.8000000e-002  7.8075311e-001
  5.9000000e-002  7.7933670e-001
  6.0000000e-002  7.7793474e-001
  6.1000000e-002  7.7654340e-001
  6.2000000e-002  7.7516458e-001
  6.3000000e-002  7.7380134e-001
  6.4000000e-002  7.7244756e-001
  6.5000000e-002  7.7110561e-001
  6.6000000e-002  7.6977651e-001
  6.7000000e-002  7.6845707e-001
  6.8000000e-002  7.6714946e-001
  6.9000000e-002  7.6585220e-001
  7.0000000e-002  7.6456494e-001
  7.1000000e-002  7.6328860e-001
  7.2000000e-002  7.6202107e-001
  7.3000000e-002  7.6076460e-001
  7.4000000e-002  7.5951619e-001
  7.5000000e-002  7.5827680e-001
  7.6000000e-002  7.5704876e-001
  7.7000000e-002  7.5582599e-001
  7.8000000e-002  7.5461534e-001
  7.9000000e-002  7.5341153e-001
  8.0000000e-002  7.5221474e-001
  8.1000000e-002  7.5102905e-001
  8.2000000e-002  7.4984750e-001
  8.3000000e-002  7.4867745e-001
  8.4000000e-002  7.4751282e-001
  8.5000000e-002  7.4635568e-001
  8.6000000e-002  7.4520723e-001
  8.7000000e-002  7.4406378e-001
  8.8000000e-002  7.4292975e-001
  8.9000000e-002  7.4180039e-001
  9.0000000e-002  7.4067945e-001
  9.1000000e-002  7.3956383e-001
  9.2000000e-002  7.3845541e-001
  9.3000000e-002  7.3735369e-001
  9.4000000e-002  7.3625813e-001
  9.5000000e-002  7.3516837e-001
  9.6000000e-002  7.3408526e-001
  9.7000000e-002  7.3300707e-001
  9.8000000e-002  7.3193602e-001
  9.9000000e-002  7.3086902e-001
  1.0000000e-001  7.2980963e-001
  1.0100000e-001  7.2875354e-001
  1.0200000e-001  7.2770537e-001
  1.0300000e-001  7.2666055e-001
  1.0400000e-001  7.2562254e-001
  1.0500000e-001  7.2458853e-001
  1.0600000e-001  7.2356048e-001
  1.0700000e-001  7.2253685e-001
  1.0800000e-001  7.2151853e-001
  1.0900000e-001  7.2050488e-001
  1.1000000e-001  7.1949608e-001
  1.1100000e-001  7.1849201e-001
  1.1200000e-001  7.1749253e-001
  1.1300000e-001  7.1649766e-001
  1.1400000e-001  7.1550731e-001
  1.1500000e-001  7.1452129e-001
  1.1600000e-001  7.1353987e-001
  1.1700000e-001  7.1256236e-001
  1.1800000e-001  7.1158968e-001
  1.1900000e-001  7.1062034e-001
  1.2000000e-001  7.0965623e-001
  1.2100000e-001  7.0869516e-001
  1.2200000e-001  7.0773903e-001
  1.2300000e-001  7.0678617e-001
  1.2400000e-001  7.0583760e-001
  1.2500000e-001  7.0489271e-001
  1.2600000e-001  7.0395149e-001
  1.2700000e-001  7.0301435e-001
  1.2800000e-001  7.0208027e-001
  1.2900000e-001  7.0115064e-001
  1.3000000e-001  7.0022351e-001
  1.3100000e-001  6.9930119e-001
  1.3200000e-001  6.9838118e-001
  1.3300000e-001  6.9746559e-001
  1.3400000e-001  6.9655306e-001
  1.3500000e-001  6.9564345e-001
  1.3600000e-001  6.9473826e-001
  1.3700000e-001  6.9383441e-001
  1.3800000e-001  6.9293640e-001
  1.3900000e-001  6.9203865e-001
  1.4000000e-001  6.9114714e-001
  1.4100000e-001  6.9025618e-001
  1.4200000e-001  6.8937014e-001
  1.4300000e-001  6.8848608e-001
  1.4400000e-001  6.8760506e-001
  1.4500000e-001  6.8672777e-001
  1.4600000e-001  6.8585160e-001
  1.4700000e-001  6.8498093e-001
  1.4800000e-001  6.8411034e-001
  1.4900000e-001  6.8324527e-001
  1.5000000e-001  6.8238111e-001
  1.5100000e-001  6.8152050e-001
  1.5200000e-001  6.8066271e-001
  1.5300000e-001  6.7980654e-001
  1.5400000e-001  6.7895478e-001
  1.5500000e-001  6.7810395e-001
  1.5600000e-001  6.7725706e-001
  1.5700000e-001  6.7641165e-001
  1.5800000e-001  6.7556930e-001
  1.5900000e-001  6.7472989e-001
  1.6000000e-001  6.7389233e-001
  1.6100000e-001  6.7305772e-001
  1.6200000e-001  6.7222504e-001
  1.6300000e-001  6.7139489e-001
  1.6400000e-001  6.7056715e-001
  1.6500000e-001  6.6974213e-001
  1.6600000e-001  6.6891910e-001
  1.6700000e-001  6.6809866e-001
  1.6800000e-001  6.6727983e-001
  1.6900000e-001  6.6646387e-001
  1.7000000e-001  6.6565015e-001
  1.7100000e-001  6.6483808e-001
  1.7200000e-001  6.6402921e-001
  1.7300000e-001  6.6322110e-001
  1.7400000e-001  6.6241643e-001
  1.7500000e-001  6.6161340e-001
  1.7600000e-001  6.6081171e-001
  1.7700000e-001  6.6001378e-001
  1.7800000e-001  6.5921595e-001
  1.7900000e-001  6.5842184e-001
  1.8000000e-001  6.5762910e-001
  1.8100000e-001  6.5683740e-001
  1.8200000e-001  6.5604967e-001
  1.8300000e-001  6.5526193e-001
  1.8400000e-001  6.5447746e-001
  1.8500000e-001  6.5369463e-001
  1.8600000e-001  6.5291234e-001
  1.8700000e-001  6.5213431e-001
  1.8800000e-001  6.5135629e-001
  1.8900000e-001  6.5058082e-001
  1.9000000e-001  6.4980752e-001
  1.9100000e-001  6.4903441e-001
  1.9200000e-001  6.4826534e-001
  1.9300000e-001  6.4749667e-001
  1.9400000e-001  6.4672960e-001
  1.9500000e-001  6.4596547e-001
  1.9600000e-001  6.4520134e-001
  1.9700000e-001  6.4444049e-001
  1.9800000e-001  6.4368082e-001
  1.9900000e-001  6.4292213e-001
  2.0000000e-001  6.4216630e-001
  2.0100000e-001  6.4141101e-001
  2.0200000e-001  6.4065766e-001
  2.0300000e-001  6.3990666e-001
  2.0400000e-001  6.3915622e-001
  2.0500000e-001  6.3840799e-001
  2.0600000e-001  6.3766119e-001
  2.0700000e-001  6.3691579e-001
  2.0800000e-001  6.3617221e-001
  2.0900000e-001  6.3542962e-001
  2.1000000e-001  6.3468904e-001
  2.1100000e-001  6.3394999e-001
  2.1200000e-001  6.3321219e-001
  2.1300000e-001  6.3247563e-001
  2.1400000e-001  6.3174099e-001
  2.1500000e-001  6.3100786e-001
  2.1600000e-001  6.3027561e-001
  2.1700000e-001  6.2954504e-001
  2.1800000e-001  6.2881629e-001
  2.1900000e-001  6.2808824e-001
  2.2000000e-001  6.2736212e-001
  2.2100000e-001  6.2663716e-001
  2.2200000e-001  6.2591322e-001
  2.2300000e-001  6.2519142e-001
  2.2400000e-001  6.2447019e-001
  2.2500000e-001  6.2375023e-001
  2.2600000e-001  6.2303264e-001
  2.2700000e-001  6.2231506e-001
  2.2800000e-001  6.2159949e-001
  2.2900000e-001  6.2088549e-001
  2.3000000e-001  6.2017149e-001
  2.3100000e-001  6.1946016e-001
  2.3200000e-001  6.1874968e-001
  2.3300000e-001  6.1803936e-001
  2.3400000e-001  6.1733197e-001
  2.3500000e-001  6.1662494e-001
  2.3600000e-001  6.1591830e-001
  2.3700000e-001  6.1521465e-001
  2.3800000e-001  6.1451101e-001
  2.3900000e-001  6.1380827e-001
  2.4000000e-001  6.1310794e-001
  2.4100000e-001  6.1240761e-001
  2.4200000e-001  6.1170865e-001
  2.4300000e-001  6.1101158e-001
  2.4400000e-001  6.1031451e-001
  2.4500000e-001  6.0961919e-001
  2.4600000e-001  6.0892532e-001
  2.4700000e-001  6.0823145e-001
  2.4800000e-001  6.0753966e-001
  2.4900000e-001  6.0684893e-001
  2.5000000e-001  6.0615824e-001
  2.5100000e-001  6.0546982e-001
  2.5200000e-001  6.0478216e-001
  2.5300000e-001  6.0409480e-001
  2.5400000e-001  6.0340944e-001
  2.5500000e-001  6.0272479e-001
  2.5600000e-001  6.0204066e-001
  2.5700000e-001  6.0135829e-001
  2.5800000e-001  6.0067660e-001
  2.5900000e-001  5.9999562e-001
  2.6000000e-001  5.9931615e-001
  2.6100000e-001  5.9863736e-001
  2.6200000e-001  5.9795945e-001
  2.6300000e-001  5.9728281e-001
  2.6400000e-001  5.9660687e-001
  2.6500000e-001  5.9593195e-001
  2.6600000e-001  5.9525807e-001
  2.6700000e-001  5.9458492e-001
  2.6800000e-001  5.9391291e-001
  2.6900000e-001  5.9324172e-001
  2.7000000e-001  5.9257130e-001
  2.7100000e-001  5.9190213e-001
  2.7200000e-001  5.9123357e-001
  2.7300000e-001  5.9056583e-001
  2.7400000e-001  5.8989942e-001
  2.7500000e-001  5.8923341e-001
  2.7600000e-001  5.8856835e-001
  2.7700000e-001  5.8790458e-001
  2.7800000e-001  5.8724107e-001
  2.7900000e-001  5.8657865e-001
  2.8000000e-001  5.8591743e-001
  2.8100000e-001  5.8525635e-001
  2.8200000e-001  5.8459652e-001
  2.8300000e-001  5.8393780e-001
  2.8400000e-001  5.8327909e-001
  2.8500000e-001  5.8262176e-001
  2.8600000e-001  5.8196549e-001
  2.8700000e-001  5.8130922e-001
  2.8800000e-001  5.8065422e-001
  2.8900000e-001  5.8000035e-001
  2.9000000e-001  5.7934648e-001
  2.9100000e-001  5.7869372e-001
  2.9200000e-001  5.7804220e-001
  2.9300000e-001  5.7739069e-001
  2.9400000e-001  5.7674009e-001
  2.9500000e-001  5.7609088e-001
  2.9600000e-001  5.7544167e-001
  2.9700000e-001  5.7479318e-001
  2.9800000e-001  5.7414623e-001
  2.9900000e-001  5.7349928e-001
  3.0000000e-001  5.7285283e-001
  3.0100000e-001  5.7220809e-001
  3.0200000e-001  5.7156335e-001
  3.0300000e-001  5.7091888e-001
  3.0400000e-001  5.7027631e-001
  3.0500000e-001  5.6963373e-001
  3.0600000e-001  5.6899122e-001
  3.0700000e-001  5.6835073e-001
  3.0800000e-001  5.6771027e-001
  3.0900000e-001  5.6706983e-001
  3.1000000e-001  5.6643122e-001
  3.1100000e-001  5.6579284e-001
  3.1200000e-001  5.6515446e-001
  3.1300000e-001  5.6451762e-001
  3.1400000e-001  5.6388127e-001
  3.1500000e-001  5.6324492e-001
  3.1600000e-001  5.6260980e-001
  3.1700000e-001  5.6197544e-001
  3.1800000e-001  5.6134108e-001
  3.1900000e-001  5.6070762e-001
  3.2000000e-001  5.6007521e-001
  3.2100000e-001  5.5944279e-001
  3.2200000e-001  5.5881105e-001
  3.2300000e-001  5.5818044e-001
  3.2400000e-001  5.5754992e-001
  3.2500000e-001  5.5691997e-001
  3.2600000e-001  5.5629101e-001
  3.2700000e-001  5.5566235e-001
  3.2800000e-001  5.5503414e-001
  3.2900000e-001  5.5440678e-001
  3.3000000e-001  5.5377994e-001
  3.3100000e-001  5.5315342e-001
  3.3200000e-001  5.5252763e-001
  3.3300000e-001  5.5190257e-001
  3.3400000e-001  5.5127770e-001
  3.3500000e-001  5.5065355e-001
  3.3600000e-001  5.5003012e-001
  3.3700000e-001  5.4940686e-001
  3.3800000e-001  5.4878442e-001
  3.3900000e-001  5.4816246e-001
  3.4000000e-001  5.4754084e-001
  3.4100000e-001  5.4692001e-001
  3.4200000e-001  5.4629949e-001
  3.4300000e-001  5.4567952e-001
  3.4400000e-001  5.4506020e-001
  3.4500000e-001  5.4444108e-001
  3.4600000e-001  5.4382273e-001
  3.4700000e-001  5.4320487e-001
  3.4800000e-001  5.4258735e-001
  3.4900000e-001  5.4197035e-001
  3.5000000e-001  5.4135392e-001
  3.5100000e-001  5.4073796e-001
  3.5200000e-001  5.4012228e-001
  3.5300000e-001  5.3950724e-001
  3.5400000e-001  5.3889280e-001
  3.5500000e-001  5.3827840e-001
  3.5600000e-001  5.3766471e-001
  3.5700000e-001  5.3705176e-001
  3.5800000e-001  5.3643880e-001
  3.5900000e-001  5.3582636e-001
  3.6000000e-001  5.3521473e-001
  3.6100000e-001  5.3460322e-001
  3.6200000e-001  5.3399199e-001
  3.6300000e-001  5.3338162e-001
  3.6400000e-001  5.3277153e-001
  3.6500000e-001  5.3216146e-001
  3.6600000e-001  5.3155233e-001
  3.6700000e-001  5.3094361e-001
  3.6800000e-001  5.3033488e-001
  3.6900000e-001  5.2972675e-001
  3.7000000e-001  5.2911936e-001
  3.7100000e-001  5.2851198e-001
  3.7200000e-001  5.2790480e-001
  3.7300000e-001  5.2729870e-001
  3.7400000e-001  5.2669262e-001
  3.7500000e-001  5.2608653e-001
  3.7600000e-001  5.2548153e-001
  3.7700000e-001  5.2487671e-001
  3.7800000e-001  5.2427189e-001
  3.7900000e-001  5.2366775e-001
  3.8000000e-001  5.2306416e-001
  3.8100000e-001  5.2246057e-001
  3.8200000e-001  5.2185727e-001
  3.8300000e-001  5.2125487e-001
  3.8400000e-001  5.2065248e-001
  3.8500000e-001  5.2005009e-001
  3.8600000e-001  5.1944877e-001
  3.8700000e-001  5.1884754e-001
  3.8800000e-001  5.1824631e-001
  3.8900000e-001  5.1764575e-001
  3.9000000e-001  5.1704564e-001
  3.9100000e-001  5.1644554e-001
  3.9200000e-001  5.1584573e-001
  3.9300000e-001  5.1524672e-001
  3.9400000e-001  5.1464771e-001
  3.9500000e-001  5.1404880e-001
  3.9600000e-001  5.1345067e-001
  3.9700000e-001  5.1285272e-001
  3.9800000e-001  5.1225477e-001
  3.9900000e-001  5.1165743e-001
  4.0000000e-001  5.1106050e-001
  4.0100000e-001  5.1046358e-001
  4.0200000e-001  5.0986698e-001
  4.0300000e-001  5.0927096e-001
  4.0400000e-001  5.0867503e-001
  4.0500000e-001  5.0807926e-001
  4.0600000e-001  5.0748402e-001
  4.0700000e-001  5.0688905e-001
  4.0800000e-001  5.0629409e-001
  4.0900000e-001  5.0569961e-001
  4.1000000e-001  5.0510555e-001
  4.1100000e-001  5.0451151e-001
  4.1200000e-001  5.0391781e-001
  4.1300000e-001  5.0332447e-001
  4.1400000e-001  5.0273132e-001
  4.1500000e-001  5.0213836e-001
  4.1600000e-001  5.0154571e-001
  4.1700000e-001  5.0095343e-001
  4.1800000e-001  5.0036118e-001
  4.1900000e-001  4.9976934e-001
  4.2000000e-001  4.9917775e-001
  4.2100000e-001  4.9858630e-001
  4.2200000e-001  4.9799517e-001
  4.2300000e-001  4.9740423e-001
  4.2400000e-001  4.9681357e-001
  4.2500000e-001  4.9622310e-001
  4.2600000e-001  4.9563285e-001
  4.2700000e-001  4.9504288e-001
  4.2800000e-001  4.9445304e-001
  4.2900000e-001  4.9386355e-001
  4.3000000e-001  4.9327416e-001
  4.3100000e-001  4.9268500e-001
  4.3200000e-001  4.9209615e-001
  4.3300000e-001  4.9150738e-001
  4.3400000e-001  4.9091888e-001
  4.3500000e-001  4.9033059e-001
  4.3600000e-001  4.8974251e-001
  4.3700000e-001  4.8915454e-001
  4.3800000e-001  4.8856680e-001
  4.3900000e-001  4.8797938e-001
  4.4000000e-001  4.8739195e-001
  4.4100000e-001  4.8680479e-001
  4.4200000e-001  4.8621791e-001
  4.4300000e-001  4.8563111e-001
  4.4400000e-001  4.8504444e-001
  4.4500000e-001  4.8445805e-001
  4.4600000e-001  4.8387184e-001
  4.4700000e-001  4.8328564e-001
  4.4800000e-001  4.8269971e-001
  4.4900000e-001  4.8211407e-001
  4.5000000e-001  4.8152843e-001
  4.5100000e-001  4.8094291e-001
  4.5200000e-001  4.8035773e-001
  4.5300000e-001  4.7977262e-001
  4.5400000e-001  4.7918752e-001
  4.5500000e-001  4.7860275e-001
  4.5600000e-001  4.7801815e-001
  4.5700000e-001  4.7743355e-001
  4.5800000e-001  4.7684906e-001
  4.5900000e-001  4.7626494e-001
  4.6000000e-001  4.7568081e-001
  4.6100000e-001  4.7509670e-001
  4.6200000e-001  4.7451293e-001
  4.6300000e-001  4.7392925e-001
  4.6400000e-001  4.7334557e-001
  4.6500000e-001  4.7276205e-001
  4.6600000e-001  4.7217878e-001
  4.6700000e-001  4.7159552e-001
  4.6800000e-001  4.7101226e-001
  4.6900000e-001  4.7042936e-001
  4.7000000e-001  4.6984647e-001
  4.7100000e-001  4.6926359e-001
  4.7200000e-001  4.6868090e-001
  4.7300000e-001  4.6809838e-001
  4.7400000e-001  4.6751585e-001
  4.7500000e-001  4.6693336e-001
  4.7600000e-001  4.6635116e-001
  4.7700000e-001  4.6576896e-001
  4.7800000e-001  4.6518676e-001
  4.7900000e-001  4.6460476e-001
  4.8000000e-001  4.6402285e-001
  4.8100000e-001  4.6344094e-001
  4.8200000e-001  4.6285911e-001
  4.8300000e-001  4.6227747e-001
  4.8400000e-001  4.6169583e-001
  4.8500000e-001  4.6111418e-001
  4.8600000e-001  4.6053274e-001
  4.8700000e-001  4.5995134e-001
  4.8800000e-001  4.5936993e-001
  4.8900000e-001  4.5878861e-001
  4.9000000e-001  4.5820742e-001
  4.9100000e-001  4.5762622e-001
  4.9200000e-001  4.5704505e-001
  4.9300000e-001  4.5646400e-001
  4.9400000e-001  4.5588298e-001
  4.9500000e-001  4.5530196e-001
  4.9600000e-001  4.5472103e-001
  4.9700000e-001  4.5414015e-001
  4.9800000e-001  4.5355928e-001
  4.9900000e-001  4.5297845e-001
  5.0000000e-001  4.5239768e-001
  5.0100000e-001  4.5181692e-001
  5.0200000e-001  4.5123617e-001
  5.0300000e-001  4.5065549e-001
  5.0400000e-001  4.5007483e-001
  5.0500000e-001  4.4949416e-001
  5.0600000e-001  4.4891353e-001
  5.0700000e-001  4.4833293e-001
  5.0800000e-001  4.4775232e-001
  5.0900000e-001  4.4717173e-001
  5.1000000e-001  4.4659117e-001
  5.1100000e-001  4.4601059e-001
  5.1200000e-001  4.4543002e-001
  5.1300000e-001  4.4484947e-001
  5.1400000e-001  4.4426890e-001
  5.1500000e-001  4.4368833e-001
  5.1600000e-001  4.4310776e-001
  5.1700000e-001  4.4252720e-001
  5.1800000e-001  4.4194660e-001
  5.1900000e-001  4.4136600e-001
  5.2000000e-001  4.4078540e-001
  5.2100000e-001  4.4020476e-001
  5.2200000e-001  4.3962410e-001
  5.2300000e-001  4.3904343e-001
  5.2400000e-001  4.3846275e-001
  5.2500000e-001  4.3788201e-001
  5.2600000e-001  4.3730125e-001
  5.2700000e-001  4.3672048e-001
  5.2800000e-001  4.3613965e-001
  5.2900000e-001  4.3555879e-001
  5.3000000e-001  4.3497789e-001
  5.3100000e-001  4.3439698e-001
  5.3200000e-001  4.3381597e-001
  5.3300000e-001  4.3323493e-001
  5.3400000e-001  4.3265387e-001
  5.3500000e-001  4.3207274e-001
  5.3600000e-001  4.3149154e-001
  5.3700000e-001  4.3091029e-001
  5.3800000e-001  4.3032902e-001
  5.3900000e-001  4.2974764e-001
  5.4000000e-001  4.2916619e-001
  5.4100000e-001  4.2858472e-001
  5.4200000e-001  4.2800316e-001
  5.4300000e-001  4.2742150e-001
  5.4400000e-001  4.2683978e-001
  5.4500000e-001  4.2625804e-001
  5.4600000e-001  4.2567616e-001
  5.4700000e-001  4.2509417e-001
  5.4800000e-001  4.2451217e-001
  5.4900000e-001  4.2393006e-001
  5.5000000e-001  4.2334781e-001
  5.5100000e-001  4.2276550e-001
  5.5200000e-001  4.2218317e-001
  5.5300000e-001  4.2160064e-001
  5.5400000e-001  4.2101800e-001
  5.5500000e-001  4.2043536e-001
  5.5600000e-001  4.1985259e-001
  5.5700000e-001  4.1926960e-001
  5.5800000e-001  4.1868660e-001
  5.5900000e-001  4.1810355e-001
  5.6000000e-001  4.1752024e-001
  5.6100000e-001  4.1693683e-001
  5.6200000e-001  4.1635343e-001
  5.6300000e-001  4.1576984e-001
  5.6400000e-001  4.1518601e-001
  5.6500000e-001  4.1460218e-001
  5.6600000e-001  4.1401830e-001
  5.6700000e-001  4.1343407e-001
  5.6800000e-001  4.1284978e-001
  5.6900000e-001  4.1226550e-001
  5.7000000e-001  4.1168093e-001
  5.7100000e-001  4.1109616e-001
  5.7200000e-001  4.1051139e-001
  5.7300000e-001  4.0992654e-001
  5.7400000e-001  4.0934125e-001
  5.7500000e-001  4.0875596e-001
  5.7600000e-001  4.0817067e-001
  5.7700000e-001  4.0758499e-001
  5.7800000e-001  4.0699915e-001
  5.7900000e-001  4.0641331e-001
  5.8000000e-001  4.0582730e-001
  5.8100000e-001  4.0524089e-001
  5.8200000e-001  4.0465447e-001
  5.8300000e-001  4.0406805e-001
  5.8400000e-001  4.0348110e-001
  5.8500000e-001  4.0289407e-001
  5.8600000e-001  4.0230705e-001
  5.8700000e-001  4.0171972e-001
  5.8800000e-001  4.0113206e-001
  5.8900000e-001  4.0054439e-001
  5.9000000e-001  3.9995668e-001
  5.9100000e-001  3.9936835e-001
  5.9200000e-001  3.9878002e-001
  5.9300000e-001  3.9819168e-001
  5.9400000e-001  3.9760288e-001
  5.9500000e-001  3.9701384e-001
  5.9600000e-001  3.9642481e-001
  5.9700000e-001  3.9583558e-001
  5.9800000e-001  3.9524580e-001
  5.9900000e-001  3.9465603e-001
  6.0000000e-001  3.9406622e-001
  6.0100000e-001  3.9347583e-001
  6.0200000e-001  3.9288529e-001
  6.0300000e-001  3.9229476e-001
  6.0400000e-001  3.9170384e-001
  6.0500000e-001  3.9111251e-001
  6.0600000e-001  3.9052117e-001
  6.0700000e-001  3.8992967e-001
  6.0800000e-001  3.8933760e-001
  6.0900000e-001  3.8874544e-001
  6.1000000e-001  3.8815323e-001
  6.1100000e-001  3.8756050e-001
  6.1200000e-001  3.8696748e-001
  6.1300000e-001  3.8637446e-001
  6.1400000e-001  3.8578111e-001
  6.1500000e-001  3.8518722e-001
  6.1600000e-001  3.8459330e-001
  6.1700000e-001  3.8399919e-001
  6.1800000e-001  3.8340457e-001
  6.1900000e-001  3.8280973e-001
  6.2000000e-001  3.8221483e-001
  6.2100000e-001  3.8161947e-001
  6.2200000e-001  3.8102367e-001
  6.2300000e-001  3.8042787e-001
  6.2400000e-001  3.7983168e-001
  6.2500000e-001  3.7923503e-001
  6.2600000e-001  3.7863824e-001
  6.2700000e-001  3.7804119e-001
  6.2800000e-001  3.7744374e-001
  6.2900000e-001  3.7684592e-001
  6.3000000e-001  3.7624799e-001
  6.3100000e-001  3.7564967e-001
  6.3200000e-001  3.7505083e-001
  6.3300000e-001  3.7445195e-001
  6.3400000e-001  3.7385259e-001
  6.3500000e-001  3.7325288e-001
  6.3600000e-001  3.7265291e-001
  6.3700000e-001  3.7205260e-001
  6.3800000e-001  3.7145199e-001
  6.3900000e-001  3.7085089e-001
  6.4000000e-001  3.7024960e-001
  6.4100000e-001  3.6964795e-001
  6.4200000e-001  3.6904581e-001
  6.4300000e-001  3.6844351e-001
  6.4400000e-001  3.6784068e-001
  6.4500000e-001  3.6723757e-001
  6.4600000e-001  3.6663411e-001
  6.4700000e-001  3.6603019e-001
  6.4800000e-001  3.6542609e-001
  6.4900000e-001  3.6482140e-001
  6.5000000e-001  3.6421639e-001
  6.5100000e-001  3.6361109e-001
  6.5200000e-001  3.6300531e-001
  6.5300000e-001  3.6239919e-001
  6.5400000e-001  3.6179261e-001
  6.5500000e-001  3.6118576e-001
  6.5600000e-001  3.6057849e-001
  6.5700000e-001  3.5997059e-001
  6.5800000e-001  3.5936264e-001
  6.5900000e-001  3.5875404e-001
  6.6000000e-001  3.5814494e-001
  6.6100000e-001  3.5753568e-001
  6.6200000e-001  3.5692589e-001
  6.6300000e-001  3.5631556e-001
  6.6400000e-001  3.5570491e-001
  6.6500000e-001  3.5509395e-001
  6.6600000e-001  3.5448236e-001
  6.6700000e-001  3.5387027e-001
  6.6800000e-001  3.5325810e-001
  6.6900000e-001  3.5264522e-001
  6.7000000e-001  3.5203166e-001
  6.7100000e-001  3.5141811e-001
  6.7200000e-001  3.5080393e-001
  6.7300000e-001  3.5018898e-001
  6.7400000e-001  3.4957392e-001
  6.7500000e-001  3.4895844e-001
  6.7600000e-001  3.4834211e-001
  6.7700000e-001  3.4772551e-001
  6.7800000e-001  3.4710871e-001
  6.7900000e-001  3.4649096e-001
  6.8000000e-001  3.4587277e-001
  6.8100000e-001  3.4525457e-001
  6.8200000e-001  3.4463540e-001
  6.8300000e-001  3.4401559e-001
  6.8400000e-001  3.4339577e-001
  6.8500000e-001  3.4277533e-001
  6.8600000e-001  3.4215385e-001
  6.8700000e-001  3.4153237e-001
  6.8800000e-001  3.4091051e-001
  6.8900000e-001  3.4028744e-001
  6.9000000e-001  3.3966426e-001
  6.9100000e-001  3.3904091e-001
  6.9200000e-001  3.3841624e-001
  6.9300000e-001  3.3779132e-001
  6.9400000e-001  3.3716639e-001
  6.9500000e-001  3.3654013e-001
  6.9600000e-001  3.3591342e-001
  6.9700000e-001  3.3528670e-001
  6.9800000e-001  3.3465899e-001
  6.9900000e-001  3.3403044e-001
  7.0000000e-001  3.3340190e-001
  7.0100000e-001  3.3277268e-001
  7.0200000e-001  3.3214226e-001
  7.0300000e-001  3.3151185e-001
  7.0400000e-001  3.3088107e-001
  7.0500000e-001  3.3024875e-001
  7.0600000e-001  3.2961642e-001
  7.0700000e-001  3.2898401e-001
  7.0800000e-001  3.2834976e-001
  7.0900000e-001  3.2771548e-001
  7.1000000e-001  3.2708120e-001
  7.1100000e-001  3.2644517e-001
  7.1200000e-001  3.2580889e-001
  7.1300000e-001  3.2517260e-001
  7.1400000e-001  3.2453483e-001
  7.1500000e-001  3.2389651e-001
  7.1600000e-001  3.2325818e-001
  7.1700000e-001  3.2261861e-001
  7.1800000e-001  3.2197819e-001
  7.1900000e-001  3.2133777e-001
  7.2000000e-001  3.2069635e-001
  7.2100000e-001  3.2005380e-001
  7.2200000e-001  3.1941125e-001
  7.2300000e-001  3.1876791e-001
  7.2400000e-001  3.1812318e-001
  7.2500000e-001  3.1747844e-001
  7.2600000e-001  3.1683314e-001
  7.2700000e-001  3.1618617e-001
  7.2800000e-001  3.1553921e-001
  7.2900000e-001  3.1489185e-001
  7.3000000e-001  3.1424263e-001
  7.3100000e-001  3.1359338e-001
  7.3200000e-001  3.1294380e-001
  7.3300000e-001  3.1229238e-001
  7.3400000e-001  3.1164081e-001
  7.3500000e-001  3.1098893e-001
  7.3600000e-001  3.1033527e-001
  7.3700000e-001  3.0968132e-001
  7.3800000e-001  3.0902709e-001
  7.3900000e-001  3.0837112e-001
  7.4000000e-001  3.0771474e-001
  7.4100000e-001  3.0705810e-001
  7.4200000e-001  3.0639976e-001
  7.4300000e-001  3.0574090e-001
  7.4400000e-001  3.0508179e-001
  7.4500000e-001  3.0442101e-001
  7.4600000e-001  3.0375963e-001
  7.4700000e-001  3.0309797e-001
  7.4800000e-001  3.0243469e-001
  7.4900000e-001  3.0177073e-001
  7.5000000e-001  3.0110646e-001
  7.5100000e-001  3.0044062e-001
  7.5200000e-001  2.9977401e-001
  7.5300000e-001  2.9910706e-001
  7.5400000e-001  2.9843859e-001
  7.5500000e-001  2.9776930e-001
  7.5600000e-001  2.9709960e-001
  7.5700000e-001  2.9642842e-001
  7.5800000e-001  2.9575638e-001
  7.5900000e-001  2.9508385e-001
  7.6000000e-001  2.9440989e-001
  7.6100000e-001  2.9373505e-001
  7.6200000e-001  2.9305962e-001
  7.6300000e-001  2.9238281e-001
  7.6400000e-001  2.9170511e-001
  7.6500000e-001  2.9102670e-001
  7.6600000e-001  2.9034696e-001
  7.6700000e-001  2.8966634e-001
  7.6800000e-001  2.8898487e-001
  7.6900000e-001  2.8830212e-001
  7.7000000e-001  2.8761852e-001
  7.7100000e-001  2.8693391e-001
  7.7200000e-001  2.8624806e-001
  7.7300000e-001  2.8556142e-001
  7.7400000e-001  2.8487358e-001
  7.7500000e-001  2.8418455e-001
  7.7600000e-001  2.8349481e-001
  7.7700000e-001  2.8280365e-001
  7.7800000e-001  2.8211135e-001
  7.7900000e-001  2.8141836e-001
  7.8000000e-001  2.8072388e-001
  7.8100000e-001  2.8002822e-001
  7.8200000e-001  2.7933176e-001
  7.8300000e-001  2.7863403e-001
  7.8400000e-001  2.7793491e-001
  7.8500000e-001  2.7723488e-001
  7.8600000e-001  2.7653382e-001
  7.8700000e-001  2.7583116e-001
  7.8800000e-001  2.7512746e-001
  7.8900000e-001  2.7442289e-001
  7.9000000e-001  2.7371670e-001
  7.9100000e-001  2.7300923e-001
  7.9200000e-001  2.7230094e-001
  7.9300000e-001  2.7159125e-001
  7.9400000e-001  2.7087990e-001
  7.9500000e-001  2.7016779e-001
  7.9600000e-001  2.6945424e-001
  7.9700000e-001  2.6873920e-001
  7.9800000e-001  2.6802315e-001
  7.9900000e-001  2.6730554e-001
  8.0000000e-001  2.6658683e-001
  8.0100000e-001  2.6586673e-001
  8.0200000e-001  2.6514494e-001
  8.0300000e-001  2.6442248e-001
  8.0400000e-001  2.6369822e-001
  8.0500000e-001  2.6297213e-001
  8.0600000e-001  2.6224554e-001
  8.0700000e-001  2.6151696e-001
  8.0800000e-001  2.6078678e-001
  8.0900000e-001  2.6005582e-001
  8.1000000e-001  2.5932273e-001
  8.1100000e-001  2.5858858e-001
  8.1200000e-001  2.5785311e-001
  8.1300000e-001  2.5711537e-001
  8.1400000e-001  2.5637716e-001
  8.1500000e-001  2.5563690e-001
  8.1600000e-001  2.5489455e-001
  8.1700000e-001  2.5415180e-001
  8.1800000e-001  2.5340646e-001
  8.1900000e-001  2.5265988e-001
  8.2000000e-001  2.5191226e-001
  8.2100000e-001  2.5116190e-001
  8.2200000e-001  2.5041101e-001
  8.2300000e-001  2.4965811e-001
  8.2400000e-001  2.4890283e-001
  8.2500000e-001  2.4814728e-001
  8.2600000e-001  2.4738864e-001
  8.2700000e-001  2.4662887e-001
  8.2800000e-001  2.4586803e-001
  8.2900000e-001  2.4510394e-001
  8.3000000e-001  2.4433960e-001
  8.3100000e-001  2.4357263e-001
  8.3200000e-001  2.4280361e-001
  8.3300000e-001  2.4203412e-001
  8.3400000e-001  2.4126100e-001
  8.3500000e-001  2.4048722e-001
  8.3600000e-001  2.3971161e-001
  8.3700000e-001  2.3893296e-001
  8.3800000e-001  2.3815430e-001
  8.3900000e-001  2.3737165e-001
  8.4000000e-001  2.3658803e-001
  8.4100000e-001  2.3580313e-001
  8.4200000e-001  2.3501444e-001
  8.4300000e-001  2.3422575e-001
  8.4400000e-001  2.3343336e-001
  8.4500000e-001  2.3263949e-001
  8.4600000e-001  2.3184459e-001
  8.4700000e-001  2.3104544e-001
  8.4800000e-001  2.3024629e-001
  8.4900000e-001  2.2944340e-001
  8.5000000e-001  2.2863885e-001
  8.5100000e-001  2.2783317e-001
  8.5200000e-001  2.2702312e-001
  8.5300000e-001  2.2621306e-001
  8.5400000e-001  2.2539886e-001
  8.5500000e-001  2.2458318e-001
  8.5600000e-001  2.2376587e-001
  8.5700000e-001  2.2294445e-001
  8.5800000e-001  2.2212303e-001
  8.5900000e-001  2.2129661e-001
  8.6000000e-001  2.2046933e-001
  8.6100000e-001  2.1963945e-001
  8.6200000e-001  2.1880617e-001
  8.6300000e-001  2.1797269e-001
  8.6400000e-001  2.1713329e-001
  8.6500000e-001  2.1629389e-001
  8.6600000e-001  2.1545042e-001
  8.6700000e-001  2.1460477e-001
  8.6800000e-001  2.1375730e-001
  8.6900000e-001  2.1290525e-001
  8.7000000e-001  2.1205321e-001
  8.7100000e-001  2.1119504e-001
  8.7200000e-001  2.1033647e-001
  8.7300000e-001  2.0947384e-001
  8.7400000e-001  2.0860859e-001
  8.7500000e-001  2.0774133e-001
  8.7600000e-001  2.0686926e-001
  8.7700000e-001  2.0599684e-001
  8.7800000e-001  2.0511813e-001
  8.7900000e-001  2.0423908e-001
  8.8000000e-001  2.0335486e-001
  8.8100000e-001  2.0246868e-001
  8.8200000e-001  2.0157908e-001
  8.8300000e-001  2.0068561e-001
  8.8400000e-001  1.9979043e-001
  8.8500000e-001  1.9888950e-001
  8.8600000e-001  1.9798795e-001
  8.8700000e-001  1.9707994e-001
  8.8800000e-001  1.9617139e-001
  8.8900000e-001  1.9525652e-001
  8.9000000e-001  1.9434017e-001
  8.9100000e-001  1.9341881e-001
  8.9200000e-001  1.9249447e-001
  8.9300000e-001  1.9156635e-001
  8.9400000e-001  1.9063384e-001
  8.9500000e-001  1.8969867e-001
  8.9600000e-001  1.8875779e-001
  8.9700000e-001  1.8781518e-001
  8.9800000e-001  1.8686584e-001
  8.9900000e-001  1.8591504e-001
  9.0000000e-001  1.8495745e-001
  9.0100000e-001  1.8399819e-001
  9.0200000e-001  1.8303209e-001
  9.0300000e-001  1.8206408e-001
  9.0400000e-001  1.8108917e-001
  9.0500000e-001  1.8011213e-001
  9.0600000e-001  1.7912811e-001
  9.0700000e-001  1.7814172e-001
  9.0800000e-001  1.7714828e-001
  9.0900000e-001  1.7615222e-001
  9.1000000e-001  1.7514902e-001
  9.1100000e-001  1.7414295e-001
  9.1200000e-001  1.7312966e-001
  9.1300000e-001  1.7211323e-001
  9.1400000e-001  1.7108947e-001
  9.1500000e-001  1.7006230e-001
  9.1600000e-001  1.6902770e-001
  9.1700000e-001  1.6798941e-001
  9.1800000e-001  1.6694357e-001
  9.1900000e-001  1.6589374e-001
  9.2000000e-001  1.6483624e-001
  9.2100000e-001  1.6377444e-001
  9.2200000e-001  1.6270484e-001
  9.2300000e-001  1.6163057e-001
  9.2400000e-001  1.6054846e-001
  9.2500000e-001  1.5946041e-001
  9.2600000e-001  1.5836609e-001
  9.2700000e-001  1.5726362e-001
  9.2800000e-001  1.5615555e-001
  9.2900000e-001  1.5503916e-001
  9.3000000e-001  1.5391680e-001
  9.3100000e-001  1.5278592e-001
  9.3200000e-001  1.5164870e-001
  9.3300000e-001  1.5050274e-001
  9.3400000e-001  1.4934865e-001
  9.3500000e-001  1.4818693e-001
  9.3600000e-001  1.4701616e-001
  9.3700000e-001  1.4583785e-001
  9.3800000e-001  1.4465024e-001
  9.3900000e-001  1.4345405e-001
  9.4000000e-001  1.4224815e-001
  9.4100000e-001  1.4103256e-001
  9.4200000e-001  1.3980807e-001
  9.4300000e-001  1.3857357e-001
  9.4400000e-001  1.3732838e-001
  9.4500000e-001  1.3607265e-001
  9.4600000e-001  1.3480640e-001
  9.4700000e-001  1.3352972e-001
  9.4800000e-001  1.3224032e-001
  9.4900000e-001  1.3093962e-001
  9.5000000e-001  1.2962736e-001
  9.5100000e-001  1.2830199e-001
  9.5200000e-001  1.2696379e-001
  9.5300000e-001  1.2561279e-001
  9.5400000e-001  1.2424735e-001
  9.5500000e-001  1.2286822e-001
  9.5600000e-001  1.2147494e-001
  9.5700000e-001  1.2006472e-001
  9.5800000e-001  1.1864078e-001
  9.5900000e-001  1.1719931e-001
  9.6000000e-001  1.1574077e-001
  9.6100000e-001  1.1426509e-001
  9.6200000e-001  1.1277175e-001
  9.6300000e-001  1.1125896e-001
  9.6400000e-001  1.0972550e-001
  9.6500000e-001  1.0817193e-001
  9.6600000e-001  1.0659850e-001
  9.6700000e-001  1.0500052e-001
  9.6800000e-001  1.0338034e-001
  9.6900000e-001  1.0173328e-001
  9.7000000e-001  1.0006144e-001
  9.7100000e-001  9.8363322e-002
  9.7200000e-001  9.6637294e-002
  9.7300000e-001  9.4879203e-002
  9.7400000e-001  9.3089725e-002
  9.7500000e-001  9.1266801e-002
  9.7600000e-001  8.9407403e-002
  9.7700000e-001  8.7509399e-002
  9.7800000e-001  8.5570954e-002
  9.7900000e-001  8.3589180e-002
  9.8000000e-001  8.1560906e-002
  9.8100000e-001  7.9482641e-002
  9.8200000e-001  7.7350533e-002
  9.8300000e-001  7.5158520e-002
  9.8400000e-001  7.2902085e-002
  9.8500000e-001  7.0574605e-002
  9.8600000e-001  6.8167831e-002
  9.8700000e-001  6.5677458e-002
  9.8800000e-001  6.3092875e-002
  9.8900000e-001  6.0394189e-002
  9.9000000e-001  5.7573968e-002
  9.9100000e-001  5.4611862e-002
  9.9200000e-001  5.1478939e-002
  9.9300000e-001  4.8143377e-002
  9.9400000e-001  4.4567474e-002
  9.9500000e-001  4.0679205e-002
  9.9600000e-001  3.6374450e-002
  9.9700000e-001  3.1496926e-002
  9.9800000e-001  2.5709065e-002
  9.9900000e-001  1.8171171e-002
  1.0000000e+000  0.0000000e+000
