1981      01    01     455
1981      01    02     440
1981      01    03     470
1981      01    04     550
1981      01    05     555
1981      01    06     565
1981      01    07     615
1981      01    08     655
1981      01    09     700
1981      01    10     720
1981      01    11     740
1981      01    12     655
1981      01    13     595
1981      01    14     540
1981      01    15     555
1981      01    16     610
1981      01    17     570
1981      01    18     570
1981      01    19     580
1981      01    20     590
1981      01    21     610
1981      01    22     625
1981      01    23     630
1981      01    24     635
1981      01    25     620
1981      01    26     585
1981      01    27     540
1981      01    28     490
1981      01    29     460
1981      01    30     430
1981      01    31     410
1981      02    01     385
1981      02    02     360
1981      02    03     350
1981      02    04     380
1981      02    05     380
1981      02    06     375
1981      02    07     395
1981      02    08     470
1981      02    09     525
1981      02    10     565
1981      02    11     630
1981      02    12     695
1981      02    13     805
1981      02    14     790
1981      02    15     740
1981      02    16     675
1981      02    17     615
1981      02    18     545
1981      02    19     490
1981      02    20     455
1981      02    21     415
1981      02    22     385
1981      02    23     360
1981      02    24     340
1981      02    25     330
1981      02    26     315
1981      02    27     305
1981      02    28     295
1981      03    01     300
1981      03    02     305
1981      03    03     320
1981      03    04     325
1981      03    05     330
1981      03    06     325
1981      03    07     335
1981      03    08     350
1981      03    09     370
1981      03    10     425
1981      03    11     550
1981      03    12     660
1981      03    13     915
1981      03    14    1015
1981      03    15    1045
1981      03    16    1045
1981      03    17    1005
1981      03    18    1000
1981      03    19     990
1981      03    20     920
1981      03    21     870
1981      03    22     790
1981      03    23     715
1981      03    24     665
1981      03    25     635
1981      03    26     615
1981      03    27     635
1981      03    28     625
1981      03    29     625
1981      03    30     635
1981      03    31     650
1981      04    01     655
1981      04    02     635
1981      04    03     610
1981      04    04     575
1981      04    05     555
1981      04    06     530
1981      04    07     510
1981      04    08     495
1981      04    09     480
1981      04    10     470
1981      04    11     460
1981      04    12     455
1981      04    13     445
1981      04    14     425
1981      04    15     415
1981      04    16     410
1981      04    17     400
1981      04    18     385
1981      04    19     380
1981      04    20     375
1981      04    21     365
1981      04    22     360
1981      04    23     355
1981      04    24     345
1981      04    25     330
1981      04    26     325
1981      04    27     315
1981      04    28     310
1981      04    29     300
1981      04    30     305
1981      05    01     340
1981      05    02     375
1981      05    03     385
1981      05    04     380
1981      05    05     390
1981      05    06     385
1981      05    07     380
1981      05    08     380
1981      05    09     365
1981      05    10     355
1981      05    11     350
1981      05    12     335
1981      05    13     330
1981      05    14     325
1981      05    15     315
1981      05    16     310
1981      05    17     305
1981      05    18     300
1981      05    19     300
1981      05    20     295
1981      05    21     290
1981      05    22     295
1981      05    23     285
1981      05    24     280
1981      05    25     280
1981      05    26     285
1981      05    27     285
1981      05    28     285
1981      05    29     285
1981      05    30     290
1981      05    31     330
1981      06    01     390
1981      06    02     425
1981      06    03     425
1981      06    04     415
1981      06    05     400
1981      06    06     405
1981      06    07     440
1981      06    08     475
1981      06    09     480
1981      06    10     455
1981      06    11     415
1981      06    12     390
1981      06    13     375
1981      06    14     370
1981      06    15     370
1981      06    16     360
1981      06    17     345
1981      06    18     340
1981      06    19     330
1981      06    20     325
1981      06    21     320
1981      06    22     315
1981      06    23     305
1981      06    24     300
1981      06    25     300
1981      06    26     295
1981      06    27     300
1981      06    28     295
1981      06    29     300
1981      06    30     390
1981      07    01     430
1981      07    02     440
1981      07    03     435
1981      07    04     415
1981      07    05     390
1981      07    06     360
1981      07    07     335
1981      07    08     320
1981      07    09     315
1981      07    10     305
1981      07    11     315
1981      07    12     355
1981      07    13     330
1981      07    14     315
1981      07    15     310
1981      07    16     300
1981      07    17     310
1981      07    18     310
1981      07    19     310
1981      07    20     300
1981      07    21     295
1981      07    22     300
1981      07    23     305
1981      07    24     325
1981      07    25     365
1981      07    26     410
1981      07    27     445
1981      07    28     440
1981      07    29     425
1981      07    30     425
1981      07    31     430
1981      08    01     435
1981      08    02     425
1981      08    03     410
1981      08    04     405
1981      08    05     390
1981      08    06     380
1981      08    07     360
1981      08    08     350
1981      08    09     335
1981      08    10     320
1981      08    11     315
1981      08    12     320
1981      08    13     375
1981      08    14     450
1981      08    15     475
1981      08    16     460
1981      08    17     425
1981      08    18     385
1981      08    19     355
1981      08    20     330
1981      08    21     325
1981      08    22     315
1981      08    23     315
1981      08    24     310
1981      08    25     300
1981      08    26     300
1981      08    27     300
1981      08    28     295
1981      08    29     290
1981      08    30     285
1981      08    31     285
1981      09    01     285
1981      09    02     280
1981      09    03     280
1981      09    04     275
1981      09    05     280
1981      09    06     280
1981      09    07     285
1981      09    08     280
1981      09    09     280
1981      09    10     275
1981      09    11     275
1981      09    12     275
1981      09    13     275
1981      09    14     285
1981      09    15     285
1981      09    16     285
1981      09    17     280
1981      09    18     275
1981      09    19     285
1981      09    20     280
1981      09    21     285
1981      09    22     285
1981      09    23     285
1981      09    24     285
1981      09    25     285
1981      09    26     290
1981      09    27     295
1981      09    28     295
1981      09    29     295
1981      09    30     285
1981      10    01     285
1981      10    02     285
1981      10    03     295
1981      10    04     315
1981      10    05     355
1981      10    06     365
1981      10    07     370
1981      10    08     375
1981      10    09     380
1981      10    10     385
1981      10    11     380
1981      10    12     375
1981      10    13     380
1981      10    14     420
1981      10    15     475
1981      10    16     505
1981      10    17     520
1981      10    18     545
1981      10    19     595
1981      10    20     655
1981      10    21     735
1981      10    22     830
1981      10    23     810
1981      10    24     765
1981      10    25     710
1981      10    26     680
1981      10    27     650
1981      10    28     635
1981      10    29     615
1981      10    30     600
1981      10    31     595
1981      11    01     575
1981      11    02     565
1981      11    03     565
1981      11    04     575
1981      11    05     600
1981      11    06     620
1981      11    07     610
1981      11    08     585
1981      11    09     550
1981      11    10     515
1981      11    11     480
1981      11    12     460
1981      11    13     440
1981      11    14     420
1981      11    15     405
1981      11    16     390
1981      11    17     375
1981      11    18     370
1981      11    19     365
1981      11    20     365
1981      11    21     375
1981      11    22     365
1981      11    23     370
1981      11    24     385
1981      11    25     405
1981      11    26     400
1981      11    27     420
1981      11    28     430
1981      11    29     455
1981      11    30     485
1981      12    01     530
1981      12    02     580
1981      12    03     610
1981      12    04     645
1981      12    05     795
1981      12    06     900
1981      12    07     900
1981      12    08     895
1981      12    09     875
1981      12    10     830
1981      12    11     805
1981      12    12     880
1981      12    13     920
1981      12    14     940
1981      12    15     935
1981      12    16     925
1981      12    17     925
1981      12    18     895
1981      12    19     875
1981      12    20     845
1981      12    21     850
1981      12    22     850
1981      12    23     830
1981      12    24     785
1981      12    25     730
1981      12    26     680
1981      12    27     640
1981      12    28     620
1981      12    29     620
1981      12    30     610
1981      12    31     630
1982      01    01     645
1982      01    02     660
1982      01    03     730
1982      01    04     912
1982      01    05    1005
1982      01    06    1091
1982      01    07    1140
1982      01    08    1064
1982      01    09    1070
1982      01    10    1133
1982      01    11    1167
1982      01    12    1133
1982      01    13    1046
1982      01    14     968
1982      01    15     907
1982      01    16     866
1982      01    17     831
1982      01    18     788
1982      01    19     737
1982      01    20     694
1982      01    21     650
1982      01    22     608
1982      01    23     574
1982      01    24     542
1982      01    25     515
1982      01    26     496
1982      01    27     506
1982      01    28     505
1982      01    29     486
1982      01    30     503
1982      01    31     552
1982      02    01     614
1982      02    02     660
1982      02    03     788
1982      02    04     912
1982      02    05     979
1982      02    06     989
1982      02    07     927
1982      02    08     840
1982      02    09     758
1982      02    10     685
1982      02    11     631
1982      02    12     599
1982      02    13     574
1982      02    14     552
1982      02    15     529
1982      02    16     512
1982      02    17     491
1982      02    18     474
1982      02    19     457
1982      02    20     441
1982      02    21     422
1982      02    22     404
1982      02    23     388
1982      02    24     372
1982      02    25     363
1982      02    26     351
1982      02    27     342
1982      02    28     338
1982      03    01     334
1982      03    02     345
1982      03    03     354
1982      03    04     404
1982      03    05     426
1982      03    06     446
1982      03    07     464
1982      03    08     471
1982      03    09     457
1982      03    10     433
1982      03    11     431
1982      03    12     442
1982      03    13     438
1982      03    14     446
1982      03    15     462
1982      03    16     486
1982      03    17     496
1982      03    18     496
1982      03    19     472
1982      03    20     459
1982      03    21     455
1982      03    22     460
1982      03    23     459
1982      03    24     459
1982      03    25     459
1982      03    26     446
1982      03    27     428
1982      03    28     408
1982      03    29     388
1982      03    30     370
1982      03    31     356
1982      04    01     345
1982      04    02     336
1982      04    03     346
1982      04    04     362
1982      04    05     364
1982      04    06     357
1982      04    07     354
1982      04    08     356
1982      04    09     374
1982      04    10     369
1982      04    11     400
1982      04    12     434
1982      04    13     459
1982      04    14     466
1982      04    15     455
1982      04    16     428
1982      04    17     410
1982      04    18     392
1982      04    19     370
1982      04    20     348
1982      04    21     330
1982      04    22     318
1982      04    23     306
1982      04    24     303
1982      04    25     297
1982      04    26     293
1982      04    27     293
1982      04    28     289
1982      04    29     283
1982      04    30     292
1982      05    01     289
1982      05    02     290
1982      05    03     283
1982      05    04     282
1982      05    05     287
1982      05    06     292
1982      05    07     297
1982      05    08     306
1982      05    09     308
1982      05    10     324
1982      05    11     336
1982      05    12     339
1982      05    13     339
1982      05    14     332
1982      05    15     330
1982      05    16     320
1982      05    17     308
1982      05    18     297
1982      05    19     290
1982      05    20     290
1982      05    21     296
1982      05    22     296
1982      05    23     300
1982      05    24     309
1982      05    25     316
1982      05    26     327
1982      05    27     339
1982      05    28     348
1982      05    29     350
1982      05    30     346
1982      05    31     339
1982      06    01     333
1982      06    02     324
1982      06    03     318
1982      06    04     309
1982      06    05     306
1982      06    06     306
1982      06    07     310
1982      06    08     318
1982      06    09     322
1982      06    10     327
1982      06    11     330
1982      06    12     338
1982      06    13     345
1982      06    14     348
1982      06    15     350
1982      06    16     352
1982      06    17     357
1982      06    18     362
1982      06    19     368
1982      06    20     386
1982      06    21     392
1982      06    22     396
1982      06    23     406
1982      06    24     405
1982      06    25     396
1982      06    26     390
1982      06    27     398
1982      06    28     410
1982      06    29     420
1982      06    30     426
1982      07    01     428
1982      07    02     431
1982      07    03     438
1982      07    04     441
1982      07    05     442
1982      07    06     436
1982      07    07     426
1982      07    08     416
1982      07    09     402
1982      07    10     386
1982      07    11     374
1982      07    12     360
1982      07    13     344
1982      07    14     332
1982      07    15     322
1982      07    16     310
1982      07    17     302
1982      07    18     296
1982      07    19     289
1982      07    20     282
1982      07    21     277
1982      07    22     276
1982      07    23     274
1982      07    24     274
1982      07    25     277
1982      07    26     274
1982      07    27     270
1982      07    28     272
1982      07    29     287
1982      07    30     320
1982      07    31     356
1982      08    01     374
1982      08    02     372
1982      08    03     356
1982      08    04     338
1982      08    05     321
1982      08    06     312
1982      08    07     309
1982      08    08     309
1982      08    09     316
1982      08    10     330
1982      08    11     350
1982      08    12     360
1982      08    13     360
1982      08    14     348
1982      08    15     333
1982      08    16     321
1982      08    17     302
1982      08    18     290
1982      08    19     284
1982      08    20     277
1982      08    21     287
1982      08    22     289
1982      08    23     297
1982      08    24     299
1982      08    25     299
1982      08    26     303
1982      08    27     304
1982      08    28     303
1982      08    29     297
1982      08    30     287
1982      08    31     282
1982      09    01     283
1982      09    02     280
1982      09    03     277
1982      09    04     274
1982      09    05     278
1982      09    06     277
1982      09    07     277
1982      09    08     274
1982      09    09     271
1982      09    10     271
1982      09    11     272
1982      09    12     276
1982      09    13     276
1982      09    14     274
1982      09    15     271
1982      09    16     270
1982      09    17     268
1982      09    18     268
1982      09    19     272
1982      09    20     272
1982      09    21     270
1982      09    22     274
1982      09    23     272
1982      09    24     268
1982      09    25     267
1982      09    26     271
1982      09    27     270
1982      09    28     270
1982      09    29     270
1982      09    30     267
1982      10    01     272
1982      10    02     271
1982      10    03     271
1982      10    04     270
1982      10    05     271
1982      10    06     270
1982      10    07     277
1982      10    08     278
1982      10    09     276
1982      10    10     282
1982      10    11     350
1982      10    12     399
1982      10    13     393
1982      10    14     376
1982      10    15     382
1982      10    16     399
1982      10    17     449
1982      10    18     518
1982      10    19     552
1982      10    20     558
1982      10    21     529
1982      10    22     483
1982      10    23     442
1982      10    24     414
1982      10    25     386
1982      10    26     380
1982      10    27     384
1982      10    28     382
1982      10    29     381
1982      10    30     375
1982      10    31     362
1982      11    01     344
1982      11    02     326
1982      11    03     306
1982      11    04     289
1982      11    05     277
1982      11    06     270
1982      11    07     267
1982      11    08     270
1982      11    09     268
1982      11    10     268
1982      11    11     267
1982      11    12     265
1982      11    13     270
1982      11    14     272
1982      11    15     272
1982      11    16     277
1982      11    17     287
1982      11    18     309
1982      11    19     334
1982      11    20     348
1982      11    21     356
1982      11    22     378
1982      11    23     412
1982      11    24     425
1982      11    25     411
1982      11    26     392
1982      11    27     375
1982      11    28     360
1982      11    29     340
1982      11    30     227
1982      12    01     321
1982      12    02     322
1982      12    03     312
1982      12    04     296
1982      12    05     283
1982      12    06     284
1982      12    07     290
1982      12    08     292
1982      12    09     292
1982      12    10     308
1982      12    11     336
1982      12    12     378
1982      12    13     434
1982      12    14     505
1982      12    15     547
1982      12    16     584
1982      12    17     599
1982      12    18     593
1982      12    19     578
1982      12    20     599
1982      12    21     662
1982      12    22     786
1982      12    23     898
1982      12    24     938
1982      12    25     979
1982      12    26     979
1982      12    27     938
1982      12    28     866
1982      12    29     784
1982      12    30     704
1982      12    31     643
1983      01    01     595
1983      01    02     556
1983      01    03     522
1983      01    04     510
1983      01    05     547
1983      01    06     534
1983      01    07     531
1983      01    08     538
1983      01    09     569
1983      01    10     601
1983      01    11     629
1983      01    12     631
1983      01    13     612
1983      01    14     584
1983      01    15     567
1983      01    16     585
1983      01    17     584
1983      01    18     580
1983      01    19     606
1983      01    20     640
1983      01    21     667
1983      01    22     667
1983      01    23     633
1983      01    24     591
1983      01    25     552
1983      01    26     517
1983      01    27     491
1983      01    28     469
1983      01    29     455
1983      01    30     452
1983      01    31     450
1983      02    01     479
1983      02    02     595
1983      02    03     633
1983      02    04     675
1983      02    05     755
1983      02    06     861
1983      02    07     884
1983      02    08     831
1983      02    09     762
1983      02    10     699
1983      02    11     662
1983      02    12     631
1983      02    13     589
1983      02    14     540
1983      02    15     503
1983      02    16     462
1983      02    17     426
1983      02    18     395
1983      02    19     375
1983      02    20     362
1983      02    21     345
1983      02    22     327
1983      02    23     315
1983      02    24     303
1983      02    25     299
1983      02    26     294
1983      02    27     296
1983      02    28     304
1983      03    01     334
1983      03    02     398
1983      03    03     466
1983      03    04     522
1983      03    05     549
1983      03    06     549
1983      03    07     517
1983      03    08     474
1983      03    09     439
1983      03    10     407
1983      03    11     390
1983      03    12     368
1983      03    13     353
1983      03    14     342
1983      03    15     335
1983      03    16     327
1983      03    17     321
1983      03    18     320
1983      03    19     318
1983      03    20     340
1983      03    21     370
1983      03    22     405
1983      03    23     442
1983      03    24     498
1983      03    25     556
1983      03    26     558
1983      03    27     584
1983      03    28     597
1983      03    29     604
1983      03    30     610
1983      03    31     614
1983      04    01     628
1983      04    02     618
1983      04    03     587
1983      04    04     555
1983      04    05     527
1983      04    06     518
1983      04    07     545
1983      04    08     558
1983      04    09     572
1983      04    10     595
1983      04    11     640
1983      04    12     717
1983      04    13     898
1983      04    14     989
1983      04    15    1221
1983      04    16    1462
1983      04    17    1440
1983      04    18    1240
1983      04    19    1064
1983      04    20     943
1983      04    21     861
1983      04    22     818
1983      04    23     762
1983      04    24     713
1983      04    25     696
1983      04    26     635
1983      04    27     606
1983      04    28     582
1983      04    29     558
1983      04    30     542
1983      05    01     531
1983      05    02     518
1983      05    03     500
1983      05    04     486
1983      05    05     474
1983      05    06     460
1983      05    07     459
1983      05    08     467
1983      05    09     477
1983      05    10     486
1983      05    11     488
1983      05    12     493
1983      05    13     496
1983      05    14     494
1983      05    15     498
1983      05    16     515
1983      05    17     533
1983      05    18     538
1983      05    19     540
1983      05    20     549
1983      05    21     563
1983      05    22     574
1983      05    23     574
1983      05    24     556
1983      05    25     565
1983      05    26     597
1983      05    27     652
1983      05    28     748
1983      05    29     917
1983      05    30    1034
1983      05    31    1341
1983      06    01    1718
1983      06    02    1778
1983      06    03    1562
1983      06    04    1260
1983      06    05    1040
1983      06    06     907
1983      06    07     799
1983      06    08     720
1983      06    09     662
1983      06    10     624
1983      06    11     589
1983      06    12     556
1983      06    13     525
1983      06    14     501
1983      06    15     483
1983      06    16     464
1983      06    17     449
1983      06    18     441
1983      06    19     436
1983      06    20     430
1983      06    21     418
1983      06    22     407
1983      06    23     393
1983      06    24     382
1983      06    25     396
1983      06    26     399
1983      06    27     390
1983      06    28     381
1983      06    29     373
1983      06    30     375
1983      07    01     369
1983      07    02     382
1983      07    03     382
1983      07    04     381
1983      07    05     368
1983      07    06     354
1983      07    07     342
1983      07    08     330
1983      07    09     321
1983      07    10     320
1983      07    11     324
1983      07    12     333
1983      07    13     332
1983      07    14     320
1983      07    15     300
1983      07    16     291
1983      07    17     283
1983      07    18     280
1983      07    19     280
1983      07    20     279
1983      07    21     280
1983      07    22     277
1983      07    23     273
1983      07    24     279
1983      07    25     277
1983      07    26     276
1983      07    27     277
1983      07    28     277
1983      07    29     279
1983      07    30     276
1983      07    31     274
1983      08    01     277
1983      08    02     279
1983      08    03     276
1983      08    04     273
1983      08    05     273
1983      08    06     277
1983      08    07     274
1983      08    08     277
1983      08    09     277
1983      08    10     279
1983      08    11     276
1983      08    12     271
1983      08    13     273
1983      08    14     273
1983      08    15     271
1983      08    16     270
1983      08    17     271
1983      08    18     271
1983      08    19     267
1983      08    20     263
1983      08    21     271
1983      08    22     276
1983      08    23     270
1983      08    24     268
1983      08    25     270
1983      08    26     267
1983      08    27     261
1983      08    28     263
1983      08    29     260
1983      08    30     252
1983      08    31     248
1983      09    01     245
1983      09    02     239
1983      09    03     229
1983      09    04     250
1983      09    05     250
1983      09    06     251
1983      09    07     267
1983      09    08     270
1983      09    09     268
1983      09    10     264
1983      09    11     268
1983      09    12     274
1983      09    13     287
1983      09    14     287
1983      09    15     283
1983      09    16     280
1983      09    17     283
1983      09    18     282
1983      09    19     282
1983      09    20     283
1983      09    21     282
1983      09    22     291
1983      09    23     299
1983      09    24     299
1983      09    25     293
1983      09    26     282
1983      09    27     279
1983      09    28     280
1983      09    29     276
1983      09    30     276
1983      10    01     268
1983      10    02     265
1983      10    03     268
1983      10    04     267
1983      10    05     263
1983      10    06     257
1983      10    07     249
1983      10    08     242
1983      10    09     246
1983      10    10     232
1983      10    11     231
1983      10    12     236
1983      10    13     234
1983      10    14     232
1983      10    15     234
1983      10    16     239
1983      10    17     244
1983      10    18     249
1983      10    19     250
1983      10    20     254
1983      10    21     261
1983      10    22     267
1983      10    23     273
1983      10    24     274
1983      10    25     267
1983      10    26     258
1983      10    27     250
1983      10    28     242
1983      10    29     231
1983      10    30     227
1983      10    31     219
1983      11    01     213
1983      11    02     208
1983      11    03     204
1983      11    04     200
1983      11    05     197
1983      11    06     193
1983      11    07     188
1983      11    08     183
1983      11    09     179
1983      11    10     178
1983      11    11     176
1983      11    12     169
1983      11    13     171
1983      11    14     166
1983      11    15     162
1983      11    16     163
1983      11    17     164
1983      11    18     163
1983      11    19     163
1983      11    20     161
1983      11    21     164
1983      11    22     159
1983      11    23     154
1983      11    24     151
1983      11    25     150
1983      11    26     159
1983      11    27     176
1983      11    28     289
1983      11    29     285
1983      11    30     293
1983      12    01     304
1983      12    02     324
1983      12    03     370
1983      12    04     385
1983      12    05     365
1983      12    06     332
1983      12    07     306
1983      12    08     292
1983      12    09     300
1983      12    10     393
1983      12    11     387
1983      12    12     346
1983      12    13     321
1983      12    14     304
1983      12    15     294
1983      12    16     286
1983      12    17     271
1983      12    18     261
1983      12    19     250
1983      12    20     244
1983      12    21     240
1983      12    22     247
1983      12    23     270
1983      12    24     309
1983      12    25     333
1983      12    26     357
1983      12    27     368
1983      12    28     380
1983      12    29     408
1983      12    30     430
1983      12    31     423
1984      01    01     429
1984      01    02     413
1984      01    03     416
1984      01    04     492
1984      01    05     473
1984      01    06     446
1984      01    07     455
1984      01    08     495
1984      01    09     509
1984      01    10     472
1984      01    11     438
1984      01    12     431
1984      01    13     429
1984      01    14     477
1984      01    15     516
1984      01    16     494
1984      01    17     555
1984      01    18     627
1984      01    19     672
1984      01    20     716
1984      01    21     762
1984      01    22     772
1984      01    23     729
1984      01    24     681
1984      01    25     621
1984      01    26     552
1984      01    27     521
1984      01    28     527
1984      01    29     536
1984      01    30     568
1984      01    31     557
1984      02    01     548
1984      02    02     548
1984      02    03     568
1984      02    04     623
1984      02    05     660
1984      02    06     690
1984      02    07     813
1984      02    08    1095
1984      02    09    1124
1984      02    10    1171
1984      02    11    1228
1984      02    12    1438
1984      02    13    1469
1984      02    14    1325
1984      02    15    1086
1984      02    16     904
1984      02    17     798
1984      02    18     706
1984      02    19     640
1984      02    20     579
1984      02    21     521
1984      02    22     483
1984      02    23     446
1984      02    24     413
1984      02    25     386
1984      02    26     373
1984      02    27     365
1984      02    28     352
1984      02    29     343
1984      03    01     333
1984      03    02     330
1984      03    03     351
1984      03    04     367
1984      03    05     362
1984      03    06     349
1984      03    07     341
1984      03    08     338
1984      03    09     333
1984      03    10     328
1984      03    11     333
1984      03    12     343
1984      03    13     346
1984      03    14     335
1984      03    15     325
1984      03    16     331
1984      03    17     325
1984      03    18     320
1984      03    19     317
1984      03    20     315
1984      03    21     315
1984      03    22     315
1984      03    23     317
1984      03    24     315
1984      03    25     317
1984      03    26     315
1984      03    27     317
1984      03    28     327
1984      03    29     333
1984      03    30     335
1984      03    31     333
1984      04    01     346
1984      04    02     363
1984      04    03     378
1984      04    04     381
1984      04    05     402
1984      04    06     449
1984      04    07     489
1984      04    08     494
1984      04    09     480
1984      04    10     465
1984      04    11     465
1984      04    12     463
1984      04    13     444
1984      04    14     426
1984      04    15     411
1984      04    16     397
1984      04    17     373
1984      04    18     359
1984      04    19     349
1984      04    20     338
1984      04    21     333
1984      04    22     330
1984      04    23     325
1984      04    24     317
1984      04    25     306
1984      04    26     306
1984      04    27     304
1984      04    28     303
1984      04    29     301
1984      04    30     303
1984      05    01     304
1984      05    02     312
1984      05    03     311
1984      05    04     309
1984      05    05     301
1984      05    06     309
1984      05    07     322
1984      05    08     322
1984      05    09     314
1984      05    10     314
1984      05    11     306
1984      05    12     301
1984      05    13     303
1984      05    14     303
1984      05    15     299
1984      05    16     299
1984      05    17     301
1984      05    18     320
1984      05    19     320
1984      05    20     319
1984      05    21     319
1984      05    22     368
1984      05    23     419
1984      05    24     415
1984      05    25     473
1984      05    26     494
1984      05    27     489
1984      05    28     489
1984      05    29     497
1984      05    30     537
1984      05    31     568
1984      06    01     591
1984      06    02     631
1984      06    03     679
1984      06    04     721
1984      06    05     794
1984      06    06     794
1984      06    07     742
1984      06    08     703
1984      06    09     670
1984      06    10     648
1984      06    11     638
1984      06    12     625
1984      06    13     598
1984      06    14     566
1984      06    15     527
1984      06    16     482
1984      06    17     446
1984      06    18     413
1984      06    19     387
1984      06    20     375
1984      06    21     355
1984      06    22     343
1984      06    23     352
1984      06    24     341
1984      06    25     338
1984      06    26     347
1984      06    27     339
1984      06    28     339
1984      06    29     341
1984      06    30     346
1984      07    01     349
1984      07    02     341
1984      07    03     343
1984      07    04     344
1984      07    05     349
1984      07    06     349
1984      07    07     347
1984      07    08     346
1984      07    09     344
1984      07    10     335
1984      07    11     335
1984      07    12     330
1984      07    13     312
1984      07    14     304
1984      07    15     309
1984      07    16     314
1984      07    17     322
1984      07    18     333
1984      07    19     349
1984      07    20     359
1984      07    21     363
1984      07    22     352
1984      07    23     336
1984      07    24     317
1984      07    25     303
1984      07    26     298
1984      07    27     298
1984      07    28     298
1984      07    29     293
1984      07    30     293
1984      07    31     290
1984      08    01     298
1984      08    02     298
1984      08    03     298
1984      08    04     295
1984      08    05     299
1984      08    06     303
1984      08    07     301
1984      08    08     299
1984      08    09     295
1984      08    10     298
1984      08    11     288
1984      08    12     291
1984      08    13     290
1984      08    14     290
1984      08    15     293
1984      08    16     306
1984      08    17     331
1984      08    18     336
1984      08    19     328
1984      08    20     312
1984      08    21     296
1984      08    22     288
1984      08    23     288
1984      08    24     290
1984      08    25     288
1984      08    26     287
1984      08    27     287
1984      08    28     288
1984      08    29     285
1984      08    30     288
1984      08    31     283
1984      09    01     287
1984      09    02     290
1984      09    03     288
1984      09    04     283
1984      09    05     283
1984      09    06     271
1984      09    07     267
1984      09    08     271
1984      09    09     285
1984      09    10     306
1984      09    11     349
1984      09    12     397
1984      09    13     443
1984      09    14     465
1984      09    15     475
1984      09    16     463
1984      09    17     436
1984      09    18     416
1984      09    19     399
1984      09    20     394
1984      09    21     397
1984      09    22     405
1984      09    23     415
1984      09    24     418
1984      09    25     415
1984      09    26     416
1984      09    27     432
1984      09    28     463
1984      09    29     497
1984      09    30     519
1984      10    01     545
1984      10    02     597
1984      10    03     623
1984      10    04     604
1984      10    05     583
1984      10    06     576
1984      10    07     574
1984      10    08     559
1984      10    09     539
1984      10    10     536
1984      10    11     537
1984      10    12     536
1984      10    13     527
1984      10    14     514
1984      10    15     490
1984      10    16     465
1984      10    17     432
1984      10    18     413
1984      10    19     395
1984      10    20     397
1984      10    21     416
1984      10    22     400
1984      10    23     400
1984      10    24     502
1984      10    25     497
1984      10    26     500
1984      10    27     477
1984      10    28     443
1984      10    29     432
1984      10    30     431
1984      10    31     416
1984      11    01     399
1984      11    02     365
1984      11    03     344
1984      11    04     333
1984      11    05     330
1984      11    06     325
1984      11    07     320
1984      11    08     317
1984      11    09     319
1984      11    10     315
1984      11    11     314
1984      11    12     306
1984      11    13     304
1984      11    14     301
1984      11    15     291
1984      11    16     288
1984      11    17     274
1984      11    18     272
1984      11    19     269
1984      11    20     272
1984      11    21     271
1984      11    22     285
1984      11    23     346
1984      11    24     418
1984      11    25     477
1984      11    26     534
1984      11    27     616
1984      11    28     664
1984      11    29     681
1984      11    30     644
1984      12    01     583
1984      12    02     523
1984      12    03     478
1984      12    04     432
1984      12    05     399
1984      12    06     363
1984      12    07     339
1984      12    08     320
1984      12    09     319
1984      12    10     315
1984      12    11     317
1984      12    12     315
1984      12    13     311
1984      12    14     306
1984      12    15     307
1984      12    16     311
1984      12    17     312
1984      12    18     317
1984      12    19     331
1984      12    20     330
1984      12    21     341
1984      12    22     391
1984      12    23     418
1984      12    24     441
1984      12    25     443
1984      12    26     426
1984      12    27     407
1984      12    28     381
1984      12    29     354
1984      12    30     336
1984      12    31     320
1985      01    01     322
1985      01    02     357
1985      01    03     355
1985      01    04     338
1985      01    05     320
1985      01    06     315
1985      01    07     306
1985      01    08     303
1985      01    09     287
1985      01    10     272
1985      01    11     247
1985      01    12     221
1985      01    13     201
1985      01    14     189
1985      01    15     184
1985      01    16     177
1985      01    17     174
1985      01    18     172
1985      01    19     172
1985      01    20     170
1985      01    21     169
1985      01    22     175
1985      01    23     271
1985      01    24     304
1985      01    25     344
1985      01    26     413
1985      01    27     506
1985      01    28     536
1985      01    29     548
1985      01    30     572
1985      01    31     595
1985      02    01     585
1985      02    02     564
1985      02    03     557
1985      02    04     566
1985      02    05     593
1985      02    06     625
1985      02    07     650
1985      02    08     648
1985      02    09     623
1985      02    10     559
1985      02    11     511
1985      02    12     478
1985      02    13     470
1985      02    14     475
1985      02    15     463
1985      02    16     429
1985      02    17     403
1985      02    18     384
1985      02    19     359
1985      02    20     346
1985      02    21     328
1985      02    22     317
1985      02    23     304
1985      02    24     299
1985      02    25     301
1985      02    26     299
1985      02    27     301
1985      02    28     298
1985      03    01     299
1985      03    02     301
1985      03    03     307
1985      03    04     303
1985      03    05     309
1985      03    06     311
1985      03    07     314
1985      03    08     333
1985      03    09     339
1985      03    10     336
1985      03    11     336
1985      03    12     320
1985      03    13     314
1985      03    14     314
1985      03    15     312
1985      03    16     314
1985      03    17     320
1985      03    18     319
1985      03    19     317
1985      03    20     312
1985      03    21     304
1985      03    22     309
1985      03    23     311
1985      03    24     304
1985      03    25     304
1985      03    26     311
1985      03    27     323
1985      03    28     346
1985      03    29     357
1985      03    30     371
1985      03    31     405
1985      04    01     449
1985      04    02     461
1985      04    03     444
1985      04    04     423
1985      04    05     402
1985      04    06     375
1985      04    07     360
1985      04    08     357
1985      04    09     351
1985      04    10     343
1985      04    11     347
1985      04    12     354
1985      04    13     378
1985      04    14     427
1985      04    15     477
1985      04    16     511
1985      04    17     532
1985      04    18     552
1985      04    19     564
1985      04    20     554
1985      04    21     528
1985      04    22     492
1985      04    23     460
1985      04    24     426
1985      04    25     400
1985      04    26     375
1985      04    27     354
1985      04    28     362
1985      04    29     355
1985      04    30     344
1985      05    01     331
1985      05    02     343
1985      05    03     335
1985      05    04     330
1985      05    05     336
1985      05    06     357
1985      05    07     386
1985      05    08     408
1985      05    09     400
1985      05    10     379
1985      05    11     360
1985      05    12     359
1985      05    13     413
1985      05    14     489
1985      05    15     519
1985      05    16     514
1985      05    17     492
1985      05    18     453
1985      05    19     424
1985      05    20     408
1985      05    21     408
1985      05    22     446
1985      05    23     482
1985      05    24     492
1985      05    25     494
1985      05    26     497
1985      05    27     489
1985      05    28     473
1985      05    29     446
1985      05    30     419
1985      05    31     397
1985      06    01     387
1985      06    02     413
1985      06    03     439
1985      06    04     438
1985      06    05     418
1985      06    06     391
1985      06    07     368
1985      06    08     365
1985      06    09     360
1985      06    10     367
1985      06    11     368
1985      06    12     383
1985      06    13     416
1985      06    14     468
1985      06    15     489
1985      06    16     483
1985      06    17     465
1985      06    18     439
1985      06    19     419
1985      06    20     415
1985      06    21     443
1985      06    22     466
1985      06    23     478
1985      06    24     490
1985      06    25     485
1985      06    26     473
1985      06    27     468
1985      06    28     497
1985      06    29     525
1985      06    30     536
1985      07    01     528
1985      07    02     502
1985      07    03     478
1985      07    04     451
1985      07    05     429
1985      07    06     411
1985      07    07     395
1985      07    08     381
1985      07    09     363
1985      07    10     363
1985      07    11     368
1985      07    12     363
1985      07    13     359
1985      07    14     347
1985      07    15     344
1985      07    16     333
1985      07    17     333
1985      07    18     320
1985      07    19     311
1985      07    20     309
1985      07    21     304
1985      07    22     304
1985      07    23     311
1985      07    24     303
1985      07    25     298
1985      07    26     295
1985      07    27     293
1985      07    28     293
1985      07    29     296
1985      07    30     293
1985      07    31     304
1985      08    01     293
1985      08    02     298
1985      08    03     296
1985      08    04     298
1985      08    05     299
1985      08    06     304
1985      08    07     307
1985      08    08     296
1985      08    09     295
1985      08    10     298
1985      08    11     311
1985      08    12     312
1985      08    13     303
1985      08    14     298
1985      08    15     304
1985      08    16     314
1985      08    17     312
1985      08    18     307
1985      08    19     306
1985      08    20     303
1985      08    21     301
1985      08    22     299
1985      08    23     301
1985      08    24     296
1985      08    25     296
1985      08    26     293
1985      08    27     296
1985      08    28     296
1985      08    29     291
1985      08    30     291
1985      08    31     290
1985      09    01     296
1985      09    02     299
1985      09    03     290
1985      09    04     303
1985      09    05     301
1985      09    06     312
1985      09    07     309
1985      09    08     307
1985      09    09     312
1985      09    10     323
1985      09    11     317
1985      09    12     307
1985      09    13     301
1985      09    14     298
1985      09    15     299
1985      09    16     303
1985      09    17     311
1985      09    18     307
1985      09    19     314
1985      09    20     312
1985      09    21     299
1985      09    22     303
1985      09    23     296
1985      09    24     290
1985      09    25     290
1985      09    26     282
1985      09    27     275
1985      09    28     261
1985      09    29     250
1985      09    30     239
1985      10    01     227
1985      10    02     221
1985      10    03     215
1985      10    04     213
1985      10    05     207
1985      10    06     201
1985      10    07     190
1985      10    08     195
1985      10    09     202
1985      10    10     210
1985      10    11     211
1985      10    12     204
1985      10    13     202
1985      10    14     192
1985      10    15     189
1985      10    16     180
1985      10    17     172
1985      10    18     166
1985      10    19     166
1985      10    20     162
1985      10    21     158
1985      10    22     156
1985      10    23     153
1985      10    24     148
1985      10    25     146
1985      10    26     146
1985      10    27     148
1985      10    28     146
1985      10    29     144
1985      10    30     140
1985      10    31     143
1985      11    01     145
1985      11    02     148
1985      11    03     153
1985      11    04     144
1985      11    05     139
1985      11    06     183
1985      11    07     189
1985      11    08     187
1985      11    09     189
1985      11    10     205
1985      11    11     232
1985      11    12     247
1985      11    13     248
1985      11    14     256
1985      11    15     269
1985      11    16     295
1985      11    17     307
1985      11    18     282
1985      11    19     256
1985      11    20     237
1985      11    21     226
1985      11    22     218
1985      11    23     208
1985      11    24     205
1985      11    25     199
1985      11    26     198
1985      11    27     193
1985      11    28     195
1985      11    29     192
1985      11    30     189
1985      12    01     184
1985      12    02     184
1985      12    03     195
1985      12    04     216
1985      12    05     248
1985      12    06     287
1985      12    07     314
1985      12    08     325
1985      12    09     323
1985      12    10     325
1985      12    11     315
1985      12    12     309
1985      12    13     306
1985      12    14     312
1985      12    15     331
1985      12    16     328
1985      12    17     323
1985      12    18     312
1985      12    19     330
1985      12    20     336
1985      12    21     347
1985      12    22     355
1985      12    23     346
1985      12    24     330
1985      12    25     320
1985      12    26     319
1985      12    27     413
1985      12    28     432
1985      12    29     386
1985      12    30     352
1985      12    31     333
1986      01    01     323
1986      01    02     320
1986      01    03     338
1986      01    04     365
1986      01    05     360
1986      01    06     339
1986      01    07     354
1986      01    08     352
1986      01    09     338
1986      01    10     325
1986      01    11     341
1986      01    12     367
1986      01    13     383
1986      01    14     419
1986      01    15     489
1986      01    16     587
1986      01    17     627
1986      01    18     675
1986      01    19     748
1986      01    20    1005
1986      01    21    1068
1986      01    22     990
1986      01    23    1041
1986      01    24    1086
1986      01    25     998
1986      01    26     921
1986      01    27     893
1986      01    28     910
1986      01    29     932
1986      01    30     882
1986      01    31     802
1986      02    01     726
1986      02    02     656
1986      02    03     591
1986      02    04     525
1986      02    05     480
1986      02    06     449
1986      02    07     418
1986      02    08     391
1986      02    09     367
1986      02    10     341
1986      02    11     319
1986      02    12     309
1986      02    13     304
1986      02    14     299
1986      02    15     295
1986      02    16     301
1986      02    17     301
1986      02    18     296
1986      02    19     283
1986      02    20     274
1986      02    21     261
1986      02    22     251
1986      02    23     240
1986      02    24     231
1986      02    25     224
1986      02    26     215
1986      02    27     205
1986      02    28     195
1986      03    01     187
1986      03    02     186
1986      03    03     184
1986      03    04     184
1986      03    05     187
1986      03    06     199
1986      03    07     235
1986      03    08     258
1986      03    09     275
1986      03    10     293
1986      03    11     322
1986      03    12     344
1986      03    13     336
1986      03    14     314
1986      03    15     296
1986      03    16     293
1986      03    17     296
1986      03    18     301
1986      03    19     303
1986      03    20     309
1986      03    21     311
1986      03    22     312
1986      03    23     311
1986      03    24     343
1986      03    25     399
1986      03    26     405
1986      03    27     427
1986      03    28     527
1986      03    29     633
1986      03    30     683
1986      03    31     692
1986      04    01     713
1986      04    02     711
1986      04    03     721
1986      04    04     791
1986      04    05     858
1986      04    06     841
1986      04    07     805
1986      04    08     791
1986      04    09     788
1986      04    10     751
1986      04    11     706
1986      04    12     658
1986      04    13     614
1986      04    14     581
1986      04    15     579
1986      04    16     597
1986      04    17     595
1986      04    18     579
1986      04    19     559
1986      04    20     537
1986      04    21     528
1986      04    22     528
1986      04    23     532
1986      04    24     525
1986      04    25     554
1986      04    26     595
1986      04    27     638
1986      04    28     660
1986      04    29     658
1986      04    30     646
1986      05    01     648
1986      05    02     616
1986      05    03     595
1986      05    04     583
1986      05    05     574
1986      05    06     563
1986      05    07     561
1986      05    08     574
1986      05    09     554
1986      05    10     536
1986      05    11     537
1986      05    12     530
1986      05    13     516
1986      05    14     506
1986      05    15     499
1986      05    16     483
1986      05    17     470
1986      05    18     465
1986      05    19     465
1986      05    20     448
1986      05    21     444
1986      05    22     446
1986      05    23     446
1986      05    24     448
1986      05    25     444
1986      05    26     444
1986      05    27     444
1986      05    28     443
1986      05    29     438
1986      05    30     431
1986      05    31     424
1986      06    01     424
1986      06    02     436
1986      06    03     449
1986      06    04     480
1986      06    05     502
1986      06    06     519
1986      06    07     548
1986      06    08     581
1986      06    09     612
1986      06    10     640
1986      06    11     660
1986      06    12     677
1986      06    13     668
1986      06    14     640
1986      06    15     606
1986      06    16     563
1986      06    17     534
1986      06    18     557
1986      06    19     559
1986      06    20     530
1986      06    21     506
1986      06    22     497
1986      06    23     483
1986      06    24     470
1986      06    25     458
1986      06    26     449
1986      06    27     441
1986      06    28     432
1986      06    29     418
1986      06    30     405
1986      07    01     386
1986      07    02     370
1986      07    03     354
1986      07    04     338
1986      07    05     330
1986      07    06     331
1986      07    07     341
1986      07    08     338
1986      07    09     333
1986      07    10     336
1986      07    11     352
1986      07    12     368
1986      07    13     373
1986      07    14     365
1986      07    15     347
1986      07    16     333
1986      07    17     320
1986      07    18     307
1986      07    19     298
1986      07    20     290
1986      07    21     285
1986      07    22     309
1986      07    23     299
1986      07    24     291
1986      07    25     298
1986      07    26     293
1986      07    27     299
1986      07    28     303
1986      07    29     295
1986      07    30     296
1986      07    31     291
1986      08    01     282
1986      08    02     275
1986      08    03     279
1986      08    04     287
1986      08    05     285
1986      08    06     285
1986      08    07     285
1986      08    08     271
1986      08    09     271
1986      08    10     271
1986      08    11     275
1986      08    12     277
1986      08    13     274
1986      08    14     261
1986      08    15     258
1986      08    16     264
1986      08    17     267
1986      08    18     279
1986      08    19     275
1986      08    20     275
1986      08    21     279
1986      08    22     275
1986      08    23     280
1986      08    24     298
1986      08    25     293
1986      08    26     285
1986      08    27     288
1986      08    28     291
1986      08    29     290
1986      08    30     303
1986      08    31     296
1986      09    01     295
1986      09    02     290
1986      09    03     288
1986      09    04     296
1986      09    05     290
1986      09    06     283
1986      09    07     287
1986      09    08     288
1986      09    09     283
1986      09    10     287
1986      09    11     285
1986      09    12     277
1986      09    13     271
1986      09    14     266
1986      09    15     264
1986      09    16     274
1986      09    17     288
1986      09    18     291
1986      09    19     298
1986      09    20     323
1986      09    21     363
1986      09    22     375
1986      09    23     351
1986      09    24     317
1986      09    25     291
1986      09    26     283
1986      09    27     285
1986      09    28     285
1986      09    29     285
1986      09    30     280
1986      10    01     271
1986      10    02     264
1986      10    03     255
1986      10    04     245
1986      10    05     235
1986      10    06     231
1986      10    07     221
1986      10    08     216
1986      10    09     208
1986      10    10     204
1986      10    11     199
1986      10    12     196
1986      10    13     192
1986      10    14     181
1986      10    15     181
1986      10    16     181
1986      10    17     180
1986      10    18     175
1986      10    19     170
1986      10    20     170
1986      10    21     207
1986      10    22     201
1986      10    23     239
1986      10    24     295
1986      10    25     323
1986      10    26     421
1986      10    27     519
1986      10    28     566
1986      10    29     557
1986      10    30     506
1986      10    31     460
1986      11    01     415
1986      11    02     399
1986      11    03     376
1986      11    04     357
1986      11    05     359
1986      11    06     394
1986      11    07     413
1986      11    08     408
1986      11    09     387
1986      11    10     351
1986      11    11     323
1986      11    12     299
1986      11    13     279
1986      11    14     259
1986      11    15     259
1986      11    16     258
1986      11    17     253
1986      11    18     251
1986      11    19     264
1986      11    20     296
1986      11    21     333
1986      11    22     335
1986      11    23     330
1986      11    24     327
1986      11    25     319
1986      11    26     312
1986      11    27     322
1986      11    28     328
1986      11    29     328
1986      11    30     315
1986      12    01     311
1986      12    02     306
1986      12    03     306
1986      12    04     304
1986      12    05     298
1986      12    06     299
1986      12    07     301
1986      12    08     299
1986      12    09     299
1986      12    10     293
1986      12    11     291
1986      12    12     296
1986      12    13     287
1986      12    14     283
1986      12    15     275
1986      12    16     277
1986      12    17     304
1986      12    18     315
1986      12    19     365
1986      12    20     370
1986      12    21     391
1986      12    22     460
1986      12    23     550
1986      12    24     598
1986      12    25     600
1986      12    26     555
1986      12    27     495
1986      12    28     460
1986      12    29     483
1986      12    30     494
1986      12    31     631
1987      01    01     703
1987      01    02     798
1987      01    03    1005
1987      01    04    1005
1987      01    05    1005
1987      01    06    1119
1987      01    07    1184
1987      01    08    1119
1987      01    09    1027
1987      01    10     929
1987      01    11     842
1987      01    12     762
1987      01    13     692
1987      01    14     606
1987      01    15     448
1987      01    16     410
1987      01    17     395
1987      01    18     376
1987      01    19     350
1987      01    20     343
1987      01    21     361
1987      01    22     347
1987      01    23     343
1987      01    24     328
1987      01    25     325
1987      01    26     321
1987      01    27     320
1987      01    28     322
1987      01    29     331
1987      01    30     321
1987      01    31     313
1987      02    01     310
1987      02    02     308
1987      02    03     306
1987      02    04     310
1987      02    05     303
1987      02    06     301
1987      02    07     311
1987      02    08     314
1987      02    09     325
1987      02    10     344
1987      02    11     356
1987      02    12     379
1987      02    13     419
1987      02    14     461
1987      02    15     499
1987      02    16     506
1987      02    17     500
1987      02    18     485
1987      02    19     465
1987      02    20     448
1987      02    21     413
1987      02    22     391
1987      02    23     365
1987      02    24     347
1987      02    25     344
1987      02    26     335
1987      02    27     321
1987      02    28     324
1987      03    01     331
1987      03    02     389
1987      03    03     606
1987      03    04     687
1987      03    05     768
1987      03    06     902
1987      03    07     942
1987      03    08     924
1987      03    09     866
1987      03    10     794
1987      03    11     718
1987      03    12     652
1987      03    13     583
1987      03    14     518
1987      03    15     473
1987      03    16     443
1987      03    17     413
1987      03    18     400
1987      03    19     455
1987      03    20     438
1987      03    21     431
1987      03    22     443
1987      03    23     449
1987      03    24     470
1987      03    25     509
1987      03    26     555
1987      03    27     616
1987      03    28     662
1987      03    29     708
1987      03    30     729
1987      03    31     724
1987      04    01     711
1987      04    02     701
1987      04    03     685
1987      04    04     652
1987      04    05     606
1987      04    06     561
1987      04    07     514
1987      04    08     480
1987      04    09     456
1987      04    10     443
1987      04    11     426
1987      04    12     426
1987      04    13     434
1987      04    14     444
1987      04    15     466
1987      04    16     494
1987      04    17     495
1987      04    18     483
1987      04    19     466
1987      04    20     444
1987      04    21     426
1987      04    22     403
1987      04    23     391
1987      04    24     376
1987      04    25     376
1987      04    26     386
1987      04    27     391
1987      04    28     379
1987      04    29     370
1987      04    30     359
1987      05    01     353
1987      05    02     346
1987      05    03     343
1987      05    04     346
1987      05    05     343
1987      05    06     341
1987      05    07     349
1987      05    08     365
1987      05    09     397
1987      05    10     431
1987      05    11     446
1987      05    12     448
1987      05    13     446
1987      05    14     432
1987      05    15     421
1987      05    16     418
1987      05    17     424
1987      05    18     439
1987      05    19     444
1987      05    20     455
1987      05    21     455
1987      05    22     446
1987      05    23     441
1987      05    24     443
1987      05    25     449
1987      05    26     453
1987      05    27     449
1987      05    28     439
1987      05    29     429
1987      05    30     416
1987      05    31     403
1987      06    01     394
1987      06    02     387
1987      06    03     395
1987      06    04     410
1987      06    05     424
1987      06    06     439
1987      06    07     463
1987      06    08     477
1987      06    09     509
1987      06    10     527
1987      06    11     532
1987      06    12     536
1987      06    13     534
1987      06    14     545
1987      06    15     555
1987      06    16     561
1987      06    17     570
1987      06    18     576
1987      06    19     598
1987      06    20     636
1987      06    21     666
1987      06    22     708
1987      06    23     751
1987      06    24     823
1987      06    25     850
1987      06    26     870
1987      06    27     842
1987      06    28     812
1987      06    29     791
1987      06    30     784
1987      07    01     772
1987      07    02     748
1987      07    03     708
1987      07    04     670
1987      07    05     635
1987      07    06     612
1987      07    07     593
1987      07    08     583
1987      07    09     564
1987      07    10     546
1987      07    11     537
1987      07    12     543
1987      07    13     557
1987      07    14     555
1987      07    15     545
1987      07    16     530
1987      07    17     523
1987      07    18     512
1987      07    19     495
1987      07    20     485
1987      07    21     482
1987      07    22     485
1987      07    23     507
1987      07    24     516
1987      07    25     528
1987      07    26     528
1987      07    27     518
1987      07    28     516
1987      07    29     511
1987      07    30     516
1987      07    31     532
1987      08    01     536
1987      08    02     545
1987      08    03     552
1987      08    04     545
1987      08    05     541
1987      08    06     548
1987      08    07     550
1987      08    08     563
1987      08    09     568
1987      08    10     557
1987      08    11     545
1987      08    12     528
1987      08    13     511
1987      08    14     507
1987      08    15     509
1987      08    16     477
1987      08    17     446
1987      08    18     424
1987      08    19     413
1987      08    20     411
1987      08    21     405
1987      08    22     397
1987      08    23     397
1987      08    24     400
1987      08    25     392
1987      08    26     379
1987      08    27     387
1987      08    28     399
1987      08    29     391
1987      08    30     387
1987      08    31     397
1987      09    01     395
1987      09    02     386
1987      09    03     375
1987      09    04     365
1987      09    05     365
1987      09    06     403
1987      09    07     400
1987      09    08     387
1987      09    09     373
1987      09    10     368
1987      09    11     381
1987      09    12     394
1987      09    13     386
1987      09    14     375
1987      09    15     411
1987      09    16     400
1987      09    17     368
1987      09    18     349
1987      09    19     347
1987      09    20     355
1987      09    21     371
1987      09    22     353
1987      09    23     344
1987      09    24     346
1987      09    25     358
1987      09    26     356
1987      09    27     355
1987      09    28     341
1987      09    29     332
1987      09    30     322
1987      10    01     321
1987      10    02     356
1987      10    03     375
1987      10    04     365
1987      10    05     341
1987      10    06     324
1987      10    07     344
1987      10    08     350
1987      10    09     375
1987      10    10     370
1987      10    11     350
1987      10    12     338
1987      10    13     373
1987      10    14     391
1987      10    15     394
1987      10    16     456
1987      10    17     482
1987      10    18     483
1987      10    19     523
1987      10    20     518
1987      10    21     477
1987      10    22     429
1987      10    23     387
1987      10    24     362
1987      10    25     346
1987      10    26     340
1987      10    27     340
1987      10    28     338
1987      10    29     334
1987      10    30     324
1987      10    31     321
1987      11    01     320
1987      11    02     321
1987      11    03     317
1987      11    04     317
1987      11    05     311
1987      11    06     311
1987      11    07     313
1987      11    08     310
1987      11    09     310
1987      11    10     308
1987      11    11     307
1987      11    12     310
1987      11    13     355
1987      11    14     367
1987      11    15     395
1987      11    16     376
1987      11    17     391
1987      11    18     413
1987      11    19     413
1987      11    20     506
1987      11    21     568
1987      11    22     572
1987      11    23     578
1987      11    24     581
1987      11    25     583
1987      11    26     598
1987      11    27     600
1987      11    28     579
1987      11    29     543
1987      11    30     509
1987      12    01     477
1987      12    02     446
1987      12    03     405
1987      12    04     376
1987      12    05     356
1987      12    06     340
1987      12    07     328
1987      12    08     321
1987      12    09     318
1987      12    10     317
1987      12    11     324
1987      12    12     329
1987      12    13     332
1987      12    14     325
1987      12    15     318
1987      12    16     317
1987      12    17     325
1987      12    18     418
1987      12    19     534
1987      12    20     506
1987      12    21     497
1987      12    22     550
1987      12    23     610
1987      12    24     646
1987      12    25     656
1987      12    26     638
1987      12    27     597
1987      12    28     548
1987      12    29     504
1987      12    30     473
1987      12    31     456
1988      01    01     431
1988      01    02     413
1988      01    03     456
1988      01    04     472
1988      01    05     472
1988      01    06     483
1988      01    07     548
1988      01    08     552
1988      01    09     578
1988      01    10     602
1988      01    11     616
1988      01    12     623
1988      01    13     581
1988      01    14     534
1988      01    15     497
1988      01    16     465
1988      01    17     436
1988      01    18     413
1988      01    19     397
1988      01    20     383
1988      01    21     381
1988      01    22     379
1988      01    23     387
1988      01    24     400
1988      01    25     451
1988      01    26     506
1988      01    27     546
1988      01    28     579
1988      01    29     656
1988      01    30     716
1988      01    31     748
1988      02    01     742
1988      02    02     745
1988      02    03     740
1988      02    04     718
1988      02    05     718
1988      02    06     734
1988      02    07     768
1988      02    08     784
1988      02    09     798
1988      02    10     798
1988      02    11     802
1988      02    12     794
1988      02    13     794
1988      02    14     805
1988      02    15     809
1988      02    16     809
1988      02    17     788
1988      02    18     751
1988      02    19     697
1988      02    20     654
1988      02    21     614
1988      02    22     583
1988      02    23     561
1988      02    24     554
1988      02    25     539
1988      02    26     514
1988      02    27     490
1988      02    28     470
1988      02    29     466
1988      03    01     470
1988      03    02     465
1988      03    03     443
1988      03    04     426
1988      03    05     418
1988      03    06     410
1988      03    07     434
1988      03    08     468
1988      03    09     441
1988      03    10     448
1988      03    11     473
1988      03    12     494
1988      03    13     504
1988      03    14     511
1988      03    15     552
1988      03    16     625
1988      03    17     713
1988      03    18     867
1988      03    19    1014
1988      03    20    1171
1988      03    21    1305
1988      03    22    1459
1988      03    23    1427
1988      03    24    1325
1988      03    25    1266
1988      03    26    1257
1988      03    27    1266
1988      03    28    1375
1988      03    29    1564
1988      03    30    1793
1988      03    31    1907
1988      04    01    1873
1988      04    02    1738
1988      04    03    1553
1988      04    04    1375
1988      04    05    1238
1988      04    06    1124
1988      04    07     990
1988      04    08     910
1988      04    09     858
1988      04    10     805
1988      04    11     756
1988      04    12     716
1988      04    13     687
1988      04    14     668
1988      04    15     654
1988      04    16     642
1988      04    17     636
1988      04    18     629
1988      04    19     621
1988      04    20     614
1988      04    21     600
1988      04    22     581
1988      04    23     566
1988      04    24     550
1988      04    25     537
1988      04    26     525
1988      04    27     514
1988      04    28     509
1988      04    29     504
1988      04    30     500
1988      05    01     444
1988      05    02     449
1988      05    03     439
1988      05    04     431
1988      05    05     423
1988      05    06     416
1988      05    07     407
1988      05    08     399
1988      05    09     395
1988      05    10     391
1988      05    11     373
1988      05    12     360
1988      05    13     359
1988      05    14     357
1988      05    15     362
1988      05    16     368
1988      05    17     373
1988      05    18     370
1988      05    19     370
1988      05    20     368
1988      05    21     368
1988      05    22     368
1988      05    23     368
1988      05    24     416
1988      05    25     415
1988      05    26     408
1988      05    27     407
1988      05    28     399
1988      05    29     391
1988      05    30     381
1988      05    31     386
1988      06    01     392
1988      06    02     391
1988      06    03     381
1988      06    04     376
1988      06    05     379
1988      06    06     379
1988      06    07     368
1988      06    08     359
1988      06    09     365
1988      06    10     391
1988      06    11     434
1988      06    12     465
1988      06    13     461
1988      06    14     443
1988      06    15     426
1988      06    16     424
1988      06    17     423
1988      06    18     411
1988      06    19     399
1988      06    20     384
1988      06    21     373
1988      06    22     360
1988      06    23     355
1988      06    24     343
1988      06    25     335
1988      06    26     331
1988      06    27     325
1988      06    28     320
1988      06    29     312
1988      06    30     311
1988      07    01     314
1988      07    02     320
1988      07    03     324
1988      07    04     322
1988      07    05     325
1988      07    06     340
1988      07    07     341
1988      07    08     334
1988      07    09     331
1988      07    10     329
1988      07    11     327
1988      07    12     328
1988      07    13     327
1988      07    14     329
1988      07    15     328
1988      07    16     337
1988      07    17     361
1988      07    18     376
1988      07    19     375
1988      07    20     365
1988      07    21     364
1988      07    22     353
1988      07    23     344
1988      07    24     356
1988      07    25     367
1988      07    26     349
1988      07    27     341
1988      07    28     344
1988      07    29     337
1988      07    30     337
1988      07    31     328
1988      08    01     321
1988      08    02     318
1988      08    03     314
1988      08    04     314
1988      08    05     310
1988      08    06     308
1988      08    07     308
1988      08    08     311
1988      08    09     311
1988      08    10     314
1988      08    11     315
1988      08    12     314
1988      08    13     310
1988      08    14     306
1988      08    15     303
1988      08    16     298
1988      08    17     294
1988      08    18     289
1988      08    19     285
1988      08    20     281
1988      08    21     282
1988      08    22     286
1988      08    23     285
1988      08    24     281
1988      08    25     289
1988      08    26     295
1988      08    27     301
1988      08    28     303
1988      08    29     308
1988      08    30     306
1988      08    31     302
1988      09    01     301
1988      09    02     297
1988      09    03     299
1988      09    04     302
1988      09    05     301
1988      09    06     307
1988      09    07     308
1988      09    08     315
1988      09    09     320
1988      09    10     321
1988      09    11     314
1988      09    12     307
1988      09    13     314
1988      09    14     311
1988      09    15     307
1988      09    16     303
1988      09    17     310
1988      09    18     314
1988      09    19     311
1988      09    20     307
1988      09    21     306
1988      09    22     303
1988      09    23     303
1988      09    24     313
1988      09    25     314
1988      09    26     340
1988      09    27     344
1988      09    28     332
1988      09    29     328
1988      09    30     329
1988      10    01     318
1988      10    02     304
1988      10    03     294
1988      10    04     282
1988      10    05     282
1988      10    06     290
1988      10    07     306
1988      10    08     334
1988      10    09     346
1988      10    10     371
1988      10    11     411
1988      10    12     407
1988      10    13     387
1988      10    14     370
1988      10    15     367
1988      10    16     386
1988      10    17     399
1988      10    18     400
1988      10    19     389
1988      10    20     375
1988      10    21     359
1988      10    22     347
1988      10    23     337
1988      10    24     344
1988      10    25     355
1988      10    26     353
1988      10    27     350
1988      10    28     337
1988      10    29     327
1988      10    30     318
1988      10    31     314
1988      11    01     310
1988      11    02     310
1988      11    03     310
1988      11    04     306
1988      11    05     304
1988      11    06     304
1988      11    07     302
1988      11    08     294
1988      11    09     291
1988      11    10     291
1988      11    11     288
1988      11    12     278
1988      11    13     281
1988      11    14     280
1988      11    15     280
1988      11    16     267
1988      11    17     260
1988      11    18     258
1988      11    19     266
1988      11    20     263
1988      11    21     266
1988      11    22     263
1988      11    23     266
1988      11    24     271
1988      11    25     281
1988      11    26     291
1988      11    27     294
1988      11    28     293
1988      11    29     299
1988      11    30     303
1988      12    01     346
1988      12    02     375
1988      12    03     368
1988      12    04     387
1988      12    05     456
1988      12    06     480
1988      12    07     525
1988      12    08     593
1988      12    09     638
1988      12    10     683
1988      12    11     737
1988      12    12     768
1988      12    13     751
1988      12    14     724
1988      12    15     713
1988      12    16     711
1988      12    17     708
1988      12    18     692
1988      12    19     668
1988      12    20     765
1988      12    21     759
1988      12    22     718
1988      12    23     701
1988      12    24     692
1988      12    25     677
1988      12    26     654
1988      12    27     635
1988      12    28     625
1988      12    29     614
1988      12    30     595
1988      12    31     564