   -4.000000000000000e-001                         0
   -3.900000000000000e-001    3.903417509138796e-002
   -3.800000000000000e-001    7.654468335771081e-002
   -3.700000000000000e-001    1.125909998765989e-001
   -3.600000000000000e-001    1.472302781650892e-001
   -3.500000000000000e-001    1.805174407998272e-001
   -3.400000000000000e-001    2.125052664999854e-001
   -3.300000000000000e-001    2.432444738109709e-001
   -3.200000000000000e-001    2.727838015216089e-001
   -3.100000000000001e-001    3.011700859423078e-001
   -3.000000000000000e-001    3.284483351667353e-001
   -2.900000000000000e-001    3.546618004347499e-001
   -2.800000000000000e-001    3.798520447097410e-001
   -2.700000000000000e-001    4.040590085791072e-001
   -2.600000000000000e-001    4.273210735823656e-001
   -2.500000000000000e-001    4.496751230672996e-001
   -2.400000000000000e-001    4.711566006706371e-001
   -2.300000000000000e-001    4.917995665159843e-001
   -2.200000000000000e-001    5.116367512181186e-001
   -2.100000000000000e-001    5.306996077792696e-001
   -2.000000000000000e-001    5.490183614596707e-001
   -1.900000000000000e-001    5.666220577014548e-001
   -1.800000000000000e-001    5.835386081818816e-001
   -1.700000000000000e-001    5.997948350689131e-001
   -1.600000000000000e-001    6.154165135493109e-001
   -1.500000000000000e-001    6.304284126966835e-001
   -1.400000000000000e-001    6.448543347442833e-001
   -1.300000000000000e-001    6.587171528248225e-001
   -1.200000000000000e-001    6.720388472371457e-001
   -1.100000000000000e-001    6.848405402972644e-001
   -1.000000000000000e-001    6.971425298290082e-001
   -9.000000000000002e-002    7.089643213473974e-001
   -8.000000000000002e-002    7.203246589857641e-001
   -7.000000000000001e-002    7.312415552156574e-001
   -6.000000000000000e-002    7.417323194066585e-001
   -4.999999999999999e-002    7.518135852713856e-001
   -4.000000000000004e-002    7.615013372392062e-001
   -3.000000000000003e-002    7.708109358004729e-001
   -2.000000000000002e-002    7.797571418614686e-001
   -1.000000000000001e-002    7.883541401486758e-001
                         0    7.966155616994797e-001
    1.000000000000001e-002    8.045545054749658e-001
    1.999999999999996e-002    8.121835591290788e-001
    2.999999999999997e-002    8.195148189670757e-001
    3.999999999999998e-002    8.265599091249156e-001
    4.999999999999999e-002    8.333299999999999e-001
    6.000000000000000e-002    8.439420107653136e-001
    7.000000000000001e-002    8.538783464092309e-001
    7.999999999999996e-002    8.631820277013091e-001
    8.999999999999997e-002    8.718933362446708e-001
    9.999999999999998e-002    8.800499888808979e-001
    1.100000000000000e-001    8.876873009904281e-001
    1.200000000000000e-001    8.948383393954862e-001
    1.300000000000000e-001    9.015340655275637e-001
    1.400000000000000e-001    9.078034694793137e-001
    1.500000000000000e-001    9.136736955212533e-001
    1.600000000000000e-001    9.191701596267206e-001
    1.700000000000000e-001    9.243166595139217e-001
    1.799999999999999e-001    9.291354776815173e-001
    1.900000000000000e-001    9.336474778838486e-001
    2.000000000000000e-001    9.378721954635109e-001
    2.100000000000000e-001    9.418279219323806e-001
    2.200000000000000e-001    9.455317841673014e-001
    2.300000000000000e-001    9.489998185633176e-001
    2.400000000000000e-001    9.522470404655138e-001
    2.500000000000000e-001    9.552875091800728e-001
    2.600000000000000e-001    9.581343888460299e-001
    2.700000000000000e-001    9.608000054312723e-001
    2.800000000000000e-001    9.632959000995605e-001
    2.900000000000000e-001    9.656328791796265e-001
    3.000000000000000e-001    9.678210609527028e-001
    3.099999999999999e-001    9.698699194610504e-001
    3.200000000000000e-001    9.717883255271637e-001
    3.300000000000000e-001    9.735845851612506e-001
    3.400000000000000e-001    9.752664755232776e-001
    3.500000000000000e-001    9.768412785952829e-001
    3.600000000000000e-001    9.783158127097471e-001
    3.700000000000000e-001    9.796964620705274e-001
    3.800000000000000e-001    9.809892043941700e-001
    3.900000000000000e-001    9.821996367912795e-001
    4.000000000000000e-001    9.833330000000000e-001
    4.100000000000000e-001    9.849657656369760e-001
    4.200000000000000e-001    9.864385790554791e-001
    4.300000000000001e-001    9.877671098112708e-001
    4.400000000000000e-001    9.889654924080824e-001
    4.500000000000000e-001    9.900464766774191e-001
    4.600000000000000e-001    9.910215634265611e-001
    4.700000000000000e-001    9.919011267979464e-001
    4.800000000000000e-001    9.926945246417419e-001
    4.900000000000000e-001    9.934101980758776e-001
    5.000000000000000e-001    9.940557612927844e-001
    5.100000000000000e-001    9.946380825683063e-001
    5.200000000000000e-001    9.951633573346573e-001
    5.300000000000000e-001    9.956371740948604e-001
    5.400000000000000e-001    9.960645738799460e-001
    5.500000000000000e-001    9.964501038814868e-001
    5.599999999999999e-001    9.967978658300765e-001
    5.700000000000000e-001    9.971115596344586e-001
    5.800000000000000e-001    9.973945227455950e-001
    5.900000000000000e-001    9.976497656644716e-001
    6.000000000000000e-001    9.978800039714190e-001
    6.100000000000000e-001    9.980876872177136e-001
    6.200000000000000e-001    9.982750249868423e-001
    6.300000000000000e-001    9.984440104027015e-001
    6.400000000000000e-001    9.985964413348405e-001
    6.500000000000000e-001    9.987339395263538e-001
    6.600000000000000e-001    9.988579678479296e-001
    6.700000000000000e-001    9.989698458616226e-001
    6.800000000000001e-001    9.990707638599385e-001
    6.900000000000001e-001    9.991617955295929e-001
    7.000000000000000e-001    9.992439093746784e-001
    7.100000000000000e-001    9.993179790207734e-001
    7.200000000000000e-001    9.993847925096183e-001
    7.300000000000000e-001    9.994450606832491e-001
    7.400000000000000e-001    9.994994247467878e-001
    7.500000000000000e-001    9.995484630903508e-001
    7.600000000000000e-001    9.995926974426579e-001
    7.700000000000000e-001    9.996325984218071e-001
    7.800000000000000e-001    9.996685905422753e-001
    7.900000000000000e-001    9.997010567314121e-001
    8.000000000000000e-001    9.997303424034799e-001
    8.100000000000001e-001    9.997567591345862e-001
    8.200000000000001e-001    9.997805879776027e-001
    8.300000000000001e-001    9.998020824523438e-001
    8.400000000000001e-001    9.998214712428141e-001
    8.500000000000000e-001    9.998389606302230e-001
    8.600000000000000e-001    9.998547366876522e-001
    8.700000000000000e-001    9.998689672597236e-001
    8.800000000000000e-001    9.998818037483324e-001
    8.900000000000000e-001    9.998933827234414e-001
    9.000000000000000e-001    9.999038273760768e-001
    9.100000000000000e-001    9.999132488289813e-001
    9.200000000000000e-001    9.999217473188719e-001
    9.300000000000001e-001    9.999294132628779e-001
    9.400000000000001e-001    9.999363282205066e-001
    9.500000000000001e-001    9.999425657613720e-001
    9.600000000000001e-001    9.999481922479153e-001
    9.700000000000000e-001    9.999532675414494e-001
    9.800000000000000e-001    9.999578456390346e-001
    9.900000000000000e-001    9.999619752479644e-001
    1.000000000000000e+000    9.999657003039719e-001
    1.010000000000000e+000    9.999690604386713e-001
    1.020000000000000e+000    9.999720914012057e-001
    1.030000000000000e+000    9.999748254385902e-001
    1.040000000000000e+000    9.999772916387939e-001
    1.050000000000000e+000    9.999795162402129e-001
    1.060000000000000e+000    9.999815229108252e-001
    1.070000000000000e+000    9.999833330000000e-001
    1.080000000000000e+000    9.999849657656370e-001
    1.090000000000000e+000    9.999864385790555e-001
    1.100000000000000e+000    9.999877671098113e-001
    1.110000000000000e+000    9.999889654924081e-001
    1.120000000000000e+000    9.999900464766774e-001
    1.130000000000000e+000    9.999910215634266e-001
    1.140000000000000e+000    9.999919011267979e-001
    1.150000000000000e+000    9.999926945246418e-001
    1.160000000000000e+000    9.999934101980759e-001
    1.170000000000000e+000    9.999940557612927e-001
    1.180000000000000e+000    9.999946380825683e-001
    1.190000000000000e+000    9.999951633573346e-001
    1.200000000000000e+000    9.999956371740949e-001
    1.210000000000000e+000    9.999960645738799e-001
    1.220000000000000e+000    9.999964501038815e-001
    1.230000000000000e+000    9.999967978658301e-001
    1.240000000000000e+000    9.999971115596344e-001
    1.250000000000000e+000    9.999973945227456e-001
    1.260000000000000e+000    9.999976497656645e-001
    1.270000000000000e+000    9.999978800039714e-001
    1.280000000000000e+000    9.999980876872178e-001
    1.290000000000000e+000    9.999982750249868e-001
    1.300000000000000e+000    9.999984440104027e-001
    1.310000000000000e+000    9.999985964413348e-001
    1.320000000000000e+000    9.999987339395263e-001
    1.330000000000000e+000    9.999988579678479e-001
    1.340000000000000e+000    9.999989698458617e-001
    1.350000000000000e+000    9.999990707638600e-001
    1.360000000000000e+000    9.999991617955296e-001
    1.370000000000000e+000    9.999992439093747e-001
    1.380000000000000e+000    9.999993179790208e-001
    1.390000000000000e+000    9.999993847925096e-001
    1.400000000000000e+000    9.999994450606833e-001
    1.410000000000000e+000    9.999994994247468e-001
    1.420000000000000e+000    9.999995484630904e-001
    1.430000000000000e+000    9.999995926974427e-001
    1.440000000000000e+000    9.999996325984218e-001
    1.450000000000000e+000    9.999996685905422e-001
    1.460000000000000e+000    9.999997010567314e-001
    1.470000000000000e+000    9.999997303424035e-001
    1.480000000000000e+000    9.999997567591346e-001
    1.490000000000000e+000    9.999997805879776e-001
    1.500000000000000e+000    9.999998020824523e-001
    1.510000000000000e+000    9.999998214712428e-001
    1.520000000000000e+000    9.999998389606303e-001
    1.530000000000000e+000    9.999998547366876e-001
    1.540000000000000e+000    9.999998689672597e-001
    1.550000000000000e+000    9.999998818037483e-001
    1.560000000000000e+000    9.999998933827234e-001
    1.570000000000000e+000    9.999999038273760e-001
    1.580000000000000e+000    9.999999132488290e-001
    1.590000000000000e+000    9.999999217473189e-001
    1.600000000000000e+000    9.999999294132629e-001
    1.610000000000000e+000    9.999999363282205e-001
    1.620000000000000e+000    9.999999425657614e-001
    1.630000000000000e+000    9.999999481922479e-001
    1.640000000000000e+000    9.999999532675414e-001
    1.650000000000000e+000    9.999999578456390e-001
    1.660000000000000e+000    9.999999619752480e-001
    1.670000000000000e+000    9.999999657003039e-001
    1.680000000000000e+000    9.999999690604386e-001
    1.690000000000000e+000    9.999999720914012e-001
    1.700000000000000e+000    9.999999748254386e-001
    1.710000000000000e+000    9.999999772916388e-001
    1.720000000000000e+000    9.999999795162402e-001
    1.730000000000000e+000    9.999999815229108e-001
    1.740000000000000e+000    9.999999833330000e-001
    1.750000000000000e+000    9.999999849657656e-001
    1.760000000000000e+000    9.999999864385790e-001
    1.770000000000000e+000    9.999999877671099e-001
    1.780000000000000e+000    9.999999889654924e-001
    1.790000000000000e+000    9.999999900464767e-001
    1.800000000000000e+000    9.999999910215635e-001