   -4.000000000000000e-001                         0
   -3.900000000000000e-001    4.605669561832537e-002
   -3.800000000000000e-001    8.999217202537180e-002
   -3.700000000000000e-001    1.319041255686926e-001
   -3.600000000000000e-001    1.718857530248992e-001
   -3.500000000000000e-001    2.100259588350302e-001
   -3.400000000000000e-001    2.464095527953436e-001
   -3.300000000000000e-001    2.811174386431262e-001
   -3.200000000000000e-001    3.142267939568619e-001
   -3.100000000000001e-001    3.458112417707937e-001
   -3.000000000000000e-001    3.759410142854865e-001
   -2.900000000000000e-001    4.046831090384208e-001
   -2.800000000000000e-001    4.321014378818859e-001
   -2.700000000000000e-001    4.582569690994447e-001
   -2.600000000000000e-001    4.832078629769806e-001
   -2.500000000000000e-001    5.070096011297938e-001
   -2.400000000000000e-001    5.297151098733156e-001
   -2.300000000000000e-001    5.513748779117779e-001
   -2.200000000000000e-001    5.720370686065291e-001
   -2.100000000000000e-001    5.917476270736446e-001
   -2.000000000000000e-001    6.105503823489727e-001
   -1.900000000000000e-001    6.284871448477993e-001
   -1.800000000000000e-001    6.455977993358392e-001
   -1.700000000000000e-001    6.619203936182931e-001
   -1.600000000000000e-001    6.774912231441785e-001
   -1.500000000000000e-001    6.923449117140657e-001
   -1.400000000000000e-001    7.065144884706800e-001
   -1.300000000000000e-001    7.200314613435743e-001
   -1.200000000000000e-001    7.329258871111808e-001
   -1.100000000000000e-001    7.452264382360353e-001
   -1.000000000000000e-001    7.569604666217948e-001
   -9.000000000000002e-002    7.681540644338147e-001
   -8.000000000000002e-002    7.788321221185324e-001
   -7.000000000000001e-002    7.890183837506701e-001
   -6.000000000000000e-002    7.987354998313279e-001
   -4.999999999999999e-002    8.080050776543708e-001
   -4.000000000000004e-002    8.168477293531073e-001
   -3.000000000000003e-002    8.252831177340965e-001
   -2.000000000000002e-002    8.333299999999999e-001
   -1.000000000000001e-002    8.468347698915077e-001
                         0    8.592452888090995e-001
    1.000000000000001e-002    8.706502206251356e-001
    1.999999999999996e-002    8.811310450444961e-001
    2.999999999999997e-002    8.907626397161113e-001
    3.999999999999998e-002    8.996138151777399e-001
    4.999999999999999e-002    9.077478064557802e-001
    6.000000000000000e-002    9.152227248322218e-001
    7.000000000000001e-002    9.220919730062775e-001
    7.999999999999996e-002    9.284046266167149e-001
    8.999999999999997e-002    9.342057848505773e-001
    9.999999999999998e-002    9.395368926431332e-001
    1.100000000000000e-001    9.444360367709308e-001
    1.200000000000000e-001    9.489382179533198e-001
    1.300000000000000e-001    9.530756009064051e-001
    1.400000000000000e-001    9.568777441358781e-001
    1.500000000000000e-001    9.603718111104248e-001
    1.600000000000000e-001    9.635827643243859e-001
    1.700000000000000e-001    9.665335436361036e-001
    1.799999999999999e-001    9.692452301560448e-001
    1.900000000000000e-001    9.717371968555641e-001
    2.000000000000000e-001    9.740272469722894e-001
    2.100000000000000e-001    9.761317412009339e-001
    2.200000000000000e-001    9.780657145782205e-001
    2.300000000000000e-001    9.798429838969688e-001
    2.400000000000000e-001    9.814762464167435e-001
    2.500000000000000e-001    9.829771705762735e-001
    2.600000000000000e-001    9.843564793557168e-001
    2.700000000000000e-001    9.856240268843308e-001
    2.800000000000000e-001    9.867888688408534e-001
    2.900000000000000e-001    9.878593271495521e-001
    3.000000000000000e-001    9.888430494341466e-001
    3.099999999999999e-001    9.897470636543588e-001
    3.200000000000000e-001    9.905778283154265e-001
    3.300000000000000e-001    9.913412786092913e-001
    3.400000000000000e-001    9.920428688171044e-001
    3.500000000000000e-001    9.926876112759845e-001
    3.600000000000000e-001    9.932801121884167e-001
    3.700000000000000e-001    9.938246045301230e-001
    3.800000000000000e-001    9.943249782915062e-001
    3.900000000000000e-001    9.947848082687218e-001
    4.000000000000000e-001    9.952073796029212e-001
    4.100000000000000e-001    9.955957112501276e-001
    4.200000000000000e-001    9.959525775494184e-001
    4.300000000000001e-001    9.962805280435014e-001
    4.400000000000000e-001    9.965819056932910e-001
    4.500000000000000e-001    9.968588636166100e-001
    4.600000000000000e-001    9.971133804706061e-001
    4.700000000000000e-001    9.973472745877765e-001
    4.800000000000000e-001    9.975622169665935e-001
    4.900000000000000e-001    9.977597432095381e-001
    5.000000000000000e-001    9.979412644938309e-001
    5.100000000000000e-001    9.981080776532374e-001
    5.200000000000000e-001    9.982613744429755e-001
    5.300000000000000e-001    9.984022500539139e-001
    5.400000000000000e-001    9.985317109368926e-001
    5.500000000000000e-001    9.986506819930604e-001
    5.599999999999999e-001    9.987600131816017e-001
    5.700000000000000e-001    9.988604855920593e-001
    5.800000000000000e-001    9.989528170246345e-001
    5.900000000000000e-001    9.990376671183323e-001
    6.000000000000000e-001    9.991156420635891e-001
    6.100000000000000e-001    9.991872989330495e-001
    6.200000000000000e-001    9.992531496614334e-001
    6.300000000000000e-001    9.993136647029269e-001
    6.400000000000000e-001    9.993692763922255e-001
    6.500000000000000e-001    9.994203820332416e-001
    6.600000000000000e-001    9.994673467375438e-001
    6.700000000000000e-001    9.995105060328065e-001
    6.800000000000001e-001    9.995501682599033e-001
    6.900000000000001e-001    9.995866167757724e-001
    7.000000000000000e-001    9.996201119777896e-001
    7.100000000000000e-001    9.996508931641128e-001
    7.200000000000000e-001    9.996791802432885e-001
    7.300000000000000e-001    9.997051753053334e-001
    7.400000000000000e-001    9.997290640655171e-001
    7.500000000000000e-001    9.997510171911578e-001
    7.600000000000000e-001    9.997711915209133e-001
    7.700000000000000e-001    9.997897311852758e-001
    7.800000000000000e-001    9.998067686362760e-001
    7.900000000000000e-001    9.998224255937543e-001
    8.000000000000000e-001    9.998368139149577e-001
    8.100000000000001e-001    9.998500363936761e-001
    8.200000000000001e-001    9.998621874946272e-001
    8.300000000000001e-001    9.998733540283359e-001
    8.400000000000001e-001    9.998836157713310e-001
    8.500000000000000e-001    9.998930460360889e-001
    8.600000000000000e-001    9.999017121947953e-001
    8.700000000000000e-001    9.999096761606705e-001
    8.800000000000000e-001    9.999169948302923e-001
    8.900000000000000e-001    9.999237204900794e-001
    9.000000000000000e-001    9.999299011898388e-001
    9.100000000000000e-001    9.999355810860463e-001
    9.200000000000000e-001    9.999408007573105e-001
    9.300000000000001e-001    9.999455974942774e-001
    9.400000000000001e-001    9.999500055660439e-001
    9.500000000000001e-001    9.999540564649845e-001
    9.600000000000001e-001    9.999577791317414e-001
    9.700000000000000e-001    9.999612001619835e-001
    9.800000000000000e-001    9.999643439964123e-001
    9.900000000000000e-001    9.999672330953725e-001
    1.000000000000000e+000    9.999698880993148e-001
    1.010000000000000e+000    9.999723279762557e-001
    1.020000000000000e+000    9.999745701572906e-001
    1.030000000000000e+000    9.999766306611256e-001
    1.040000000000000e+000    9.999785242085187e-001
    1.050000000000000e+000    9.999802643274496e-001
    1.060000000000000e+000    9.999818634497658e-001
    1.070000000000000e+000    9.999833330000000e-001
    1.080000000000000e+000    9.999846834769891e-001
    1.090000000000000e+000    9.999859245288809e-001
    1.100000000000000e+000    9.999870650220625e-001
    1.110000000000000e+000    9.999881131045044e-001
    1.120000000000000e+000    9.999890762639716e-001
    1.130000000000000e+000    9.999899613815177e-001
    1.140000000000000e+000    9.999907747806456e-001
    1.150000000000000e+000    9.999915222724832e-001
    1.160000000000000e+000    9.999922091973006e-001
    1.170000000000000e+000    9.999928404626617e-001
    1.180000000000000e+000    9.999934205784851e-001
    1.190000000000000e+000    9.999939536892644e-001
    1.200000000000000e+000    9.999944436036771e-001
    1.210000000000000e+000    9.999948938217953e-001
    1.220000000000000e+000    9.999953075600907e-001
    1.230000000000000e+000    9.999956877744136e-001
    1.240000000000000e+000    9.999960371811111e-001
    1.250000000000000e+000    9.999963582764324e-001
    1.260000000000000e+000    9.999966533543636e-001
    1.270000000000000e+000    9.999969245230156e-001
    1.280000000000000e+000    9.999971737196856e-001
    1.290000000000000e+000    9.999974027246973e-001
    1.300000000000000e+000    9.999976131741201e-001
    1.310000000000000e+000    9.999978065714579e-001
    1.320000000000000e+000    9.999979842983897e-001
    1.330000000000000e+000    9.999981476246417e-001
    1.340000000000000e+000    9.999982977170576e-001
    1.350000000000000e+000    9.999984356479356e-001
    1.360000000000000e+000    9.999985624026885e-001
    1.370000000000000e+000    9.999986788868841e-001
    1.380000000000000e+000    9.999987859327150e-001
    1.390000000000000e+000    9.999988843049434e-001
    1.400000000000000e+000    9.999989747063655e-001
    1.410000000000000e+000    9.999990577828315e-001
    1.420000000000000e+000    9.999991341278609e-001
    1.430000000000000e+000    9.999992042868817e-001
    1.440000000000000e+000    9.999992687611276e-001
    1.450000000000000e+000    9.999993280112188e-001
    1.460000000000000e+000    9.999993824604531e-001
    1.470000000000000e+000    9.999994324978292e-001
    1.480000000000000e+000    9.999994784808268e-001
    1.490000000000000e+000    9.999995207379603e-001
    1.500000000000000e+000    9.999995595711250e-001
    1.510000000000000e+000    9.999995952577550e-001
    1.520000000000000e+000    9.999996280528044e-001
    1.530000000000000e+000    9.999996581905694e-001
    1.540000000000000e+000    9.999996858863617e-001
    1.550000000000000e+000    9.999997113380471e-001
    1.560000000000000e+000    9.999997347274587e-001
    1.570000000000000e+000    9.999997562216967e-001
    1.580000000000000e+000    9.999997759743210e-001
    1.590000000000000e+000    9.999997941264494e-001
    1.600000000000000e+000    9.999998108077653e-001
    1.610000000000000e+000    9.999998261374443e-001
    1.620000000000000e+000    9.999998402250054e-001
    1.630000000000000e+000    9.999998531710937e-001
    1.640000000000000e+000    9.999998650681993e-001
    1.650000000000000e+000    9.999998760013181e-001
    1.660000000000000e+000    9.999998860485592e-001
    1.670000000000000e+000    9.999998952817024e-001
    1.680000000000000e+000    9.999999037667119e-001
    1.690000000000000e+000    9.999999115642063e-001
    1.700000000000000e+000    9.999999187298934e-001
    1.710000000000000e+000    9.999999253149662e-001
    1.720000000000000e+000    9.999999313664703e-001
    1.730000000000000e+000    9.999999369276392e-001
    1.740000000000000e+000    9.999999420382033e-001
    1.750000000000000e+000    9.999999467346737e-001
    1.760000000000000e+000    9.999999510506032e-001
    1.770000000000000e+000    9.999999550168260e-001
    1.780000000000000e+000    9.999999586616776e-001
    1.790000000000000e+000    9.999999620111978e-001
    1.800000000000000e+000    9.999999650893164e-001