    2.000000000000000e+002                         0
    2.100000000000000e+002    2.942085067058775e-002
    2.200000000000000e+002    5.797611488699439e-002
    2.300000000000000e+002    8.569125893903107e-002
    2.400000000000000e+002    1.125909998765988e-001
    2.500000000000000e+002    1.386993275529650e-001
    2.600000000000000e+002    1.640395260195060e-001
    2.700000000000000e+002    1.886341942909999e-001
    2.800000000000000e+002    2.125052664999855e-001
    2.900000000000000e+002    2.356740314581636e-001
    3.000000000000000e+002    2.581611516422854e-001
    3.100000000000000e+002    2.799866816214585e-001
    3.200000000000000e+002    3.011700859423079e-001
    3.300000000000000e+002    3.217302564879389e-001
    3.400000000000000e+002    3.416855293261850e-001
    3.500000000000000e+002    3.610537010621664e-001
    3.600000000000000e+002    3.798520447097410e-001
    3.700000000000000e+002    3.980973250960060e-001
    3.800000000000000e+002    4.158058138125838e-001
    3.900000000000000e+002    4.329933037270293e-001
    4.000000000000000e+002    4.496751230672996e-001
    4.100000000000000e+002    4.658661490918462e-001
    4.200000000000000e+002    4.815808213575209e-001
    4.300000000000000e+002    4.968331545971301e-001
    4.400000000000000e+002    5.116367512181186e-001
    4.500000000000000e+002    5.260048134335333e-001
    4.600000000000000e+002    5.399501550360828e-001
    4.700000000000000e+002    5.534852128257932e-001
    4.800000000000000e+002    5.666220577014548e-001
    4.900000000000000e+002    5.793724054257470e-001
    5.000000000000000e+002    5.917476270736445e-001
    5.100000000000000e+002    6.037587591734239e-001
    5.200000000000000e+002    6.154165135493110e-001
    5.300000000000000e+002    6.267312868745507e-001
    5.400000000000000e+002    6.377131699434170e-001
    5.500000000000000e+002    6.483719566704324e-001
    5.600000000000000e+002    6.587171528248225e-001
    5.700000000000000e+002    6.687579845079964e-001
    5.800000000000000e+002    6.785034063816111e-001
    5.900000000000000e+002    6.879621096535604e-001
    6.000000000000000e+002    6.971425298290082e-001
    6.100000000000000e+002    7.060528542333808e-001
    6.200000000000000e+002    7.147010293140261e-001
    6.300000000000000e+002    7.230947677270505e-001
    6.400000000000000e+002    7.312415552156574e-001
    6.500000000000000e+002    7.391486572861169e-001
    6.600000000000000e+002    7.468231256873243e-001
    6.700000000000000e+002    7.542718046997238e-001
    6.800000000000000e+002    7.615013372392062e-001
    6.900000000000000e+002    7.685181707814264e-001
    7.000000000000000e+002    7.753285631118205e-001
    7.100000000000000e+002    7.819385879064540e-001
    7.200000000000000e+002    7.883541401486758e-001
    7.300000000000000e+002    7.945809413864097e-001
    7.400000000000000e+002    8.006245448347729e-001
    7.500000000000000e+002    8.064903403285695e-001
    7.600000000000000e+002    8.121835591290789e-001
    7.700000000000000e+002    8.177092785894234e-001
    7.800000000000000e+002    8.230724266826778e-001
    7.900000000000000e+002    8.282777863967561e-001
    8.000000000000000e+002    8.333299999999999e-001
    8.100000000000000e+002    8.394066365628978e-001
    8.200000000000000e+002    8.452617244852632e-001
    8.300000000000000e+002    8.509033412289639e-001
    8.400000000000000e+002    8.563392697589572e-001
    8.500000000000000e+002    8.615770092803787e-001
    8.600000000000000e+002    8.666237855841679e-001
    8.700000000000000e+002    8.714865610155000e-001
    8.800000000000000e+002    8.761720440787806e-001
    8.900000000000000e+002    8.806866986924470e-001
    9.000000000000000e+002    8.850367531063519e-001
    9.100000000000000e+002    8.892282084940244e-001
    9.200000000000000e+002    8.932668472316672e-001
    9.300000000000000e+002    8.971582408753067e-001
    9.400000000000000e+002    9.009077578471063e-001
    9.500000000000000e+002    9.045205708414412e-001
    9.600000000000000e+002    9.080016639609559e-001
    9.700000000000000e+002    9.113558395924470e-001
    9.800000000000000e+002    9.145877250320578e-001
    9.900000000000000e+002    9.177017788689239e-001
    1.000000000000000e+003    9.207022971360779e-001
    1.010000000000000e+003    9.235934192370962e-001
    1.020000000000000e+003    9.263791336566669e-001
    1.030000000000000e+003    9.290632834629555e-001
    1.040000000000000e+003    9.316495716093581e-001
    1.050000000000000e+003    9.341415660429593e-001
    1.060000000000000e+003    9.365427046267389e-001
    1.070000000000000e+003    9.388562998823203e-001
    1.080000000000000e+003    9.410855435598026e-001
    1.090000000000000e+003    9.432335110409794e-001
    1.100000000000000e+003    9.453031655820230e-001
    1.110000000000000e+003    9.472973624014809e-001
    1.120000000000000e+003    9.492188526192305e-001
    1.130000000000000e+003    9.510702870518211e-001
    1.140000000000000e+003    9.528542198694427e-001
    1.150000000000000e+003    9.545731121195639e-001
    1.160000000000000e+003    9.562293351221013e-001
    1.170000000000000e+003    9.578251737408052e-001
    1.180000000000000e+003    9.593628295353723e-001
    1.190000000000000e+003    9.608444237986354e-001
    1.200000000000000e+003    9.622720004830210e-001
    1.210000000000000e+003    9.636475290203095e-001
    1.220000000000000e+003    9.649729070385903e-001
    1.230000000000000e+003    9.662499629801594e-001
    1.240000000000000e+003    9.674804586239700e-001
    1.250000000000000e+003    9.686660915161177e-001
    1.260000000000000e+003    9.698084973117117e-001
    1.270000000000000e+003    9.709092520313642e-001
    1.280000000000000e+003    9.719698742354097e-001
    1.290000000000000e+003    9.729918271188545e-001
    1.300000000000000e+003    9.739765205299460e-001
    1.310000000000000e+003    9.749253129151476e-001
    1.320000000000000e+003    9.758395131932003e-001
    1.330000000000000e+003    9.767203825608586e-001
    1.340000000000000e+003    9.775691362327910e-001
    1.350000000000000e+003    9.783869451180445e-001
    1.360000000000000e+003    9.791749374353878e-001
    1.370000000000000e+003    9.799342002697596e-001
    1.380000000000000e+003    9.806657810719710e-001
    1.390000000000000e+003    9.813706891037292e-001
    1.400000000000000e+003    9.820498968299778e-001
    1.410000000000000e+003    9.827043412604737e-001
    1.420000000000000e+003    9.833349252424501e-001
    1.430000000000000e+003    9.839425187061518e-001
    1.440000000000000e+003    9.845279598649580e-001
    1.450000000000000e+003    9.850920563717512e-001
    1.460000000000000e+003    9.856355864331242e-001
    1.470000000000000e+003    9.861592998829656e-001
    1.480000000000000e+003    9.866639192169026e-001
    1.490000000000000e+003    9.871501405890291e-001
    1.500000000000000e+003    9.876186347722943e-001
    1.510000000000000e+003    9.880700480838757e-001
    1.520000000000000e+003    9.885050032768146e-001
    1.530000000000000e+003    9.889241003991431e-001
    1.540000000000000e+003    9.893279176216880e-001
    1.550000000000000e+003    9.897170120356936e-001
    1.560000000000000e+003    9.900919204213643e-001
    1.570000000000000e+003    9.904531599883868e-001
    1.580000000000000e+003    9.908012290894530e-001
    1.590000000000000e+003    9.911366079077691e-001
    1.600000000000000e+003    9.914597591194986e-001
    1.610000000000000e+003    9.917711285320529e-001
    1.620000000000000e+003    9.920711456991106e-001
    1.630000000000000e+003    9.923602245132144e-001
    1.640000000000000e+003    9.926387637767611e-001
    1.650000000000000e+003    9.929071477521752e-001
    1.660000000000000e+003    9.931657466920225e-001
    1.670000000000000e+003    9.934149173497975e-001
    1.680000000000000e+003    9.936550034720866e-001
    1.690000000000000e+003    9.938863362727884e-001
    1.700000000000000e+003    9.941092348900443e-001
    1.710000000000000e+003    9.943240068265092e-001
    1.720000000000000e+003    9.945309483735710e-001
    1.730000000000000e+003    9.947303450201033e-001
    1.740000000000000e+003    9.949224718463150e-001
    1.750000000000000e+003    9.951075939032408e-001
    1.760000000000000e+003    9.952859665783960e-001
    1.770000000000000e+003    9.954578359480992e-001
    1.780000000000000e+003    9.956234391169506e-001
    1.790000000000000e+003    9.957830045449322e-001
    1.800000000000000e+003    9.959367523625828e-001
    1.810000000000000e+003    9.960848946746824e-001
    1.820000000000000e+003    9.962276358528633e-001
    1.830000000000000e+003    9.963651728175544e-001
    1.840000000000000e+003    9.964976953096446e-001
    1.850000000000000e+003    9.966253861522426e-001
    1.860000000000000e+003    9.967484215028933e-001
    1.870000000000000e+003    9.968669710965973e-001
    1.880000000000000e+003    9.969811984799718e-001
    1.890000000000000e+003    9.970912612368731e-001
    1.900000000000000e+003    9.971973112057934e-001
    1.910000000000000e+003    9.972994946893314e-001
    1.920000000000000e+003    9.973979526560268e-001
    1.930000000000000e+003    9.974928209348339e-001
    1.940000000000000e+003    9.975842304025072e-001
    1.950000000000000e+003    9.976723071641540e-001
    1.960000000000000e+003    9.977571727272038e-001
    1.970000000000000e+003    9.978389441690357e-001
    1.980000000000000e+003    9.979177342984945e-001
    1.990000000000000e+003    9.979936518115169e-001
    2.000000000000000e+003    9.980668014410845e-001
    2.010000000000000e+003    9.981372841017100e-001
    2.020000000000000e+003    9.982051970286545e-001
    2.030000000000000e+003    9.982706339120701e-001
    2.040000000000000e+003    9.983336850262511e-001
    2.050000000000000e+003    9.983944373541733e-001
    2.060000000000000e+003    9.984529747074922e-001
    2.070000000000000e+003    9.985093778421665e-001
    2.080000000000000e+003    9.985637245698665e-001
    2.090000000000000e+003    9.986160898653195e-001
    2.100000000000000e+003    9.986665459697424e-001
    2.110000000000000e+003    9.987151624905032e-001
    2.120000000000000e+003    9.987620064971486e-001
    2.130000000000000e+003    9.988071426139306e-001
    2.140000000000000e+003    9.988506331089597e-001
    2.150000000000000e+003    9.988925379801080e-001
    2.160000000000000e+003    9.989329150377795e-001
    2.170000000000000e+003    9.989718199846634e-001
    2.180000000000000e+003    9.990093064925798e-001
    2.190000000000000e+003    9.990454262765230e-001
    2.200000000000000e+003    9.990802291660056e-001
    2.210000000000000e+003    9.991137631738015e-001
    2.220000000000000e+003    9.991460745621825e-001
    2.230000000000000e+003    9.991772079067403e-001
    2.240000000000000e+003    9.992072061578806e-001
    2.250000000000000e+003    9.992361107000769e-001
    2.260000000000000e+003    9.992639614089622e-001
    2.270000000000000e+003    9.992907967063404e-001
    2.280000000000000e+003    9.993166536131909e-001
    2.290000000000000e+003    9.993415678007424e-001
    2.300000000000000e+003    9.993655736396828e-001
    2.310000000000000e+003    9.993887042475761e-001
    2.320000000000000e+003    9.994109915345498e-001
    2.330000000000000e+003    9.994324662473176e-001
    2.340000000000000e+003    9.994531580115957e-001
    2.350000000000000e+003    9.994730953729737e-001
    2.360000000000000e+003    9.994923058362949e-001
    2.370000000000000e+003    9.995108159036013e-001
    2.380000000000000e+003    9.995286511106941e-001
    2.390000000000000e+003    9.995458360623628e-001
    2.400000000000000e+003    9.995623944663288e-001
    2.410000000000000e+003    9.995783491659510e-001
    2.420000000000000e+003    9.995937221717406e-001
    2.430000000000000e+003    9.996085346917256e-001
    2.440000000000000e+003    9.996228071607084e-001
    2.450000000000000e+003    9.996365592684573e-001
    2.460000000000000e+003    9.996498099868694e-001
    2.470000000000000e+003    9.996625775961436e-001
    2.480000000000000e+003    9.996748797099998e-001
    2.490000000000000e+003    9.996867332999774e-001
    2.500000000000000e+003    9.996981547188488e-001
    2.510000000000000e+003    9.997091597231794e-001
    2.520000000000000e+003    9.997197634950645e-001
    2.530000000000000e+003    9.997299806630741e-001
    2.540000000000000e+003    9.997398253224336e-001
    2.550000000000000e+003    9.997493110544695e-001
    2.560000000000000e+003    9.997584509453457e-001
    2.570000000000000e+003    9.997672576041160e-001
    2.580000000000000e+003    9.997757431801199e-001
    2.590000000000000e+003    9.997839193797429e-001
    2.600000000000000e+003    9.997917974825663e-001
    2.610000000000000e+003    9.997993883569284e-001
    2.620000000000000e+003    9.998067024749174e-001
    2.630000000000000e+003    9.998137499268190e-001
    2.640000000000000e+003    9.998205404350360e-001
    2.650000000000000e+003    9.998270833675015e-001
    2.660000000000000e+003    9.998333877506020e-001
    2.670000000000000e+003    9.998394622816306e-001
    2.680000000000000e+003    9.998453153407844e-001
    2.690000000000000e+003    9.998509550027266e-001
    2.700000000000000e+003    9.998563890477255e-001
    2.710000000000000e+003    9.998616249723875e-001
    2.720000000000000e+003    9.998666700000000e-001
    2.730000000000000e+003    9.998715341340245e-001
    2.740000000000000e+003    9.998762208151142e-001
    2.750000000000000e+003    9.998807365170922e-001
    2.760000000000000e+003    9.998850874776045e-001
    2.770000000000000e+003    9.998892797067355e-001
    2.780000000000000e+003    9.998933189953102e-001
    2.790000000000000e+003    9.998972109228935e-001
    2.800000000000000e+003    9.999009608654969e-001
    2.810000000000000e+003    9.999045740030046e-001
    2.820000000000000e+003    9.999080553263288e-001
    2.830000000000000e+003    9.999114096443036e-001
    2.840000000000000e+003    9.999146415903276e-001
    2.850000000000000e+003    9.999177556287643e-001
    2.860000000000000e+003    9.999207560611085e-001
    2.870000000000000e+003    9.999236470319284e-001
    2.880000000000000e+003    9.999264325345899e-001
    2.890000000000000e+003    9.999291164167740e-001
    2.900000000000000e+003    9.999317023857903e-001
    2.910000000000000e+003    9.999341940136991e-001
    2.920000000000000e+003    9.999365947422447e-001
    2.930000000000000e+003    9.999389078876102e-001
    2.940000000000000e+003    9.999411366449980e-001
    2.950000000000000e+003    9.999432840930431e-001
    2.960000000000000e+003    9.999453531980664e-001
    2.970000000000000e+003    9.999473468181716e-001
    2.980000000000000e+003    9.999492677071931e-001
    2.990000000000000e+003    9.999511185185003e-001
    3.000000000000000e+003    9.999529018086625e-001
    3.010000000000000e+003    9.999546200409807e-001
    3.020000000000000e+003    9.999562755888896e-001
    3.030000000000000e+003    9.999578707392367e-001
    3.040000000000000e+003    9.999594076954409e-001
    3.050000000000000e+003    9.999608885805361e-001
    3.060000000000000e+003    9.999623154401038e-001
    3.070000000000000e+003    9.999636902450989e-001
    3.080000000000000e+003    9.999650148945719e-001
    3.090000000000000e+003    9.999662912182925e-001
    3.100000000000000e+003    9.999675209792768e-001
    3.110000000000000e+003    9.999687058762226e-001
    3.120000000000000e+003    9.999698475458561e-001
    3.130000000000000e+003    9.999709475651925e-001
    3.140000000000000e+003    9.999720074537145e-001
    3.150000000000000e+003    9.999730286754712e-001
    3.160000000000000e+003    9.999740126411003e-001
    3.170000000000000e+003    9.999749607097768e-001
    3.180000000000000e+003    9.999758741910902e-001
    3.190000000000000e+003    9.999767543468541e-001
    3.200000000000000e+003    9.999776023928481e-001
    3.210000000000000e+003    9.999784195004984e-001
    3.220000000000000e+003    9.999792067984951e-001
    3.230000000000000e+003    9.999799653743513e-001
    3.240000000000000e+003    9.999806962759060e-001
    3.250000000000000e+003    9.999814005127707e-001
    3.260000000000000e+003    9.999820790577243e-001
    3.270000000000000e+003    9.999827328480572e-001
    3.280000000000000e+003    9.999833627868652e-001
    3.290000000000000e+003    9.999839697442977e-001
    3.300000000000000e+003    9.999845545587595e-001
    3.310000000000000e+003    9.999851180380684e-001
    3.320000000000000e+003    9.999856609605718e-001
    3.330000000000000e+003    9.999861840762214e-001
    3.340000000000000e+003    9.999866881076093e-001
    3.350000000000000e+003    9.999871737509657e-001
    3.360000000000000e+003    9.999876416771213e-001
    3.370000000000000e+003    9.999880925324337e-001
    3.380000000000000e+003    9.999885269396799e-001
    3.390000000000000e+003    9.999889454989169e-001
    3.400000000000000e+003    9.999893487883105e-001
    3.410000000000000e+003    9.999897373649337e-001
    3.420000000000000e+003    9.999901117655368e-001
    3.430000000000000e+003    9.999904725072880e-001
    3.440000000000000e+003    9.999908200884886e-001
    3.450000000000000e+003    9.999911549892605e-001
    3.460000000000000e+003    9.999914776722103e-001
    3.470000000000000e+003    9.999917885830674e-001
    3.480000000000000e+003    9.999920881513003e-001
    3.490000000000000e+003    9.999923767907096e-001
    3.500000000000000e+003    9.999926549000000e-001
    3.510000000000000e+003    9.999929228633303e-001
    3.520000000000000e+003    9.999931810508445e-001
    3.530000000000000e+003    9.999934298191832e-001
    3.540000000000000e+003    9.999936695119760e-001
    3.550000000000000e+003    9.999939004603161e-001
    3.560000000000000e+003    9.999941229832180e-001
    3.570000000000000e+003    9.999943373880578e-001
    3.580000000000000e+003    9.999945439709980e-001
    3.590000000000000e+003    9.999947430173964e-001
    3.600000000000000e+003    9.999949348022007e-001
    3.610000000000000e+003    9.999951195903276e-001
    3.620000000000000e+003    9.999952976370293e-001
    3.630000000000000e+003    9.999954691882460e-001
    3.640000000000000e+003    9.999956344809454e-001
    3.650000000000000e+003    9.999957937434503e-001
    3.660000000000000e+003    9.999959471957535e-001
    3.670000000000000e+003    9.999960950498226e-001
    3.680000000000000e+003    9.999962375098918e-001
    3.690000000000000e+003    9.999963747727445e-001
    3.700000000000000e+003    9.999965070279852e-001
    3.710000000000000e+003    9.999966344583011e-001
    3.720000000000000e+003    9.999967572397148e-001
    3.730000000000000e+003    9.999968755418272e-001
    3.740000000000000e+003    9.999969895280516e-001
    3.750000000000000e+003    9.999970993558400e-001
    3.760000000000000e+003    9.999972051769002e-001
    3.770000000000000e+003    9.999973071374052e-001
    3.780000000000000e+003    9.999974053781955e-001
    3.790000000000000e+003    9.999975000349735e-001
    3.800000000000000e+003    9.999975912384906e-001
    3.810000000000000e+003    9.999976791147286e-001
    3.820000000000000e+003    9.999977637850730e-001
    3.830000000000000e+003    9.999978453664808e-001
    3.840000000000000e+003    9.999979239716426e-001
    3.850000000000000e+003    9.999979997091373e-001
    3.860000000000000e+003    9.999980726835830e-001
    3.870000000000000e+003    9.999981429957811e-001
    3.880000000000000e+003    9.999982107428552e-001
    3.890000000000000e+003    9.999982760183863e-001
    3.900000000000000e+003    9.999983389125409e-001
    3.910000000000000e+003    9.999983995121961e-001
    3.920000000000000e+003    9.999984579010596e-001
    3.930000000000000e+003    9.999985141597855e-001
    3.940000000000000e+003    9.999985683660853e-001
    3.950000000000000e+003    9.999986205948352e-001
    3.960000000000000e+003    9.999986709181803e-001
    3.970000000000000e+003    9.999987194056332e-001
    3.980000000000000e+003    9.999987661241709e-001
    3.990000000000000e+003    9.999988111383268e-001
    4.000000000000000e+003    9.999988545102799e-001