                         0                         0
    5.000000000000000e+000    4.855228212936735e-002
    1.000000000000000e+001    9.474724015876501e-002
    1.500000000000000e+001    1.386993275529650e-001
    2.000000000000000e+001    1.805174407998272e-001
    2.500000000000000e+001    2.203051892142101e-001
    3.000000000000000e+001    2.581611516422854e-001
    3.500000000000000e+001    2.941791207022740e-001
    4.000000000000000e+001    3.284483351667353e-001
    4.500000000000000e+001    3.610537010621664e-001
    5.000000000000000e+001    3.920760020337112e-001
    5.500000000000000e+001    4.215920994961834e-001
    6.000000000000000e+001    4.496751230672996e-001
    6.500000000000000e+001    4.763946517549454e-001
    7.000000000000000e+001    5.018168863473850e-001
    7.500000000000000e+001    5.260048134335335e-001
    8.000000000000000e+001    5.490183614596707e-001
    8.500000000000000e+001    5.709145492092450e-001
    9.000000000000000e+001    5.917476270736446e-001
    9.500000000000000e+001    6.115692114639486e-001
    1.000000000000000e+002    6.304284126966836e-001
    1.050000000000000e+002    6.483719566704324e-001
    1.100000000000000e+002    6.654443006347669e-001
    1.150000000000000e+002    6.816877433383355e-001
    1.200000000000000e+002    6.971425298290082e-001
    1.250000000000000e+002    7.118469511657366e-001
    1.300000000000000e+002    7.258374392891751e-001
    1.350000000000000e+002    7.391486572861170e-001
    1.400000000000000e+002    7.518135852713856e-001
    1.450000000000000e+002    7.638636020999655e-001
    1.500000000000000e+002    7.753285631118205e-001
    1.550000000000000e+002    7.862368741020258e-001
    1.600000000000000e+002    7.966155616994797e-001
    1.650000000000000e+002    8.064903403285695e-001
    1.700000000000000e+002    8.158856759196946e-001
    1.750000000000000e+002    8.248248465264993e-001
    1.800000000000000e+002    8.333299999999999e-001
    1.850000000000000e+002    8.486414230143131e-001
    1.900000000000000e+002    8.625462361124852e-001
    1.950000000000000e+002    8.751736599067568e-001
    2.000000000000000e+002    8.866410439380531e-001
    2.050000000000000e+002    8.970549572321396e-001
    2.100000000000000e+002    9.065121786699825e-001
    2.150000000000000e+002    9.151005963760509e-001
    2.200000000000000e+002    9.229000244827839e-001
    2.250000000000000e+002    9.299829448616001e-001
    2.300000000000000e+002    9.364151807135261e-001
    2.350000000000000e+002    9.422565082792780e-001
    2.400000000000000e+002    9.475612123535533e-001
    2.450000000000000e+002    9.523785907660599e-001
    2.500000000000000e+002    9.567534125175363e-001
    2.550000000000000e+002    9.607263338283271e-001
    2.600000000000000e+002    9.643342759659488e-001
    2.650000000000000e+002    9.676107683628835e-001
    2.700000000000000e+002    9.705862602132733e-001
    2.750000000000000e+002    9.732884034442537e-001
    2.800000000000000e+002    9.757423096916450e-001
    2.850000000000000e+002    9.779707836681340e-001
    2.900000000000000e+002    9.799945350926916e-001
    2.950000000000000e+002    9.818323711507332e-001
    3.000000000000000e+002    9.835013712735997e-001
    3.050000000000000e+002    9.850170458616241e-001
    3.100000000000000e+002    9.863934804258331e-001
    3.150000000000000e+002    9.876434664878275e-001
    3.200000000000000e+002    9.887786204543206e-001
    3.250000000000000e+002    9.898094915710667e-001
    3.300000000000000e+002    9.907456599594168e-001
    3.350000000000000e+002    9.915958256465810e-001
    3.400000000000000e+002    9.923678894169731e-001
    3.450000000000000e+002    9.930690262360091e-001
    3.500000000000000e+002    9.937057519287047e-001
    3.550000000000000e+002    9.942839837327284e-001
    3.600000000000000e+002    9.948090952886466e-001
    3.650000000000000e+002    9.952859665783960e-001
    3.700000000000000e+002    9.957190292760727e-001
    3.750000000000000e+002    9.961123079324953e-001
    3.800000000000000e+002    9.964694573762761e-001
    3.850000000000000e+002    9.967937966789815e-001
    3.900000000000000e+002    9.970883400000231e-001
    3.950000000000000e+002    9.973558245979322e-001
    4.000000000000000e+002    9.975987362683293e-001
    4.050000000000000e+002    9.978193324449930e-001
    4.100000000000000e+002    9.980196631787082e-001
    4.150000000000000e+002    9.982015901888577e-001
    4.200000000000000e+002    9.983668041648071e-001
    4.250000000000000e+002    9.985168404778679e-001
    4.300000000000000e+002    9.986530934498550e-001
    4.350000000000000e+002    9.987768293108379e-001
    4.400000000000000e+002    9.988891979665076e-001
    4.450000000000000e+002    9.989912436845130e-001
    4.500000000000000e+002    9.990839147990793e-001
    4.550000000000000e+002    9.991680725240956e-001
    4.600000000000000e+002    9.992444989565718e-001
    4.650000000000000e+002    9.993139043448460e-001
    4.700000000000000e+002    9.993769336890852e-001
    4.750000000000000e+002    9.994341727354186e-001
    4.800000000000000e+002    9.994861534194112e-001
    4.850000000000000e+002    9.995333588094625e-001
    4.900000000000000e+002    9.995762275960721e-001
    4.950000000000000e+002    9.996151581686906e-001
    5.000000000000000e+002    9.996505123180444e-001
    5.050000000000000e+002    9.996826185983391e-001
    5.100000000000000e+002    9.997117753805896e-001
    5.150000000000000e+002    9.997382536254503e-001
    5.200000000000000e+002    9.997622994013139e-001
    5.250000000000000e+002    9.997841361710820e-001
    5.300000000000000e+002    9.998039668688563e-001
    5.350000000000000e+002    9.998219757858525e-001
    5.400000000000000e+002    9.998383302830602e-001
    5.450000000000000e+002    9.998531823465670e-001
    5.500000000000000e+002    9.998666700000000e-001
    5.550000000000000e+002    9.998789185872112e-001
    5.600000000000000e+002    9.998900419371265e-001
    5.650000000000000e+002    9.999001434215837e-001
    5.700000000000000e+002    9.999093169159913e-001
    5.750000000000000e+002    9.999176476717331e-001
    5.800000000000000e+002    9.999252131084302e-001
    5.850000000000000e+002    9.999320835334182e-001
    5.900000000000000e+002    9.999383227951298e-001
    5.950000000000000e+002    9.999439888764529e-001
    6.000000000000000e+002    9.999491344335786e-001
    6.050000000000000e+002    9.999538072853476e-001
    6.100000000000000e+002    9.999580508576415e-001
    6.150000000000000e+002    9.999619045869493e-001
    6.200000000000000e+002    9.999654042868601e-001
    6.250000000000000e+002    9.999685824808864e-001
    6.300000000000000e+002    9.999714687047131e-001
    6.350000000000000e+002    9.999740897806794e-001
    6.400000000000000e+002    9.999764700670440e-001
    6.450000000000000e+002    9.999786316843536e-001
    6.500000000000000e+002    9.999805947210128e-001
    6.550000000000000e+002    9.999823774199704e-001
    6.600000000000000e+002    9.999839963482565e-001
    6.650000000000000e+002    9.999854665509421e-001
    6.700000000000000e+002    9.999868016909577e-001
    6.750000000000000e+002    9.999880141760649e-001
    6.800000000000000e+002    9.999891152741656e-001
    6.850000000000000e+002    9.999901152180166e-001
    6.900000000000000e+002    9.999910233003251e-001
    6.950000000000000e+002    9.999918479601079e-001
    7.000000000000000e+002    9.999925968611171e-001
    7.050000000000000e+002    9.999932769630615e-001
    7.100000000000000e+002    9.999938945862841e-001
    7.150000000000000e+002    9.999944554704989e-001
    7.200000000000000e+002    9.999949648281313e-001
    7.250000000000000e+002    9.999954273927587e-001
    7.300000000000000e+002    9.999958474630998e-001
    7.350000000000000e+002    9.999962289429645e-001
    7.400000000000000e+002    9.999965753775327e-001
    7.450000000000000e+002    9.999968899863001e-001
    7.500000000000000e+002    9.999971756929981e-001
    7.550000000000000e+002    9.999974351527642e-001
    7.600000000000000e+002    9.999976707768177e-001
    7.650000000000000e+002    9.999978847548667e-001
    7.700000000000000e+002    9.999980790754585e-001
    7.750000000000000e+002    9.999982555444584e-001
    7.800000000000000e+002    9.999984158018337e-001
    7.850000000000000e+002    9.999985613368926e-001
    7.900000000000000e+002    9.999986935021257e-001
    7.950000000000000e+002    9.999988135257750e-001
    8.000000000000000e+002    9.999989225232475e-001
    8.050000000000000e+002    9.999990215074820e-001
    8.100000000000000e+002    9.999991113983613e-001
    8.150000000000000e+002    9.999991930312621e-001
    8.200000000000000e+002    9.999992671648177e-001
    8.250000000000000e+002    9.999993344879681e-001
    8.300000000000000e+002    9.999993956263628e-001
    8.350000000000000e+002    9.999994511481748e-001
    8.400000000000000e+002    9.999995015693812e-001
    8.450000000000000e+002    9.999995473585577e-001
    8.500000000000000e+002    9.999995889412336e-001
    8.550000000000000e+002    9.999996267038463e-001
    8.600000000000000e+002    9.999996609973324e-001
    8.650000000000000e+002    9.999996921403890e-001
    8.700000000000000e+002    9.999997204224358e-001
    8.750000000000000e+002    9.999997461063042e-001
    8.800000000000000e+002    9.999997694306804e-001
    8.850000000000000e+002    9.999997906123230e-001
    8.900000000000000e+002    9.999998098480781e-001
    8.950000000000000e+002    9.999998273167078e-001
    9.000000000000000e+002    9.999998431805521e-001