%Afvoergolven Olst HR 2006
%Door: Chris Geerse
%Datum 10 nov 2005.
%
%Golven afkomstig uit spreadsheet Stolken, 2005]:
%Spreadsheet 'Q-Rijn-berekend.xls'. Door Chris Stolken; toegeleverd aan 
%RIZA-WRV door Claus van den Brink, 29 juli 2005.
%Zie ook het spreadsheet door Chris Geerse, getiteld 'Afvoergolven Rijn HR 2006.xls'.
%
%
%Eerste rij getallen geeft de terugkeertijden in jaren (bij dag is 999 gezet).
%t, dag       Q-Olst-t1      Q-Olst-3_5       Q-Olst-t10     Q-Olst-t50      Q-Olst-t1250    Q-Olst-t28401
%999			  1				 3.5			  10			 50				 1250			 28401	foutieve getallen volgens Stolken
999			  1.06		     3.78			  11.0			 54.3			 1250			 26293
0.0000		  0.00			 0.00			  0.00			 662.80			 662.80			 662.80
0.0417		  155.20		 155.20			  155.20		 642.30			 642.40			 642.40
0.0833		  169.90		 169.90			  169.90		 646.90			 646.90			 646.90
0.1250		  176.20		 176.20			  176.20		 649.20			 649.20			 649.30
0.1667		  179.00		 179.00			  179.00		 656.20			 656.30			 656.40
0.2083		  180.70		 180.70			  180.70		 665.50			 665.40			 665.50
0.2500		  184.00		 184.00			  184.00		 668.10			 668.30			 668.40
0.2917		  187.90		 187.90			  187.90		 670.40			 670.70			 670.90
0.3333		  191.50		 191.50			  191.70		 671.60			 671.90			 672.30
0.3750		  194.50		 194.50			  194.90		 671.60			 672.10			 672.90
0.4167		  198.40		 198.50			  199.10		 671.00			 672.10			 672.80
0.4583		  202.30		 202.40			  203.80		 669.80			 671.40			 672.60
0.5000		  205.70		 205.80			  207.90		 666.70			 668.70			 671.30
0.5417		  209.20		 209.30			  212.20		 664.30			 667.70			 671.30
0.5833		  211.80		 212.00			  216.30		 662.00			 666.70			 671.70
0.6250		  215.90		 216.20			  221.20		 659.60			 666.40			 673.70
0.6667		  219.40		 218.40			  226.40		 657.20			 666.10			 675.50
0.7083		  222.60		 223.20			  231.60		 654.30			 665.30			 676.40
0.7500		  226.50		 227.30			  238.10		 650.90			 663.40			 676.80
0.7917		  228.70		 230.20			  241.20		 648.10			 663.20			 678.80
0.8333		  233.20		 235.10			  246.90		 644.90			 663.50			 681.30
0.8750		  236.30		 235.80			  255.40		 641.60			 663.80			 685.00
0.9167		  236.00		 239.60			  261.80		 638.10			 664.30			 688.40
0.9583		  240.20		 245.10			  267.70		 633.70			 664.80			 691.50
1.0000		  245.10		 250.20			  274.60		 631.10			 665.20			 695.20
1.0417		  248.70		 254.30			  281.00		 628.70			 666.20			 697.70
1.0833		  251.90		 257.80			  288.10		 625.90			 667.30			 700.70
1.1250		  254.60		 262.70			  292.60		 623.80			 668.60			 704.20
1.1667		  257.90		 267.50			  299.00		 621.50			 669.90			 707.00
1.2083		  261.20		 271.50			  306.20		 619.30			 670.50			 710.60
1.2500		  264.40		 275.60			  314.60		 617.00			 672.50			 714.20
1.2917		  267.30		 280.00			  320.80		 615.60			 674.30			 718.20
1.3333		  270.60		 283.80			  324.20		 613.30			 676.40			 722.40
1.3750		  273.20		 286.40			  330.50		 611.60			 678.40			 726.40
1.4167		  276.30		 291.00			  333.60		 610.50			 681.10			 730.60
1.4583		  279.00		 293.70			  341.80		 609.20			 683.30			 733.50
1.5000		  279.50		 298.40			  346.00		 608.50			 685.50			 734.60
1.5417		  283.00		 303.40			  354.50		 607.70			 688.30			 740.00
1.5833		  285.30		 307.80			  359.70		 606.80			 690.80			 745.10
1.6250		  287.10		 313.20			  366.70		 605.70			 693.60			 751.50
1.6667		  289.10		 317.30			  372.60		 605.10			 696.20			 746.80
1.7083		  290.90		 317.60			  376.70		 604.60			 698.90			 755.00
1.7500		  292.70		 321.50			  384.80		 604.30			 701.40			 764.80
1.7917		  295.00		 324.70			  392.20		 603.90			 703.90			 774.80
1.8333		  296.80		 328.30			  398.10		 604.20			 706.60			 783.80
1.8750		  299.00		 333.80			  404.10		 604.40			 709.40			 793.70
1.9167		  301.60		 337.00			  411.50		 604.80			 712.20			 802.60
1.9583		  303.90		 341.20			  419.10		 605.40			 712.20			 812.20
2.0000		  306.70		 345.00			  424.50		 606.00			 715.90			 823.00
2.0417		  308.50		 350.60			  432.40		 606.80			 719.30			 832.60
2.0833		  311.40		 354.50			  439.00		 607.70			 722.60			 841.80
2.1250		  311.10		 358.80			  445.10		 608.80			 722.70			 851.00
2.1667		  314.70		 363.40			  452.40		 610.00			 719.60			 860.00
2.2083		  316.30		 362.10			  457.90		 611.30			 721.90			 869.20
2.2500		  317.20		 370.00			  461.80		 612.80			 724.20			 877.90
2.2917		  317.80		 375.90			  465.00		 614.50			 727.00			 888.10
2.3333		  320.10		 379.90			  466.60		 616.30			 729.70			 897.70
2.3750		  323.70		 383.50			  469.40		 617.90			 735.00			 907.20
2.4167		  326.20		 388.60			  472.70		 619.80			 741.20			 913.60
2.4583		  329.00		 393.70			  476.60		 621.60			 748.70			 922.20
2.5000		  330.60		 397.20			  480.20		 623.20			 756.30			 930.40
2.5417		  333.70		 401.70			  483.10		 624.40			 763.50			 938.70
2.5833		  334.10		 406.60			  485.20		 626.10			 770.40			 947.30
2.6250		  337.10		 412.20			  487.40		 629.30			 778.10			 955.60
2.6667		  339.80		 417.00			  488.30		 632.00			 785.70			 965.80
2.7083		  342.10		 420.50			  490.20		 634.90			 793.30			 976.00
2.7500		  344.40		 426.40			  491.20		 637.80			 800.40			 985.40
2.7917		  346.80		 432.10			  493.60		 640.80			 809.10			 994.80
2.8333		  349.40		 436.80			  495.90		 643.70			 817.50			 1004.00
2.8750		  352.10		 443.40			  496.70		 646.70			 825.70			 1013.00
2.9167		  354.30		 447.80			  502.20		 650.60			 833.60			 1020.00
2.9583		  357.30		 452.70			  506.40		 653.30			 841.70			 1029.00
3.0000		  359.70		 455.40			  510.80		 658.50			 849.40			 1037.00
3.0417		  355.70		 459.00			  513.30		 661.40			 856.90			 1045.00
3.0833		  363.00		 462.60			  514.40		 665.80			 863.60			 1053.00
3.1250		  367.00		 464.00			  517.60		 670.80			 872.20			 1061.00
3.1667		  369.10		 467.20			  519.80		 675.20			 880.00			 1069.00
3.2083		  373.00		 469.90			  522.10		 679.80			 887.40			 1076.00
3.2500		  375.80		 473.80			  522.80		 683.40			 893.20			 1083.00
3.2917		  378.10		 477.00			  526.80		 688.10			 900.20			 1090.00
3.3333		  381.00		 481.10			  528.20		 692.70			 908.60			 1097.00
3.3750		  384.20		 482.70			  528.70		 697.40			 916.50			 1104.00
3.4167		  387.40		 485.10			  530.60		 701.60			 924.50			 1110.00
3.4583		  389.30		 486.60			  532.20		 706.30			 932.50			 1117.00
3.5000		  392.40		 488.80			  533.80		 709.70			 940.00			 1124.00
3.5417		  395.20		 489.70			  536.30		 713.70			 947.60			 1131.00
3.5833		  398.50		 492.10			  536.50		 717.60			 955.60			 1139.00
3.6250		  402.30		 493.90			  535.20		 721.80			 964.10			 1146.00
3.6667		  406.30		 495.10			  538.80		 726.00			 972.00			 1153.00
3.7083		  410.00		 497.00			  547.40		 730.30			 979.50			 1160.00
3.7500		  411.60		 500.90			  551.90		 734.50			 987.50			 1167.00
3.7917		  416.30		 505.10			  552.40		 738.00			 995.70			 1176.00
3.8333		  420.50		 509.50			  555.40		 737.90			 1004.00		 1187.00
3.8750		  424.40		 513.10			  553.90		 741.50			 1012.00		 1206.00
3.9167		  429.10		 512.70			  555.00		 745.80			 1022.00		 1224.00
3.9583		  432.90		 515.00			  555.00		 742.10			 1031.00		 1245.00
4.0000		  437.10		 517.90			  556.10		 744.10			 1040.00		 1267.00
4.0417		  441.70		 520.00			  557.20		 750.00			 1050.00		 1291.00
4.0833		  444.70		 520.40			  558.60		 757.80			 1059.00		 1317.00
4.1250		  448.80		 523.20			  558.90		 766.00			 1068.00		 1343.00
4.1667		  451.60		 525.80			  560.50		 773.80			 1077.00		 1371.00
4.2083		  455.80		 527.00			  561.60		 782.40			 1085.00		 1399.00
4.2500		  458.80		 526.50			  560.50		 791.30			 1092.00		 1428.00
4.2917		  460.40		 530.40			  564.00		 799.30			 1099.00		 1456.00
4.3333		  463.30		 531.60			  570.10		 808.20			 1106.00		 1483.00
4.3750		  466.50		 532.70			  572.40		 818.10			 1112.00		 1511.00
4.4167		  470.10		 535.70			  575.00		 827.40			 1118.00		 1539.00
4.4583		  472.60		 535.10			  577.20		 836.70			 1124.00		 1567.00
4.5000		  476.30		 538.20			  577.60		 845.90			 1129.00		 1594.00
4.5417		  479.60		 539.40			  577.30		 855.00			 1135.00		 1620.00
4.5833		  482.00		 546.20			  580.10		 863.80			 1140.00		 1647.00
4.6250		  483.90		 550.30			  580.70		 871.70			 1146.00		 1669.00
4.6667		  485.80		 550.10			  584.10		 880.70			 1151.00		 1695.00
4.7083		  487.70		 553.50			  584.70		 889.90			 1156.00		 1718.00
4.7500		  488.20		 552.20			  602.20		 898.30			 1161.00		 1737.00
4.7917		  491.60		 552.40			  610.20		 904.10			 1167.00		 1751.00
4.8333		  493.00		 553.10			  616.00		 912.30			 1173.00		 1764.00
4.8750		  493.60		 550.90			  623.40		 920.20			 1182.00		 1773.00
4.9167		  494.80		 552.60			  630.40		 928.30			 1191.00		 1780.00
4.9583		  498.30		 555.40			  635.70		 936.10			 1198.00		 1785.00
5.0000		  501.10		 556.10			  645.50		 943.30			 1205.00		 1790.00
5.0417		  503.10		 557.70			  650.40		 950.80			 1213.00		 1795.00
5.0833		  507.20		 560.80			  652.10		 958.90			 1222.00		 1799.00
5.1250		  510.30		 558.40			  654.00		 966.60			 1233.00		 1802.00
5.1667		  510.10		 559.60			  657.10		 973.90			 1246.00		 1805.00
5.2083		  512.50		 564.10			  658.00		 981.00			 1262.00		 1807.00
5.2500		  514.80		 571.00			  658.70		 988.30			 1279.00		 1810.00
5.2917		  515.60		 573.10			  660.20		 994.70			 1298.00		 1812.00
5.3333		  515.40		 574.70			  663.40		 1001.00		 1318.00		 1814.00
5.3750		  516.70		 576.60			  668.00		 1006.00		 1341.00		 1816.00
5.4167		  517.50		 576.30			  669.50		 1013.00		 1365.00		 1818.00
5.4583		  519.70		 577.00			  671.50		 1019.00		 1389.00		 1821.00
5.5000		  521.30		 577.10			  681.90		 1026.00		 1415.00		 1826.00
5.5417		  523.40		 578.90			  698.40		 1033.00		 1439.00		 1852.00
5.5833		  522.90		 581.10			  707.80		 1041.00		 1464.00		 1888.00
5.6250		  523.80		 583.60			  724.30		 1050.00		 1487.00		 1938.00
5.6667		  527.70		 598.70			  747.10		 1058.00		 1512.00		 1985.00
5.7083		  528.00		 607.80			  767.90		 1066.00		 1535.00		 2029.00
5.7500		  529.50		 612.50			  784.70		 1074.00		 1559.00		 2065.00
5.7917		  529.90		 616.20			  803.00		 1082.00		 1581.00		 2101.00
5.8333		  531.30		 624.80			  818.30		 1090.00		 1602.00		 2133.00
5.8750		  531.50		 628.90			  828.20		 1098.00		 1622.00		 2162.00
5.9167		  531.20		 635.00			  844.00		 1105.00		 1641.00		 2192.00
5.9583		  536.80		 644.30			  858.80		 1111.00		 1657.00		 2219.00
6.0000		  540.10		 645.70			  866.80		 1118.00		 1676.00		 2244.00
6.0417		  544.20		 647.90			  876.20		 1124.00		 1694.00		 2267.00
6.0833		  545.90		 650.50			  862.10		 1130.00		 1709.00		 2290.00
6.1250		  547.40		 653.50			  868.70		 1136.00		 1725.00		 2311.00
6.1667		  548.30		 654.70			  880.40		 1141.00		 1738.00		 2330.00
6.2083		  548.40		 655.90			  891.70		 1147.00		 1748.00		 2349.00
6.2500		  549.30		 657.30			  900.70		 1151.00		 1756.00		 2366.00
6.2917		  548.00		 659.90			  911.70		 1156.00		 1764.00		 2382.00
6.3333		  549.00		 661.50			  920.70		 1159.00		 1770.00		 2397.00
6.3750		  550.10		 663.30			  929.90		 1163.00		 1775.00		 2417.00
6.4167		  546.90		 666.80			  938.70		 1167.00		 1778.00		 2441.00
6.4583		  550.30		 666.70			  944.80		 1174.00		 1782.00		 2458.00
6.5000		  551.20		 679.30			  953.10		 1179.00		 1785.00		 2474.00
6.5417		  552.10		 691.40			  960.00		 1185.00		 1788.00		 2491.00
6.5833		  552.20		 699.60			  966.40		 1188.00		 1792.00		 2507.00
6.6250		  552.80		 712.70			  972.80		 1192.00		 1794.00		 2523.00
6.6667		  555.00		 728.70			  979.30		 1196.00		 1796.00		 2539.00
6.7083		  555.20		 741.70			  984.80		 1199.00		 1798.00		 2553.00
6.7500		  553.80		 751.20			  990.40		 1202.00		 1800.00		 2568.00
6.7917		  556.00		 760.30			  995.70		 1205.00		 1801.00		 2582.00
6.8333		  561.10		 770.60			  1000.00		 1208.00		 1801.00		 2595.00
6.8750		  563.60		 780.80			  1005.00		 1210.00		 1802.00		 2609.00
6.9167		  567.20		 785.00			  1009.00		 1212.00		 1803.00		 2622.00
6.9583		  567.90		 795.40			  1013.00		 1215.00		 1804.00		 2633.00
7.0000		  568.10		 805.90			  1017.00		 1218.00		 1806.00		 2645.00
7.0417		  569.40		 815.80			  1021.00		 1221.00		 1807.00		 2657.00
7.0833		  570.30		 824.50			  1025.00		 1223.00		 1808.00		 2668.00
7.1250		  570.30		 825.90			  1029.00		 1226.00		 1813.00		 2679.00
7.1667		  571.50		 833.90			  1033.00		 1228.00		 1833.00		 2689.00
7.2083		  571.60		 818.30			  1037.00		 1231.00		 1855.00		 2699.00
7.2500		  572.20		 825.60			  1041.00		 1234.00		 1879.00		 2710.00
7.2917		  572.50		 834.40			  1045.00		 1238.00		 1909.00		 2720.00
7.3333		  570.90		 842.70			  1049.00		 1243.00		 1935.00		 2729.00
7.3750		  571.60		 849.40			  1054.00		 1249.00		 1960.00		 2739.00
7.4167		  583.10		 855.40			  1058.00		 1255.00		 1981.00		 2749.00
7.4583		  588.50		 860.90			  1062.00		 1263.00		 2000.00		 2759.00
7.5000		  590.80		 866.10			  1067.00		 1271.00		 2018.00		 2769.00
7.5417		  594.80		 871.50			  1071.00		 1280.00		 2035.00		 2780.00
7.5833		  597.70		 878.40			  1075.00		 1290.00		 2049.00		 2790.00
7.6250		  599.30		 883.10			  1079.00		 1301.00		 2062.00		 2800.00
7.6667		  602.30		 888.40			  1083.00		 1312.00		 2076.00		 2810.00
7.7083		  604.20		 893.30			  1086.00		 1323.00		 2089.00		 2821.00
7.7500		  607.10		 895.60			  1090.00		 1335.00		 2100.00		 2831.00
7.7917		  611.70		 899.60			  1092.00		 1346.00		 2112.00		 2841.00
7.8333		  613.40		 904.00			  1095.00		 1358.00		 2123.00		 2852.00
7.8750		  615.50		 907.70			  1098.00		 1370.00		 2133.00		 2862.00
7.9167		  619.10		 911.60			  1101.00		 1382.00		 2144.00		 2873.00
7.9583		  619.40		 915.10			  1104.00		 1394.00		 2154.00		 2883.00
8.0000		  621.90		 918.60			  1107.00		 1407.00		 2163.00		 2894.00
8.0417		  625.00		 921.80			  1109.00		 1419.00		 2173.00		 2905.00
8.0833		  627.40		 925.10			  1112.00		 1430.00		 2183.00		 2915.00
8.1250		  629.00		 928.20			  1114.00		 1442.00		 2192.00		 2926.00
8.1667		  630.60		 931.20			  1117.00		 1452.00		 2201.00		 2937.00
8.2083		  632.00		 934.50			  1119.00		 1464.00		 2209.00		 2948.00
8.2500		  633.20		 937.70			  1121.00		 1475.00		 2218.00		 2960.00
8.2917		  634.10		 940.60			  1124.00		 1486.00		 2227.00		 2972.00
8.3333		  634.30		 943.20			  1126.00		 1496.00		 2235.00		 2984.00
8.3750		  635.30		 945.70			  1128.00		 1505.00		 2244.00		 2996.00
8.4167		  636.00		 947.90			  1130.00		 1515.00		 2253.00		 3009.00
8.4583		  638.20		 950.20			  1132.00		 1525.00		 2260.00		 3021.00
8.5000		  640.20		 952.30			  1134.00		 1534.00		 2269.00		 3033.00
8.5417		  641.50		 954.50			  1135.00		 1544.00		 2277.00		 3045.00
8.5833		  642.80		 957.00			  1138.00		 1553.00		 2285.00		 3060.00
8.6250		  644.20		 959.00			  1140.00		 1561.00		 2294.00		 3074.00
8.6667		  645.50		 960.80			  1142.00		 1570.00		 2302.00		 3088.00
8.7083		  646.40		 962.60			  1144.00		 1578.00		 2310.00		 3102.00
8.7500		  647.40		 964.50			  1145.00		 1587.00		 2318.00		 3115.00
8.7917		  647.90		 966.20			  1146.00		 1594.00		 2326.00		 3130.00
8.8333		  647.70		 967.90			  1148.00		 1602.00		 2340.00		 3144.00
8.8750		  657.50		 969.70			  1148.00		 1610.00		 2350.00		 3158.00
8.9167		  663.50		 971.50			  1149.00		 1618.00		 2360.00		 3173.00
8.9583		  668.90		 973.20			  1150.00		 1626.00		 2369.00		 3187.00
9.0000		  675.90		 974.80			  1151.00		 1633.00		 2378.00		 3202.00
9.0417		  682.10		 976.40			  1152.00		 1641.00		 2388.00		 3217.00
9.0833		  686.10		 978.20			  1153.00		 1648.00		 2397.00		 3231.00
9.1250		  690.50		 980.20			  1154.00		 1652.00		 2406.00		 3246.00
9.1667		  695.00		 982.20			  1155.00		 1660.00		 2415.00		 3260.00
9.2083		  700.00		 984.10			  1156.00		 1668.00		 2425.00		 3275.00
9.2500		  704.50		 986.10			  1158.00		 1675.00		 2434.00		 3290.00
9.2917		  707.70		 988.30			  1160.00		 1682.00		 2443.00		 3304.00
9.3333		  711.00		 990.70			  1162.00		 1688.00		 2452.00		 3319.00
9.3750		  712.60		 992.90			  1164.00		 1694.00		 2462.00		 3334.00
9.4167		  714.10		 995.50			  1166.00		 1700.00		 2471.00		 3349.00
9.4583		  714.40		 998.50			  1168.00		 1706.00		 2480.00		 3363.00
9.5000		  717.80		 1002.00		  1172.00		 1712.00		 2488.00		 3378.00
9.5417		  721.00		 1006.00		  1173.00		 1718.00		 2498.00		 3392.00
9.5833		  723.40		 1009.00		  1176.00		 1722.00		 2506.00		 3406.00
9.6250		  726.20		 1013.00		  1178.00		 1727.00		 2514.00		 3421.00
9.6667		  728.00		 1017.00		  1183.00		 1732.00		 2522.00		 3434.00
9.7083		  730.20		 1021.00		  1188.00		 1735.00		 2531.00		 3448.00
9.7500		  733.00		 1024.00		  1193.00		 1739.00		 2539.00		 3462.00
9.7917		  735.40		 1028.00		  1200.00		 1741.00		 2547.00		 3476.00
9.8333		  737.40		 1031.00		  1208.00		 1744.00		 2555.00		 3489.00
9.8750		  739.10		 1034.00		  1217.00		 1746.00		 2563.00		 3502.00
9.9167		  737.80		 1038.00		  1226.00		 1748.00		 2571.00		 3515.00
9.9583		  738.90		 1041.00		  1235.00		 1750.00		 2579.00		 3528.00
10.0000		  742.20		 1044.00		  1245.00		 1753.00		 2587.00		 3540.00
10.0417		  745.30		 1047.00		  1255.00		 1755.00		 2596.00		 3553.00
10.0833		  736.60		 1050.00		  1266.00		 1756.00		 2604.00		 3565.00
10.1250		  739.70		 1053.00		  1276.00		 1758.00		 2611.00		 3577.00
10.1667		  744.20		 1055.00		  1286.00		 1760.00		 2619.00		 3589.00
10.2083		  748.70		 1058.00		  1296.00		 1761.00		 2627.00		 3600.00
10.2500		  752.70		 1060.00		  1306.00		 1763.00		 2635.00		 3612.00
10.2917		  756.70		 1062.00		  1317.00		 1764.00		 2642.00		 3623.00
10.3333		  760.70		 1064.00		  1326.00		 1765.00		 2649.00		 3633.00
10.3750		  764.50		 1066.00		  1336.00		 1766.00		 2656.00		 3643.00
10.4167		  768.40		 1068.00		  1345.00		 1767.00		 2664.00		 3653.00
10.4583		  772.30		 1070.00		  1354.00		 1768.00		 2671.00		 3662.00
10.5000		  775.80		 1072.00		  1363.00		 1769.00		 2677.00		 3670.00
10.5417		  779.60		 1073.00		  1371.00		 1770.00		 2683.00		 3678.00
10.5833		  783.10		 1075.00		  1379.00		 1770.00		 2688.00		 3685.00
10.6250		  786.80		 1077.00		  1386.00		 1771.00		 2694.00		 3692.00
10.6667		  790.20		 1078.00		  1393.00		 1771.00		 2698.00		 3698.00
10.7083		  793.30		 1079.00		  1400.00		 1772.00		 2703.00		 3703.00
10.7500		  796.40		 1081.00		  1406.00		 1772.00		 2706.00		 3707.00
10.7917		  798.90		 1081.00		  1412.00		 1772.00		 2710.00		 3710.00
10.8333		  801.50		 1082.00		  1417.00		 1773.00		 2712.00		 3713.00
10.8750		  803.80		 1082.00		  1422.00		 1773.00		 2714.00		 3716.00
10.9167		  805.80		 1083.00		  1426.00		 1774.00		 2716.00		 3717.00
10.9583		  808.00		 1084.00		  1429.00		 1774.00		 2717.00		 3718.00
11.0000		  809.90		 1084.00		  1433.00		 1774.00		 2718.00		 3718.00
11.0417		  811.20		 1085.00		  1436.00		 1774.00		 2718.00		 3717.00
11.0833		  812.70		 1085.00		  1439.00		 1774.00		 2718.00		 3716.00
11.1250		  814.00		 1085.00		  1441.00		 1774.00		 2717.00		 3714.00
11.1667		  815.20		 1084.00		  1443.00		 1774.00		 2716.00		 3712.00
11.2083		  816.00		 1084.00		  1444.00		 1774.00		 2714.00		 3709.00
11.2500		  816.50		 1084.00		  1445.00		 1774.00		 2712.00		 3706.00
11.2917		  817.20		 1084.00		  1446.00		 1773.00		 2710.00		 3702.00
11.3333		  818.30		 1083.00		  1446.00		 1773.00		 2707.00		 3698.00
11.3750		  819.00		 1083.00		  1446.00		 1772.00		 2704.00		 3693.00
11.4167		  819.50		 1082.00		  1446.00		 1772.00		 2700.00		 3687.00
11.4583		  819.90		 1081.00		  1445.00		 1774.00		 2696.00		 3681.00
11.5000		  819.80		 1081.00		  1445.00		 1780.00		 2692.00		 3675.00
11.5417		  819.60		 1080.00		  1443.00		 1786.00		 2688.00		 3668.00
11.5833		  819.70		 1079.00		  1442.00		 1790.00		 2683.00		 3660.00
11.6250		  819.70		 1078.00		  1440.00		 1794.00		 2678.00		 3652.00
11.6667		  819.50		 1078.00		  1438.00		 1797.00		 2672.00		 3644.00
11.7083		  819.30		 1077.00		  1436.00		 1799.00		 2667.00		 3635.00
11.7500		  818.90		 1076.00		  1434.00		 1801.00		 2661.00		 3626.00
11.7917		  818.40		 1075.00		  1431.00		 1802.00		 2654.00		 3616.00
11.8333		  818.00		 1074.00		  1429.00		 1802.00		 2648.00		 3606.00
11.8750		  817.40		 1073.00		  1426.00		 1802.00		 2641.00		 3595.00
11.9167		  816.60		 1072.00		  1423.00		 1802.00		 2634.00		 3584.00
11.9583		  815.70		 1071.00		  1420.00		 1800.00		 2627.00		 3573.00
12.0000		  814.80		 1070.00		  1416.00		 1799.00		 2619.00		 3561.00
12.0417		  813.80		 1069.00		  1413.00		 1797.00		 2611.00		 3549.00
12.0833		  812.70		 1068.00		  1409.00		 1795.00		 2603.00		 3536.00
12.1250		  811.50		 1067.00		  1405.00		 1792.00		 2595.00		 3523.00
12.1667		  810.20		 1066.00		  1402.00		 1789.00		 2586.00		 3510.00
12.2083		  808.90		 1064.00		  1398.00		 1785.00		 2578.00		 3497.00
12.2500		  807.50		 1063.00		  1393.00		 1782.00		 2569.00		 3483.00
12.2917		  806.10		 1062.00		  1389.00		 1778.00		 2560.00		 3469.00
12.3333		  804.50		 1060.00		  1385.00		 1773.00		 2551.00		 3455.00
12.3750		  803.00		 1059.00		  1380.00		 1769.00		 2542.00		 3440.00
12.4167		  801.40		 1057.00		  1375.00		 1764.00		 2532.00		 3425.00
12.4583		  799.80		 1056.00		  1370.00		 1759.00		 2522.00		 3411.00
12.5000		  798.10		 1054.00		  1365.00		 1753.00		 2512.00		 3395.00
12.5417		  796.30		 1052.00		  1360.00		 1748.00		 2502.00		 3381.00
12.5833		  794.20		 1050.00		  1355.00		 1742.00		 2492.00		 3365.00
12.6250		  792.30		 1048.00		  1350.00		 1736.00		 2482.00		 3350.00
12.6667		  790.60		 1046.00		  1345.00		 1730.00		 2471.00		 3334.00
12.7083		  788.90		 1044.00		  1340.00		 1724.00		 2461.00		 3319.00
12.7500		  786.90		 1042.00		  1335.00		 1717.00		 2451.00		 3303.00
12.7917		  784.70		 1040.00		  1329.00		 1710.00		 2441.00		 3288.00
12.8333		  782.70		 1038.00		  1324.00		 1703.00		 2430.00		 3272.00
12.8750		  780.70		 1036.00		  1319.00		 1696.00		 2420.00		 3256.00
12.9167		  778.80		 1033.00		  1314.00		 1689.00		 2409.00		 3240.00
12.9583		  776.70		 1031.00		  1308.00		 1682.00		 2399.00		 3225.00
13.0000		  774.60		 1029.00		  1303.00		 1675.00		 2389.00		 3209.00
13.0417		  772.50		 1026.00		  1297.00		 1668.00		 2379.00		 3194.00
13.0833		  770.30		 1024.00		  1292.00		 1660.00		 2367.00		 3178.00
13.1250		  768.30		 1022.00		  1287.00		 1653.00		 2357.00		 3163.00
13.1667		  766.10		 1019.00		  1282.00		 1646.00		 2347.00		 3147.00
13.2083		  764.00		 1017.00		  1277.00		 1639.00		 2337.00		 3131.00
13.2500		  761.80		 1014.00		  1271.00		 1632.00		 2327.00		 3116.00
13.2917		  759.70		 1011.00		  1266.00		 1625.00		 2317.00		 3101.00
13.3333		  757.60		 1009.00		  1261.00		 1618.00		 2307.00		 3086.00
13.3750		  755.60		 1006.00		  1256.00		 1611.00		 2296.00		 3071.00
13.4167		  753.50		 1003.00		  1251.00		 1604.00		 2286.00		 3056.00
13.4583		  751.50		 1001.00		  1247.00		 1597.00		 2276.00		 3041.00
13.5000		  749.40		 998.30			  1242.00		 1590.00		 2266.00		 3027.00
13.5417		  747.40		 995.60			  1237.00		 1584.00		 2256.00		 3013.00
13.5833		  745.30		 992.90			  1232.00		 1577.00		 2246.00		 2999.00
13.6250		  743.20		 990.40			  1228.00		 1571.00		 2236.00		 2985.00
13.6667		  741.10		 987.70			  1223.00		 1565.00		 2227.00		 2971.00
13.7083		  739.10		 985.10			  1219.00		 1559.00		 2217.00		 2958.00
13.7500		  737.00		 982.40			  1214.00		 1553.00		 2208.00		 2945.00
13.7917		  734.90		 979.80			  1210.00		 1547.00		 2199.00		 2931.00
13.8333		  732.90		 977.20			  1205.00		 1541.00		 2190.00		 2918.00
13.8750		  730.90		 974.60			  1201.00		 1535.00		 2181.00		 2906.00
13.9167		  729.10		 972.00			  1197.00		 1530.00		 2172.00		 2893.00
13.9583		  726.80		 969.20			  1193.00		 1524.00		 2163.00		 2880.00
14.0000		  725.00		 966.60			  1189.00		 1518.00		 2155.00		 2868.00
14.0417		  723.00		 964.00			  1184.00		 1513.00		 2146.00		 2855.00
14.0833		  720.90		 961.40			  1180.00		 1508.00		 2138.00		 2843.00
14.1250		  718.90		 958.70			  1176.00		 1502.00		 2130.00		 2830.00
14.1667		  716.90		 956.00			  1173.00		 1497.00		 2121.00		 2818.00
14.2083		  715.00		 953.30			  1169.00		 1491.00		 2113.00		 2806.00
14.2500		  713.20		 950.60			  1165.00		 1486.00		 2105.00		 2794.00
14.2917		  711.40		 947.80			  1161.00		 1481.00		 2097.00		 2782.00
14.3333		  709.50		 945.10			  1157.00		 1475.00		 2089.00		 2771.00
14.3750		  707.60		 942.20			  1153.00		 1470.00		 2081.00		 2759.00
14.4167		  705.50		 939.40			  1150.00		 1465.00		 2073.00		 2747.00
14.4583		  703.50		 936.60			  1146.00		 1459.00		 2065.00		 2736.00
14.5000		  701.60		 933.80			  1142.00		 1454.00		 2058.00		 2725.00
14.5417		  699.50		 930.90			  1139.00		 1449.00		 2050.00		 2713.00
14.5833		  697.40		 928.10			  1135.00		 1444.00		 2042.00		 2702.00
14.6250		  695.50		 925.40			  1131.00		 1438.00		 2035.00		 2691.00
14.6667		  693.30		 922.50			  1128.00		 1433.00		 2027.00		 2680.00
14.7083		  691.30		 919.70			  1125.00		 1428.00		 2020.00		 2669.00
14.7500		  689.50		 916.80			  1121.00		 1423.00		 2013.00		 2658.00
14.7917		  687.30		 914.00			  1118.00		 1418.00		 2006.00		 2648.00
14.8333		  685.20		 911.30			  1115.00		 1413.00		 1999.00		 2637.00
14.8750		  683.20		 908.40			  1111.00		 1408.00		 1992.00		 2627.00
14.9167		  681.10		 905.50			  1108.00		 1403.00		 1985.00		 2616.00
14.9583		  679.10		 902.80			  1104.00		 1398.00		 1978.00		 2606.00
15.0000		  677.10		 899.90			  1101.00		 1393.00		 1971.00		 2596.00
15.0417		  675.20		 897.20			  1098.00		 1388.00		 1964.00		 2585.00
15.0833		  673.00		 894.30			  1094.00		 1384.00		 1957.00		 2575.00
15.1250		  671.30		 891.40			  1091.00		 1379.00		 1950.00		 2565.00
15.1667		  669.50		 888.60			  1087.00		 1374.00		 1944.00		 2555.00
15.2083		  667.70		 885.90			  1084.00		 1369.00		 1937.00		 2546.00
15.2500		  665.70		 883.10			  1081.00		 1364.00		 1930.00		 2536.00
15.2917		  663.90		 880.50			  1077.00		 1359.00		 1923.00		 2526.00
15.3333		  662.00		 877.90			  1074.00		 1355.00		 1916.00		 2517.00
15.3750		  660.20		 875.50			  1071.00		 1350.00		 1910.00		 2507.00
15.4167		  658.30		 872.80			  1068.00		 1345.00		 1903.00		 2498.00
15.4583		  656.50		 870.00			  1065.00		 1341.00		 1896.00		 2488.00
15.5000		  654.60		 867.50			  1061.00		 1336.00		 1890.00		 2478.00
15.5417		  652.70		 864.70			  1058.00		 1332.00		 1884.00		 2469.00
15.5833		  650.80		 862.00			  1055.00		 1327.00		 1877.00		 2460.00
15.6250		  648.90		 859.30			  1052.00		 1323.00		 1871.00		 2451.00
15.6667		  646.90		 856.50			  1049.00		 1319.00		 1865.00		 2442.00
15.7083		  645.80		 854.00			  1045.00		 1314.00		 1859.00		 2432.00
15.7500		  643.60		 851.30			  1042.00		 1310.00		 1853.00		 2424.00
15.7917		  641.60		 848.80			  1039.00		 1306.00		 1848.00		 2415.00
15.8333		  639.80		 846.20			  1036.00		 1302.00		 1842.00		 2406.00
15.8750		  638.10		 843.50			  1033.00		 1297.00		 1837.00		 2397.00
15.9167		  636.00		 841.00			  1030.00		 1293.00		 1831.00		 2388.00
15.9583		  634.40		 838.20			  1027.00		 1289.00		 1826.00		 2380.00
16.0000		  632.90		 835.60			  1024.00		 1285.00		 1820.00		 2370.00
16.0417		  631.00		 833.30			  1021.00		 1281.00		 1815.00		 2362.00
16.0833		  629.20		 830.60			  1018.00		 1277.00		 1809.00		 2353.00
16.1250		  627.70		 828.10			  1015.00		 1273.00		 1804.00		 2345.00
16.1667		  625.80		 825.50			  1012.00		 1269.00		 1798.00		 2336.00
16.2083		  623.50		 822.90			  1009.00		 1265.00		 1793.00		 2328.00
16.2500		  622.80		 820.40			  1006.00		 1261.00		 1787.00		 2320.00
16.2917		  621.30		 817.80			  1003.00		 1257.00		 1782.00		 2311.00
16.3333		  619.70		 815.30			  999.30		 1253.00		 1776.00		 2303.00
16.3750		  618.10		 812.80			  996.40		 1249.00		 1770.00		 2294.00
16.4167		  616.40		 810.30			  993.30		 1245.00		 1764.00		 2286.00
16.4583		  614.30		 808.00			  990.10		 1242.00		 1758.00		 2277.00
16.5000		  612.70		 805.50			  987.10		 1238.00		 1752.00		 2269.00
16.5417		  611.30		 803.00			  983.90		 1233.00		 1746.00		 2260.00
16.5833		  609.40		 800.30			  980.80		 1229.00		 1740.00		 2252.00
16.6250		  607.60		 798.10			  977.50		 1225.00		 1734.00		 2244.00
16.6667		  606.00		 795.50			  974.40		 1222.00		 1728.00		 2235.00
16.7083		  604.10		 792.90			  971.00		 1218.00		 1721.00		 2227.00
16.7500		  602.20		 790.40			  968.00		 1214.00		 1715.00		 2219.00
16.7917		  601.50		 788.20			  964.70		 1210.00		 1709.00		 2211.00
16.8333		  599.30		 785.70			  961.50		 1206.00		 1702.00		 2203.00
16.8750		  597.20		 783.20			  958.40		 1202.00		 1696.00		 2195.00
16.9167		  594.90		 780.70			  955.20		 1198.00		 1689.00		 2187.00
16.9583		  593.30		 778.30			  952.00		 1195.00		 1683.00		 2179.00
17.0000		  591.90		 775.80			  949.00		 1191.00		 1676.00		 2171.00
17.0417		  590.30		 773.40			  945.70		 1187.00		 1670.00		 2163.00
17.0833		  588.80		 771.10			  942.60		 1183.00		 1664.00		 2156.00
17.1250		  587.10		 768.70			  939.30		 1179.00		 1657.00		 2148.00
17.1667		  585.20		 766.30			  936.00		 1176.00		 1651.00		 2140.00
17.2083		  583.90		 763.90			  933.00		 1172.00		 1645.00		 2132.00
17.2500		  582.50		 761.60			  929.80		 1168.00		 1639.00		 2125.00
17.2917		  580.60		 759.30			  926.70		 1164.00		 1633.00		 2117.00
17.3333		  578.30		 757.00			  923.60		 1160.00		 1627.00		 2109.00
17.3750		  577.70		 754.70			  920.50		 1157.00		 1620.00		 2102.00
17.4167		  576.20		 752.20			  917.50		 1153.00		 1614.00		 2094.00
17.4583		  574.30		 750.10			  914.10		 1149.00		 1608.00		 2087.00
17.5000		  572.40		 747.90			  911.20		 1146.00		 1602.00		 2079.00
17.5417		  572.10		 745.60			  908.40		 1142.00		 1596.00		 2072.00
17.5833		  570.60		 743.20			  905.00		 1138.00		 1590.00		 2064.00
17.6250		  569.30		 740.80			  902.30		 1135.00		 1584.00		 2057.00
17.6667		  568.30		 738.50			  899.40		 1131.00		 1579.00		 2049.00
17.7083		  565.60		 736.20			  896.50		 1128.00		 1573.00		 2042.00
17.7500		  565.10		 733.80			  893.60		 1125.00		 1567.00		 2035.00
17.7917		  563.50		 731.30			  890.60		 1122.00		 1562.00		 2027.00
17.8333		  561.30		 729.00			  887.70		 1118.00		 1556.00		 2020.00
17.8750		  561.10		 726.80			  884.90		 1115.00		 1550.00		 2013.00
17.9167		  559.90		 724.40			  882.20		 1112.00		 1544.00		 2005.00
17.9583		  557.60		 722.10			  879.40		 1109.00		 1539.00		 1998.00
18.0000		  556.10		 719.70			  876.90		 1105.00		 1534.00		 1992.00