1976	1	1	-0.31
1976	1	2	-0.27
1976	1	3	-0.36
1976	1	4	-0.24
1976	1	5	-0.25
1976	1	6	-0.25
1976	1	7	-0.26
1976	1	8	-0.24
1976	1	9	-0.24
1976	1	10	-0.25
1976	1	11	-0.24
1976	1	12	-0.19
1976	1	13	-0.16
1976	1	14	-0.19
1976	1	15	-0.18
1976	1	16	-0.2
1976	1	17	-0.21
1976	1	18	-0.24
1976	1	19	-0.24
1976	1	20	-0.23
1976	1	21	-0.19
1976	1	22	-0.13
1976	1	23	-0.07
1976	1	24	-0.05
1976	1	25	-0.05
1976	1	26	-0.1
1976	1	27	-0.14
1976	1	28	-0.21
1976	1	29	-0.19
1976	1	30	-0.2
1976	1	31	-0.22
1976	2	1	-0.27
1976	2	2	-0.3
1976	2	3	-0.37
1976	2	4	-0.39
1976	2	5	-0.38
1976	2	6	-0.37
1976	2	7	-0.39
1976	2	8	-0.39
1976	2	9	-0.37
1976	2	10	-0.39
1976	2	11	-0.36
1976	2	12	-0.35
1976	2	13	-0.36
1976	2	14	-0.36
1976	2	15	-0.39
1976	2	16	-0.36
1976	2	17	-0.27
1976	2	18	-0.37
1976	2	19	-0.38
1976	2	20	-0.39
1976	2	21	-0.41
1976	2	22	-0.39
1976	2	23	-0.37
1976	2	24	-0.38
1976	2	25	-0.39
1976	2	26	-0.38
1976	2	27	-0.41
1976	2	28	-0.38
1976	2	29	-0.36
1976	3	1	-0.33
1976	3	2	-0.34
1976	3	3	-0.4
1976	3	4	-0.41
1976	3	5	-0.4
1976	3	6	-0.4
1976	3	7	-0.38
1976	3	8	-0.36
1976	3	9	-0.38
1976	3	10	-0.41
1976	3	11	-0.38
1976	3	12	-0.38
1976	3	13	-0.37
1976	3	14	-0.36
1976	3	15	-0.35
1976	3	16	-0.36
1976	3	17	-0.36
1976	3	18	-0.36
1976	3	19	-0.33
1976	3	20	-0.32
1976	3	21	-0.3
1976	3	22	-0.29
1976	3	23	-0.28
1976	3	24	-0.27
1976	3	25	-0.28
1976	3	26	-0.25
1976	3	27	-0.24
1976	3	28	-0.24
1976	3	29	-0.23
1976	3	30	-0.24
1976	3	31	-0.22
1976	10	1	-0.35
1976	10	2	-0.33
1976	10	3	-0.34
1976	10	4	-0.34
1976	10	5	-0.35
1976	10	6	-0.35
1976	10	7	-0.35
1976	10	8	-0.36
1976	10	9	-0.38
1976	10	10	-0.38
1976	10	11	-0.37
1976	10	12	-0.35
1976	10	13	-0.34
1976	10	14	-0.35
1976	10	15	-0.36
1976	10	16	-0.39
1976	10	17	-0.37
1976	10	18	-0.36
1976	10	19	-0.33
1976	10	20	-0.36
1976	10	21	-0.39
1976	10	22	-0.38
1976	10	23	-0.37
1976	10	24	-0.4
1976	10	25	-0.39
1976	10	26	-0.38
1976	10	27	-0.36
1976	10	28	-0.38
1976	10	29	-0.39
1976	10	30	-0.39
1976	10	31	-0.37
1976	11	1	-0.36
1976	11	2	-0.34
1976	11	3	-0.34
1976	11	4	-0.34
1976	11	5	-0.33
1976	11	6	-0.28
1976	11	7	-0.29
1976	11	8	-0.28
1976	11	9	-0.27
1976	11	10	-0.36
1976	11	11	-0.37
1976	11	12	-0.38
1976	11	13	-0.25
1976	11	14	-0.25
1976	11	15	-0.22
1976	11	16	-0.24
1976	11	17	-0.27
1976	11	18	-0.25
1976	11	19	-0.24
1976	11	20	-0.25
1976	11	21	-0.23
1976	11	22	-0.22
1976	11	23	-0.26
1976	11	24	-0.29
1976	11	25	-0.32
1976	11	26	-0.35
1976	11	27	-0.4
1976	11	28	-0.42
1976	11	29	-0.38
1976	11	30	-0.36
1976	12	1	-0.37
1976	12	2	-0.37
1976	12	3	-0.38
1976	12	4	-0.39
1976	12	5	-0.4
1976	12	6	-0.37
1976	12	7	-0.35
1976	12	8	-0.31
1976	12	9	-0.42
1976	12	10	-0.25
1976	12	11	-0.23
1976	12	12	-0.22
1976	12	13	-0.26
1976	12	14	-0.29
1976	12	15	-0.32
1976	12	16	-0.35
1976	12	17	-0.4
1976	12	18	-0.42
1976	12	19	-0.38
1976	12	20	-0.36
1976	12	21	-0.37
1976	12	22	-0.37
1976	12	23	-0.38
1976	12	24	-0.39
1976	12	25	-0.4
1976	12	26	-0.37
1976	12	27	-0.35
1976	12	28	-0.31
1976	12	29	-0.34
1976	12	30	-0.38
1976	12	31	-0.42
1977	1	1	-0.4
1977	1	2	-0.37
1977	1	3	-0.36
1977	1	4	-0.38
1977	1	5	-0.41
1977	1	6	-0.41
1977	1	7	-0.39
1977	1	8	-0.39
1977	1	9	-0.35
1977	1	10	-0.32
1977	1	11	-0.35
1977	1	12	-0.36
1977	1	13	-0.36
1977	1	14	-0.39
1977	1	15	-0.43
1977	1	16	-0.44
1977	1	17	-0.47
1977	1	18	-0.48
1977	1	19	-0.45
1977	1	20	-0.44
1977	1	21	-0.45
1977	1	22	-0.48
1977	1	23	-0.46
1977	1	24	-0.43
1977	1	25	-0.4
1977	1	26	-0.39
1977	1	27	-0.34
1977	1	28	-0.31
1977	1	29	-0.29
1977	1	30	-0.3
1977	1	31	-0.31
1977	2	1	-0.33
1977	2	2	-0.35
1977	2	3	-0.36
1977	2	4	-0.36
1977	2	5	-0.36
1977	2	6	-0.36
1977	2	7	-0.38
1977	2	8	-0.34
1977	2	9	-0.33
1977	2	10	-0.35
1977	2	11	-0.33
1977	2	12	-0.29
1977	2	13	-0.27
1977	2	14	-0.28
1977	2	15	-0.3
1977	2	16	-0.33
1977	2	17	-0.35
1977	2	18	-0.35
1977	2	19	-0.3
1977	2	20	-0.28
1977	2	21	-0.27
1977	2	22	-0.27
1977	2	23	-0.26
1977	2	24	-0.26
1977	2	25	-0.26
1977	2	26	-0.27
1977	2	27	-0.26
1977	2	28	-0.28
1977	3	1	-0.29
1977	3	2	-0.32
1977	3	3	-0.31
1977	3	4	-0.3
1977	3	5	-0.25
1977	3	6	-0.22
1977	3	7	-0.21
1977	3	8	-0.19
1977	3	9	-0.17
1977	3	10	-0.15
1977	3	11	-0.17
1977	3	12	-0.16
1977	3	13	-0.17
1977	3	14	-0.14
1977	3	15	-0.14
1977	3	16	-0.14
1977	3	17	-0.15
1977	3	18	-0.13
1977	3	19	-0.11
1977	3	20	-0.12
1977	3	21	-0.12
1977	3	22	-0.12
1977	3	23	-0.13
1977	3	24	-0.12
1977	3	25	-0.1
1977	3	26	-0.1
1977	3	27	-0.09
1977	3	28	-0.07
1977	3	29	-0.06
1977	3	30	-0.11
1977	3	31	-0.11
1977	10	1	-0.15
1977	10	2	-0.12
1977	10	3	-0.12
1977	10	4	-0.12
1977	10	5	-0.14
1977	10	6	-0.17
1977	10	7	-0.2
1977	10	8	-0.23
1977	10	9	-0.23
1977	10	10	-0.22
1977	10	11	-0.23
1977	10	12	-0.26
1977	10	13	-0.28
1977	10	14	-0.28
1977	10	15	-0.27
1977	10	16	-0.26
1977	10	17	-0.24
1977	10	18	-0.22
1977	10	19	-0.22
1977	10	20	-0.26
1977	10	21	-0.3
1977	10	22	-0.3
1977	10	23	-0.3
1977	10	24	-0.32
1977	10	25	-0.32
1977	10	26	-0.34
1977	10	27	-0.36
1977	10	28	-0.36
1977	10	29	-0.37
1977	10	30	-0.36
1977	10	31	-0.34
1977	11	1	-0.34
1977	11	2	-0.35
1977	11	3	-0.33
1977	11	4	-0.32
1977	11	5	-0.29
1977	11	6	-0.29
1977	11	7	-0.26
1977	11	8	-0.25
1977	11	9	-0.25
1977	11	10	-0.25
1977	11	11	-0.27
1977	11	12	-0.24
1977	11	13	-0.18
1977	11	14	-0.16
1977	11	15	-0.14
1977	11	16	-0.08
1977	11	17	-0.07
1977	11	18	-0.08
1977	11	19	-0.08
1977	11	20	-0.03
1977	11	21	-0.02
1977	11	22	-0.03
1977	11	23	0
1977	11	24	0.07
1977	11	25	0.13
1977	11	26	0.14
1977	11	27	0.05
1977	11	28	-0.01
1977	11	29	-0.06
1977	11	30	-0.09
1977	12	1	-0.13
1977	12	2	-0.21
1977	12	3	-0.24
1977	12	4	-0.31
1977	12	5	-0.33
1977	12	6	-0.34
1977	12	7	-0.37
1977	12	8	-0.35
1977	12	9	-0.36
1977	12	10	-0.39
1977	12	11	-0.37
1977	12	12	-0.37
1977	12	13	-0.37
1977	12	14	-0.38
1977	12	15	-0.39
1977	12	16	-0.4
1977	12	17	-0.41
1977	12	18	-0.37
1977	12	19	-0.34
1977	12	20	-0.35
1977	12	21	-0.38
1977	12	22	-0.41
1977	12	23	-0.4
1977	12	24	-0.4
1977	12	25	-0.35
1977	12	26	-0.32
1977	12	27	-0.3
1977	12	28	-0.25
1977	12	29	-0.26
1977	12	30	-0.26
1977	12	31	-0.2
1978	1	1	-0.18
1978	1	2	-0.16
1978	1	3	-0.14
1978	1	4	-0.07
1978	1	5	-0.08
1978	1	6	-0.13
1978	1	7	-0.15
1978	1	8	-0.2
1978	1	9	-0.23
1978	1	10	-0.25
1978	1	11	-0.22
1978	1	12	-0.2
1978	1	13	-0.22
1978	1	14	-0.26
1978	1	15	-0.31
1978	1	16	-0.34
1978	1	17	-0.35
1978	1	18	-0.37
1978	1	19	-0.36
1978	1	20	-0.39
1978	1	21	-0.39
1978	1	22	-0.36
1978	1	23	-0.35
1978	1	24	-0.39
1978	1	25	-0.37
1978	1	26	-0.36
1978	1	27	-0.35
1978	1	28	-0.35
1978	1	29	-0.4
1978	1	30	-0.42
1978	1	31	-0.39
1978	2	1	-0.42
1978	2	2	-0.41
1978	2	3	-0.41
1978	2	4	-0.4
1978	2	5	-0.4
1978	2	6	-0.38
1978	2	7	-0.38
1978	2	8	-0.37
1978	2	9	-0.37
1978	2	10	-0.4
1978	2	11	-0.38
1978	2	12	-0.34
1978	2	13	-0.33
1978	2	14	-0.35
1978	2	15	-0.38
1978	2	16	-0.4
1978	2	17	-0.39
1978	2	18	-0.4
1978	2	19	-0.42
1978	2	20	-0.42
1978	2	21	-0.41
1978	2	22	-0.39
1978	2	23	-0.42
1978	2	24	-0.43
1978	2	25	-0.43
1978	2	26	-0.39
1978	2	27	-0.38
1978	2	28	-0.38
1978	3	1	-0.38
1978	3	2	-0.39
1978	3	3	-0.39
1978	3	4	-0.38
1978	3	5	-0.35
1978	3	6	-0.33
1978	3	7	-0.33
1978	3	8	-0.34
1978	3	9	-0.35
1978	3	10	-0.36
1978	3	11	-0.37
1978	3	12	-0.37
1978	3	13	-0.39
1978	3	14	-0.35
1978	3	15	-0.31
1978	3	16	-0.25
1978	3	17	-0.24
1978	3	18	-0.25
1978	3	19	-0.26
1978	3	20	-0.25
1978	3	21	-0.26
1978	3	22	-0.26
1978	3	23	-0.22
1978	3	24	-0.23
1978	3	25	-0.23
1978	3	26	-0.21
1978	3	27	-0.24
1978	3	28	-0.21
1978	3	29	-0.2
1978	3	30	-0.2
1978	3	31	-0.19
1978	10	1	-0.21
1978	10	2	-0.19
1978	10	3	-0.19
1978	10	4	-0.22
1978	10	5	-0.18
1978	10	6	-0.2
1978	10	7	-0.27
1978	10	8	-0.31
1978	10	9	-0.32
1978	10	10	-0.33
1978	10	11	-0.33
1978	10	12	-0.31
1978	10	13	-0.31
1978	10	14	-0.3
1978	10	15	-0.33
1978	10	16	-0.36
1978	10	17	-0.37
1978	10	18	-0.38
1978	10	19	-0.37
1978	10	20	-0.36
1978	10	21	-0.38
1978	10	22	-0.36
1978	10	23	-0.34
1978	10	24	-0.32
1978	10	25	-0.35
1978	10	26	-0.37
1978	10	27	-0.39
1978	10	28	-0.38
1978	10	29	-0.36
1978	10	30	-0.36
1978	10	31	-0.36
1978	11	1	-0.34
1978	11	2	-0.32
1978	11	3	-0.35
1978	11	4	-0.38
1978	11	5	-0.39
1978	11	6	-0.4
1978	11	7	-0.41
1978	11	8	-0.4
1978	11	9	-0.39
1978	11	10	-0.38
1978	11	11	-0.39
1978	11	12	-0.38
1978	11	13	-0.39
1978	11	14	-0.39
1978	11	15	-0.38
1978	11	16	-0.37
1978	11	17	-0.37
1978	11	18	-0.39
1978	11	19	-0.39
1978	11	20	-0.39
1978	11	21	-0.37
1978	11	22	-0.35
1978	11	23	-0.35
1978	11	24	-0.33
1978	11	25	-0.33
1978	11	26	-0.32
1978	11	27	-0.31
1978	11	28	-0.33
1978	11	29	-0.32
1978	11	30	-0.32
1978	12	1	-0.32
1978	12	2	-0.32
1978	12	3	-0.3
1978	12	4	-0.39
1978	12	5	-0.44
1978	12	6	-0.29
1978	12	7	-0.24
1978	12	8	-0.3
1978	12	9	-0.35
1978	12	10	-0.39
1978	12	11	-0.38
1978	12	12	-0.36
1978	12	13	-0.39
1978	12	14	-0.44
1978	12	15	-0.43
1978	12	16	-0.44
1978	12	17	-0.43
1978	12	18	-0.41
1978	12	19	-0.39
1978	12	20	-0.37
1978	12	21	-0.4
1978	12	22	-0.39
1978	12	23	-0.37
1978	12	24	-0.35
1978	12	25	-0.32
1978	12	26	-0.29
1978	12	27	-0.27
1978	12	28	-0.29
1978	12	29	-0.32
1978	12	30	-0.35
1978	12	31	-0.37
1979	1	1	-0.28
1979	1	2	-0.23
1979	1	3	-0.19
1979	1	4	-0.15
1979	1	5	-0.12
1979	1	6	-0.09
1979	1	7	-0.05
1979	1	8	-0.01
1979	1	9	-0.01
1979	1	10	-0.03
1979	1	11	-0.05
1979	1	12	-0.02
1979	1	13	-0.01
1979	1	14	-0.02
1979	1	15	-0.08
1979	1	16	-0.16
1979	1	17	-0.22
1979	1	18	-0.28
1979	1	19	-0.39
1979	1	20	-0.42
1979	1	21	-0.38
1979	1	22	-0.35
1979	1	23	-0.35
1979	1	24	-0.34
1979	1	25	-0.35
1979	1	26	-0.35
1979	1	27	-0.36
1979	1	28	-0.37
1979	1	29	-0.37
1979	1	30	-0.4
1979	1	31	-0.39
1979	2	1	-0.38
1979	2	2	-0.36
1979	2	3	-0.34
1979	2	4	-0.3
1979	2	5	-0.28
1979	2	6	-0.27
1979	2	7	-0.31
1979	2	8	-0.27
1979	2	9	-0.28
1979	2	10	-0.3
1979	2	11	-0.35
1979	2	12	-0.4
1979	2	13	-0.39
1979	2	14	-0.4
1979	2	15	-0.37
1979	2	16	-0.33
1979	2	17	-0.36
1979	2	18	-0.38
1979	2	19	-0.37
1979	2	20	-0.37
1979	2	21	-0.38
1979	2	22	-0.38
1979	2	23	-0.38
1979	2	24	-0.38
1979	2	25	-0.39
1979	2	26	-0.41
1979	2	27	-0.43
1979	2	28	-0.45
1979	3	1	-0.42
1979	3	2	-0.4
1979	3	3	-0.37
1979	3	4	-0.31
1979	3	5	-0.25
1979	3	6	-0.23
1979	3	7	-0.22
1979	3	8	-0.19
1979	3	9	-0.19
1979	3	10	-0.12
1979	3	11	-0.12
1979	3	12	-0.11
1979	3	13	-0.08
1979	3	14	-0.11
1979	3	15	-0.17
1979	3	16	-0.22
1979	3	17	-0.22
1979	3	18	-0.23
1979	3	19	-0.22
1979	3	20	-0.22
1979	3	21	-0.2
1979	3	22	-0.14
1979	3	23	-0.15
1979	3	24	-0.15
1979	3	25	-0.21
1979	3	26	-0.19
1979	3	27	-0.15
1979	3	28	-0.16
1979	3	29	-0.21
1979	3	30	-0.22
1979	3	31	-0.23
1979	10	1	-0.19
1979	10	2	-0.22
1979	10	3	-0.24
1979	10	4	-0.24
1979	10	5	-0.25
1979	10	6	-0.25
1979	10	7	-0.24
1979	10	8	-0.25
1979	10	9	-0.27
1979	10	10	-0.3
1979	10	11	-0.3
1979	10	12	-0.31
1979	10	13	-0.32
1979	10	14	-0.33
1979	10	15	-0.29
1979	10	16	-0.28
1979	10	17	-0.29
1979	10	18	-0.31
1979	10	19	-0.31
1979	10	20	-0.33
1979	10	21	-0.34
1979	10	22	-0.36
1979	10	23	-0.38
1979	10	24	-0.4
1979	10	25	-0.41
1979	10	26	-0.42
1979	10	27	-0.42
1979	10	28	-0.41
1979	10	29	-0.4
1979	10	30	-0.38
1979	10	31	-0.37
1979	11	1	-0.36
1979	11	2	-0.35
1979	11	3	-0.38
1979	11	4	-0.37
1979	11	5	-0.35
1979	11	6	-0.31
1979	11	7	-0.27
1979	11	8	-0.25
1979	11	9	-0.22
1979	11	10	-0.18
1979	11	11	-0.18
1979	11	12	-0.15
1979	11	13	-0.13
1979	11	14	-0.17
1979	11	15	-0.19
1979	11	16	-0.22
1979	11	17	-0.25
1979	11	18	-0.29
1979	11	19	-0.28
1979	11	20	-0.32
1979	11	21	-0.35
1979	11	22	-0.36
1979	11	23	-0.38
1979	11	24	-0.37
1979	11	25	-0.36
1979	11	26	-0.33
1979	11	27	-0.33
1979	11	28	-0.36
1979	11	29	-0.35
1979	11	30	-0.36
1979	12	1	-0.36
1979	12	2	-0.36
1979	12	3	-0.35
1979	12	4	-0.35
1979	12	5	-0.35
1979	12	6	-0.35
1979	12	7	-0.37
1979	12	8	-0.34
1979	12	9	-0.32
1979	12	10	-0.3
1979	12	11	-0.25
1979	12	12	-0.22
1979	12	13	-0.29
1979	12	14	-0.27
1979	12	15	-0.17
1979	12	16	-0.12
1979	12	17	-0.11
1979	12	18	0
1979	12	19	0.04
1979	12	20	0.04
1979	12	21	0
1979	12	22	-0.08
1979	12	23	-0.13
1979	12	24	-0.13
1979	12	25	-0.14
1979	12	26	-0.15
1979	12	27	-0.19
1979	12	28	-0.24
1979	12	29	-0.18
1979	12	30	-0.17
1979	12	31	-0.12
1980	1	1	-0.07
1980	1	2	-0.06
1980	1	3	-0.08
1980	1	4	-0.14
1980	1	5	-0.17
1980	1	6	-0.18
1980	1	7	-0.2
1980	1	8	-0.23
1980	1	9	-0.26
1980	1	10	-0.29
1980	1	11	-0.33
1980	1	12	-0.37
1980	1	13	-0.37
1980	1	14	-0.36
1980	1	15	-0.36
1980	1	16	-0.38
1980	1	17	-0.41
1980	1	18	-0.4
1980	1	19	-0.42
1980	1	20	-0.41
1980	1	21	-0.41
1980	1	22	-0.4
1980	1	23	-0.4
1980	1	24	-0.4
1980	1	25	-0.41
1980	1	26	-0.42
1980	1	27	-0.41
1980	1	28	-0.4
1980	1	29	-0.4
1980	1	30	-0.39
1980	1	31	-0.36
1980	2	1	-0.33
1980	2	2	-0.3
1980	2	3	-0.27
1980	2	4	-0.26
1980	2	5	-0.27
1980	2	6	-0.25
1980	2	7	-0.22
1980	2	8	-0.2
1980	2	9	-0.19
1980	2	10	-0.16
1980	2	11	-0.11
1980	2	12	-0.1
1980	2	13	-0.1
1980	2	14	-0.1
1980	2	15	-0.11
1980	2	16	-0.12
1980	2	17	-0.15
1980	2	18	-0.17
1980	2	19	-0.21
1980	2	20	-0.27
1980	2	21	-0.32
1980	2	22	-0.37
1980	2	23	-0.38
1980	2	24	-0.34
1980	2	25	-0.33
1980	2	26	-0.36
1980	2	27	-0.41
1980	2	28	-0.43
1980	2	29	-0.42
1980	3	1	-0.39
1980	3	2	-0.38
1980	3	3	-0.38
1980	3	4	-0.36
1980	3	5	-0.39
1980	3	6	-0.39
1980	3	7	-0.37
1980	3	8	-0.37
1980	3	9	-0.36
1980	3	10	-0.35
1980	3	11	-0.38
1980	3	12	-0.39
1980	3	13	-0.37
1980	3	14	-0.38
1980	3	15	-0.44
1980	3	16	-0.44
1980	3	17	-0.43
1980	3	18	-0.43
1980	3	19	-0.45
1980	3	20	-0.44
1980	3	21	-0.41
1980	3	22	-0.38
1980	3	23	-0.37
1980	3	24	-0.35
1980	3	25	-0.38
1980	3	26	-0.37
1980	3	27	-0.34
1980	3	28	-0.31
1980	3	29	-0.29
1980	3	30	-0.27
1980	3	31	-0.24
1980	10	1	-0.19
1980	10	2	-0.2
1980	10	3	-0.2
1980	10	4	-0.23
1980	10	5	-0.22
1980	10	6	-0.21
1980	10	7	-0.15
1980	10	8	-0.17
1980	10	9	-0.18
1980	10	10	-0.17
1980	10	11	-0.19
1980	10	12	-0.26
1980	10	13	-0.28
1980	10	14	-0.31
1980	10	15	-0.34
1980	10	16	-0.34
1980	10	17	-0.34
1980	10	18	-0.32
1980	10	19	-0.28
1980	10	20	-0.27
1980	10	21	-0.3
1980	10	22	-0.32
1980	10	23	-0.35
1980	10	24	-0.35
1980	10	25	-0.33
1980	10	26	-0.3
1980	10	27	-0.3
1980	10	28	-0.3
1980	10	29	-0.29
1980	10	30	-0.28
1980	10	31	-0.27
1980	11	1	-0.35
1980	11	2	-0.39
1980	11	3	-0.39
1980	11	4	-0.4
1980	11	5	-0.38
1980	11	6	-0.41
1980	11	7	-0.39
1980	11	8	-0.36
1980	11	9	-0.34
1980	11	10	-0.35
1980	11	11	-0.36
1980	11	12	-0.33
1980	11	13	-0.33
1980	11	14	-0.31
1980	11	15	-0.3
1980	11	16	-0.24
1980	11	17	-0.23
1980	11	18	-0.17
1980	11	19	-0.11
1980	11	20	-0.14
1980	11	21	-0.16
1980	11	22	-0.16
1980	11	23	-0.18
1980	11	24	-0.17
1980	11	25	-0.17
1980	11	26	-0.18
1980	11	27	-0.18
1980	11	28	-0.15
1980	11	29	-0.12
1980	11	30	-0.18
1980	12	1	-0.24
1980	12	2	-0.28
1980	12	3	-0.26
1980	12	4	-0.26
1980	12	5	-0.24
1980	12	6	-0.22
1980	12	7	-0.21
1980	12	8	-0.2
1980	12	9	-0.22
1980	12	10	-0.19
1980	12	11	-0.2
1980	12	12	-0.2
1980	12	13	-0.21
1980	12	14	-0.19
1980	12	15	-0.17
1980	12	16	-0.14
1980	12	17	-0.19
1980	12	18	-0.19
1980	12	19	-0.16
1980	12	20	-0.21
1980	12	21	-0.22
1980	12	22	-0.22
1980	12	23	-0.23
1980	12	24	-0.22
1980	12	25	-0.21
1980	12	26	-0.18
1980	12	27	-0.19
1980	12	28	-0.19
1980	12	29	-0.21
1980	12	30	-0.22
1980	12	31	-0.19
1981	1	1	-0.16
1981	1	2	-0.11
1981	1	3	-0.1
1981	1	4	-0.02
1981	1	5	0.06
1981	1	6	0.04
1981	1	7	0.01
1981	1	8	-0.05
1981	1	9	-0.09
1981	1	10	-0.09
1981	1	11	-0.12
1981	1	12	-0.14
1981	1	13	-0.08
1981	1	14	-0.08
1981	1	15	-0.02
1981	1	16	0.06
1981	1	17	0.05
1981	1	18	0.04
1981	1	19	-0.04
1981	1	20	-0.01
1981	1	21	-0.07
1981	1	22	-0.11
1981	1	23	-0.16
1981	1	24	-0.18
1981	1	25	-0.18
1981	1	26	-0.19
1981	1	27	-0.23
1981	1	28	-0.27
1981	1	29	-0.29
1981	1	30	-0.29
1981	1	31	-0.31
1981	2	1	-0.33
1981	2	2	-0.33
1981	2	3	-0.33
1981	2	4	-0.26
1981	2	5	-0.23
1981	2	6	-0.24
1981	2	7	-0.23
1981	2	8	-0.23
1981	2	9	-0.23
1981	2	10	-0.24
1981	2	11	-0.21
1981	2	12	-0.21
1981	2	13	-0.23
1981	2	14	-0.26
1981	2	15	-0.27
1981	2	16	-0.28
1981	2	17	-0.31
1981	2	18	-0.35
1981	2	19	-0.4
1981	2	20	-0.4
1981	2	21	-0.42
1981	2	22	-0.41
1981	2	23	-0.39
1981	2	24	-0.41
1981	2	25	-0.42
1981	2	26	-0.41
1981	2	27	-0.4
1981	2	28	-0.39
1981	3	1	-0.38
1981	3	2	-0.36
1981	3	3	-0.37
1981	3	4	-0.39
1981	3	5	-0.42
1981	3	6	-0.42
1981	3	7	-0.41
1981	3	8	-0.38
1981	3	9	-0.35
1981	3	10	-0.35
1981	3	11	-0.29
1981	3	12	-0.18
1981	3	13	-0.12
1981	3	14	-0.05
1981	3	15	0.01
1981	3	16	0.04
1981	3	17	0.05
1981	3	18	0.04
1981	3	19	0.07
1981	3	20	0.1
1981	3	21	0.08
1981	3	22	0.08
1981	3	23	0.07
1981	3	24	0.03
1981	3	25	0.02
1981	3	26	0.01
1981	3	27	0.01
1981	3	28	-0.05
1981	3	29	-0.1
1981	3	30	-0.12
1981	3	31	-0.15
1981	10	1	-0.28
1981	10	2	-0.31
1981	10	3	-0.33
1981	10	4	-0.3
1981	10	5	-0.3
1981	10	6	-0.31
1981	10	7	-0.29
1981	10	8	-0.26
1981	10	9	-0.24
1981	10	10	-0.2
1981	10	11	-0.2
1981	10	12	-0.18
1981	10	13	-0.17
1981	10	14	-0.15
1981	10	15	-0.17
1981	10	16	-0.19
1981	10	17	-0.22
1981	10	18	-0.26
1981	10	19	-0.27
1981	10	20	-0.2
1981	10	21	-0.13
1981	10	22	-0.11
1981	10	23	-0.12
1981	10	24	-0.15
1981	10	25	-0.17
1981	10	26	-0.17
1981	10	27	-0.2
1981	10	28	-0.2
1981	10	29	-0.19
1981	10	30	-0.17
1981	10	31	-0.14
1981	11	1	-0.13
1981	11	2	-0.13
1981	11	3	-0.15
1981	11	4	-0.16
1981	11	5	-0.13
1981	11	6	-0.11
1981	11	7	-0.13
1981	11	8	-0.19
1981	11	9	-0.24
1981	11	10	-0.27
1981	11	11	-0.23
1981	11	12	-0.24
1981	11	13	-0.24
1981	11	14	-0.2
1981	11	15	-0.24
1981	11	16	-0.29
1981	11	17	-0.31
1981	11	18	-0.3
1981	11	19	-0.28
1981	11	20	-0.28
1981	11	21	-0.23
1981	11	22	-0.25
1981	11	23	-0.27
1981	11	24	-0.22
1981	11	25	-0.2
1981	11	26	-0.18
1981	11	27	-0.15
1981	11	28	-0.09
1981	11	29	-0.06
1981	11	30	-0.04
1981	12	1	-0.02
1981	12	2	-0.02
1981	12	3	-0.08
1981	12	4	-0.04
1981	12	5	0.04
1981	12	6	0.05
1981	12	7	0.07
1981	12	8	0.08
1981	12	9	0.09
1981	12	10	0.09
1981	12	11	0.06
1981	12	12	0.05
1981	12	13	0.02
1981	12	14	-0.03
1981	12	15	0
1981	12	16	-0.03
1981	12	17	-0.06
1981	12	18	-0.08
1981	12	19	-0.09
1981	12	20	-0.13
1981	12	21	-0.21
1981	12	22	-0.2
1981	12	23	-0.19
1981	12	24	-0.2
1981	12	25	-0.2
1981	12	26	-0.21
1981	12	27	-0.24
1981	12	28	-0.26
1981	12	29	-0.27
1981	12	30	-0.25
1981	12	31	-0.25
1982	1	1	-0.18
1982	1	2	-0.17
1982	1	3	-0.16
1982	1	4	-0.13
1982	1	5	-0.07
1982	1	6	-0.01
1982	1	7	0
1982	1	8	-0.05
1982	1	9	-0.11
1982	1	10	-0.14
1982	1	11	-0.14
1982	1	12	-0.13
1982	1	13	-0.14
1982	1	14	-0.14
1982	1	15	-0.16
1982	1	16	-0.18
1982	1	17	-0.19
1982	1	18	-0.2
1982	1	19	-0.21
1982	1	20	-0.22
1982	1	21	-0.24
1982	1	22	-0.25
1982	1	23	-0.26
1982	1	24	-0.29
1982	1	25	-0.3
1982	1	26	-0.28
1982	1	27	-0.23
1982	1	28	-0.24
1982	1	29	-0.21
1982	1	30	-0.2
1982	1	31	-0.15
1982	2	1	-0.18
1982	2	2	-0.22
1982	2	3	-0.27
1982	2	4	-0.3
1982	2	5	-0.31
1982	2	6	-0.29
1982	2	7	-0.27
1982	2	8	-0.25
1982	2	9	-0.23
1982	2	10	-0.23
1982	2	11	-0.25
1982	2	12	-0.26
1982	2	13	-0.28
1982	2	14	-0.27
1982	2	15	-0.28
1982	2	16	-0.31
1982	2	17	-0.34
1982	2	18	-0.39
1982	2	19	-0.43
1982	2	20	-0.41
1982	2	21	-0.4
1982	2	22	-0.38
1982	2	23	-0.37
1982	2	24	-0.34
1982	2	25	-0.34
1982	2	26	-0.35
1982	2	27	-0.33
1982	2	28	-0.31
1982	3	1	-0.3
1982	3	2	-0.26
1982	3	3	-0.25
1982	3	4	-0.22
1982	3	5	-0.2
1982	3	6	-0.24
1982	3	7	-0.32
1982	3	8	-0.36
1982	3	9	-0.37
1982	3	10	-0.33
1982	3	11	-0.3
1982	3	12	-0.27
1982	3	13	-0.24
1982	3	14	-0.24
1982	3	15	-0.28
1982	3	16	-0.27
1982	3	17	-0.25
1982	3	18	-0.26
1982	3	19	-0.27
1982	3	20	-0.28
1982	3	21	-0.31
1982	3	22	-0.31
1982	3	23	-0.35
1982	3	24	-0.35
1982	3	25	-0.34
1982	3	26	-0.32
1982	3	27	-0.28
1982	3	28	-0.25
1982	3	29	-0.24
1982	3	30	-0.26
1982	3	31	-0.27
1982	10	1	-0.24
1982	10	2	-0.27
1982	10	3	-0.27
1982	10	4	-0.29
1982	10	5	-0.31
1982	10	6	-0.33
1982	10	7	-0.34
1982	10	8	-0.33
1982	10	9	-0.33
1982	10	10	-0.33
1982	10	11	-0.33
1982	10	12	-0.33
1982	10	13	-0.31
1982	10	14	-0.29
1982	10	15	-0.27
1982	10	16	-0.27
1982	10	17	-0.31
1982	10	18	-0.34
1982	10	19	-0.33
1982	10	20	-0.31
1982	10	21	-0.28
1982	10	22	-0.28
1982	10	23	-0.28
1982	10	24	-0.27
1982	10	25	-0.27
1982	10	26	-0.27
1982	10	27	-0.29
1982	10	28	-0.29
1982	10	29	-0.33
1982	10	30	-0.37
1982	10	31	-0.38
1982	11	1	-0.38
1982	11	2	-0.36
1982	11	3	-0.36
1982	11	4	-0.38
1982	11	5	-0.41
1982	11	6	-0.45
1982	11	7	-0.45
1982	11	8	-0.43
1982	11	9	-0.41
1982	11	10	-0.38
1982	11	11	-0.36
1982	11	12	-0.37
1982	11	13	-0.37
1982	11	14	-0.33
1982	11	15	-0.33
1982	11	16	-0.35
1982	11	17	-0.32
1982	11	18	-0.28
1982	11	19	-0.25
1982	11	20	-0.21
1982	11	21	-0.2
1982	11	22	-0.21
1982	11	23	-0.21
1982	11	24	-0.2
1982	11	25	-0.16
1982	11	26	-0.16
1982	11	27	-0.21
1982	11	28	-0.25
1982	11	29	-0.27
1982	11	30	-0.32
1982	12	1	-0.38
1982	12	2	-0.4
1982	12	3	-0.37
1982	12	4	-0.37
1982	12	5	-0.34
1982	12	6	-0.33
1982	12	7	-0.35
1982	12	8	-0.37
1982	12	9	-0.35
1982	12	10	-0.34
1982	12	11	-0.25
1982	12	12	-0.21
1982	12	13	-0.23
1982	12	14	-0.24
1982	12	15	-0.22
1982	12	16	-0.18
1982	12	17	-0.12
1982	12	18	-0.12
1982	12	19	-0.15
1982	12	20	-0.17
1982	12	21	-0.09
1982	12	22	-0.06
1982	12	23	-0.08
1982	12	24	-0.06
1982	12	25	-0.05
1982	12	26	-0.07
1982	12	27	-0.08
1982	12	28	-0.02
1982	12	29	-0.01
1982	12	30	-0.07
1982	12	31	-0.11
1983	1	1	-0.14
1983	1	2	-0.16
1983	1	3	-0.19
1983	1	4	-0.16
1983	1	5	-0.12
1983	1	6	-0.09
1983	1	7	-0.04
1983	1	8	-0.01
1983	1	9	-0.01
1983	1	10	0.01
1983	1	11	-0.02
1983	1	12	-0.05
1983	1	13	-0.07
1983	1	14	-0.06
1983	1	15	-0.01
1983	1	16	0.04
1983	1	17	0.07
1983	1	18	0.07
1983	1	19	0.16
1983	1	20	0.16
1983	1	21	0.12
1983	1	22	0.12
1983	1	23	0.05
1983	1	24	-0.03
1983	1	25	-0.07
1983	1	26	-0.09
1983	1	27	-0.12
1983	1	28	-0.08
1983	1	29	-0.07
1983	1	30	-0.04
1983	1	31	0
1983	2	1	-0.02
1983	2	2	0.04
1983	2	3	0.08
1983	2	4	0.07
1983	2	5	0.04
1983	2	6	0.07
1983	2	7	0.04
1983	2	8	-0.03
1983	2	9	-0.1
1983	2	10	-0.14
1983	2	11	-0.14
1983	2	12	-0.2
1983	2	13	-0.24
1983	2	14	-0.28
1983	2	15	-0.33
1983	2	16	-0.38
1983	2	17	-0.38
1983	2	18	-0.38
1983	2	19	-0.39
1983	2	20	-0.39
1983	2	21	-0.37
1983	2	22	-0.4
1983	2	23	-0.42
1983	2	24	-0.4
1983	2	25	-0.39
1983	2	26	-0.37
1983	2	27	-0.35
1983	2	28	-0.35
1983	3	1	-0.35
1983	3	2	-0.39
1983	3	3	-0.41
1983	3	4	-0.41
1983	3	5	-0.39
1983	3	6	-0.34
1983	3	7	-0.3
1983	3	8	-0.31
1983	3	9	-0.32
1983	3	10	-0.33
1983	3	11	-0.34
1983	3	12	-0.36
1983	3	13	-0.4
1983	3	14	-0.39
1983	3	15	-0.38
1983	3	16	-0.37
1983	3	17	-0.39
1983	3	18	-0.38
1983	3	19	-0.36
1983	3	20	-0.34
1983	3	21	-0.33
1983	3	22	-0.34
1983	3	23	-0.27
1983	3	24	-0.25
1983	3	25	-0.17
1983	3	26	-0.1
1983	3	27	-0.06
1983	3	28	-0.06
1983	3	29	-0.09
1983	3	30	-0.11
1983	3	31	-0.12
1983	10	1	-0.32
1983	10	2	-0.33
1983	10	3	-0.33
1983	10	4	-0.32
1983	10	5	-0.32
1983	10	6	-0.3
1983	10	7	-0.3
1983	10	8	-0.29
1983	10	9	-0.28
1983	10	10	-0.29
1983	10	11	-0.27
1983	10	12	-0.25
1983	10	13	-0.27
1983	10	14	-0.26
1983	10	15	-0.23
1983	10	16	-0.2
1983	10	17	-0.2
1983	10	18	-0.17
1983	10	19	-0.18
1983	10	20	-0.17
1983	10	21	-0.2
1983	10	22	-0.26
1983	10	23	-0.33
1983	10	24	-0.34
1983	10	25	-0.36
1983	10	26	-0.36
1983	10	27	-0.36
1983	10	28	-0.36
1983	10	29	-0.35
1983	10	30	-0.35
1983	10	31	-0.35
1983	11	1	-0.35
1983	11	2	-0.34
1983	11	3	-0.38
1983	11	4	-0.4
1983	11	5	-0.38
1983	11	6	-0.36
1983	11	7	-0.38
1983	11	8	-0.38
1983	11	9	-0.39
1983	11	10	-0.41
1983	11	11	-0.39
1983	11	12	-0.4
1983	11	13	-0.4
1983	11	14	-0.39
1983	11	15	-0.4
1983	11	16	-0.38
1983	11	17	-0.37
1983	11	18	-0.41
1983	11	19	-0.4
1983	11	20	-0.4
1983	11	21	-0.38
1983	11	22	-0.38
1983	11	23	-0.4
1983	11	24	-0.4
1983	11	25	-0.41
1983	11	26	-0.37
1983	11	27	-0.32
1983	11	28	-0.27
1983	11	29	-0.24
1983	11	30	-0.21
1983	12	1	-0.25
1983	12	2	-0.3
1983	12	3	-0.33
1983	12	4	-0.34
1983	12	5	-0.34
1983	12	6	-0.32
1983	12	7	-0.32
1983	12	8	-0.33
1983	12	9	-0.29
1983	12	10	-0.26
1983	12	11	-0.25
1983	12	12	-0.29
1983	12	13	-0.32
1983	12	14	-0.36
1983	12	15	-0.38
1983	12	16	-0.37
1983	12	17	-0.38
1983	12	18	-0.39
1983	12	19	-0.41
1983	12	20	-0.4
1983	12	21	-0.38
1983	12	22	-0.39
1983	12	23	-0.4
1983	12	24	-0.38
1983	12	25	-0.36
1983	12	26	-0.33
1983	12	27	-0.3
1983	12	28	-0.29
1983	12	29	-0.25
1983	12	30	-0.27
1983	12	31	-0.24
1984	1	1	-0.2
1984	1	2	-0.14
1984	1	3	-0.11
1984	1	4	-0.03
1984	1	5	0.01
1984	1	6	-0.01
1984	1	7	-0.01
1984	1	8	0.02
1984	1	9	0.05
1984	1	10	-0.01
1984	1	11	-0.01
1984	1	12	0
1984	1	13	0.04
1984	1	14	0.03
1984	1	15	0.1
1984	1	16	0.16
1984	1	17	0.17
1984	1	18	0.23
1984	1	19	0.19
1984	1	20	0.15
1984	1	21	0.09
1984	1	22	-0.05
1984	1	23	-0.15
1984	1	24	-0.17
1984	1	25	-0.16
1984	1	26	-0.2
1984	1	27	-0.23
1984	1	28	-0.25
1984	1	29	-0.27
1984	1	30	-0.26
1984	1	31	-0.25
1984	2	1	-0.24
1984	2	2	-0.26
1984	2	3	-0.27
1984	2	4	-0.22
1984	2	5	-0.17
1984	2	6	-0.12
1984	2	7	-0.06
1984	2	8	0.05
1984	2	9	0.13
1984	2	10	0.09
1984	2	11	0.05
1984	2	12	-0.01
1984	2	13	-0.08
1984	2	14	-0.11
1984	2	15	-0.15
1984	2	16	-0.19
1984	2	17	-0.23
1984	2	18	-0.25
1984	2	19	-0.31
1984	2	20	-0.37
1984	2	21	-0.38
1984	2	22	-0.38
1984	2	23	-0.42
1984	2	24	-0.45
1984	2	25	-0.43
1984	2	26	-0.44
1984	2	27	-0.47
1984	2	28	-0.45
1984	2	29	-0.43
1984	3	1	-0.4
1984	3	2	-0.4
1984	3	3	-0.37
1984	3	4	-0.4
1984	3	5	-0.41
1984	3	6	-0.44
1984	3	7	-0.45
1984	3	8	-0.46
1984	3	9	-0.47
1984	3	10	-0.43
1984	3	11	-0.39
1984	3	12	-0.38
1984	3	13	-0.42
1984	3	14	-0.44
1984	3	15	-0.44
1984	3	16	-0.41
1984	3	17	-0.41
1984	3	18	-0.42
1984	3	19	-0.42
1984	3	20	-0.4
1984	3	21	-0.39
1984	3	22	-0.39
1984	3	23	-0.37
1984	3	24	-0.33
1984	3	25	-0.32
1984	3	26	-0.3
1984	3	27	-0.28
1984	3	28	-0.28
1984	3	29	-0.27
1984	3	30	-0.26
1984	3	31	-0.23
1984	10	1	-0.16
1984	10	2	-0.15
1984	10	3	-0.12
1984	10	4	-0.1
1984	10	5	-0.12
1984	10	6	-0.13
1984	10	7	-0.09
1984	10	8	-0.07
1984	10	9	-0.08
1984	10	10	-0.1
1984	10	11	-0.13
1984	10	12	-0.15
1984	10	13	-0.17
1984	10	14	-0.18
1984	10	15	-0.21
1984	10	16	-0.24
1984	10	17	-0.25
1984	10	18	-0.21
1984	10	19	-0.17
1984	10	20	-0.12
1984	10	21	-0.09
1984	10	22	-0.1
1984	10	23	-0.1
1984	10	24	-0.09
1984	10	25	-0.11
1984	10	26	-0.11
1984	10	27	-0.11
1984	10	28	-0.16
1984	10	29	-0.2
1984	10	30	-0.24
1984	10	31	-0.26
1984	11	1	-0.27
1984	11	2	-0.28
1984	11	3	-0.28
1984	11	4	-0.26
1984	11	5	-0.27
1984	11	6	-0.3
1984	11	7	-0.32
1984	11	8	-0.36
1984	11	9	-0.39
1984	11	10	-0.42
1984	11	11	-0.43
1984	11	12	-0.44
1984	11	13	-0.42
1984	11	14	-0.41
1984	11	15	-0.39
1984	11	16	-0.4
1984	11	17	-0.4
1984	11	18	-0.4
1984	11	19	-0.4
1984	11	20	-0.39
1984	11	21	-0.38
1984	11	22	-0.36
1984	11	23	-0.31
1984	11	24	-0.22
1984	11	25	-0.14
1984	11	26	-0.13
1984	11	27	-0.13
1984	11	28	-0.15
1984	11	29	-0.13
1984	11	30	-0.16
1984	12	1	-0.2
1984	12	2	-0.2
1984	12	3	-0.23
1984	12	4	-0.28
1984	12	5	-0.3
1984	12	6	-0.3
1984	12	7	-0.33
1984	12	8	-0.35
1984	12	9	-0.35
1984	12	10	-0.35
1984	12	11	-0.34
1984	12	12	-0.38
1984	12	13	-0.41
1984	12	14	-0.42
1984	12	15	-0.42
1984	12	16	-0.44
1984	12	17	-0.43
1984	12	18	-0.42
1984	12	19	-0.39
1984	12	20	-0.38
1984	12	21	-0.36
1984	12	22	-0.32
1984	12	23	-0.34
1984	12	24	-0.33
1984	12	25	-0.31
1984	12	26	-0.3
1984	12	27	-0.29
1984	12	28	-0.34
1984	12	29	-0.37
1984	12	30	-0.41
1984	12	31	-0.44
1985	1	1	-0.44
1985	1	2	-0.39
1985	1	3	-0.39
1985	1	4	-0.39
1985	1	5	-0.41
1985	1	6	-0.41
1985	1	7	-0.43
1985	1	8	-0.43
1985	1	9	-0.41
1985	1	10	-0.41
1985	1	11	-0.43
1985	1	12	-0.45
1985	1	13	-0.44
1985	1	14	-0.45
1985	1	15	-0.45
1985	1	16	-0.44
1985	1	17	-0.42
1985	1	18	-0.41
1985	1	19	-0.41
1985	1	20	-0.4
1985	1	21	-0.4
1985	1	22	-0.39
1985	1	23	-0.37
1985	1	24	-0.33
1985	1	25	-0.29
1985	1	26	-0.26
1985	1	27	-0.24
1985	1	28	-0.29
1985	1	29	-0.3
1985	1	30	-0.27
1985	1	31	-0.25
1985	2	1	-0.17
1985	2	2	-0.13
1985	2	3	-0.09
1985	2	4	-0.15
1985	2	5	-0.18
1985	2	6	-0.23
1985	2	7	-0.24
1985	2	8	-0.3
1985	2	9	-0.4
1985	2	10	-0.43
1985	2	11	-0.44
1985	2	12	-0.37
1985	2	13	-0.33
1985	2	14	-0.3
1985	2	15	-0.28
1985	2	16	-0.29
1985	2	17	-0.3
1985	2	18	-0.34
1985	2	19	-0.41
1985	2	20	-0.44
1985	2	21	-0.44
1985	2	22	-0.43
1985	2	23	-0.44
1985	2	24	-0.43
1985	2	25	-0.42
1985	2	26	-0.43
1985	2	27	-0.43
1985	2	28	-0.42
1985	3	1	-0.42
1985	3	2	-0.41
1985	3	3	-0.4
1985	3	4	-0.4
1985	3	5	-0.42
1985	3	6	-0.45
1985	3	7	-0.47
1985	3	8	-0.42
1985	3	9	-0.43
1985	3	10	-0.45
1985	3	11	-0.45
1985	3	12	-0.43
1985	3	13	-0.43
1985	3	14	-0.4
1985	3	15	-0.4
1985	3	16	-0.39
1985	3	17	-0.42
1985	3	18	-0.45
1985	3	19	-0.44
1985	3	20	-0.41
1985	3	21	-0.37
1985	3	22	-0.36
1985	3	23	-0.34
1985	3	24	-0.31
1985	3	25	-0.28
1985	3	26	-0.27
1985	3	27	-0.28
1985	3	28	-0.27
1985	3	29	-0.21
1985	3	30	-0.16
1985	3	31	-0.15
1985	10	1	-0.41
1985	10	2	-0.41
1985	10	3	-0.41
1985	10	4	-0.39
1985	10	5	-0.39
1985	10	6	-0.39
1985	10	7	-0.38
1985	10	8	-0.36
1985	10	9	-0.34
1985	10	10	-0.32
1985	10	11	-0.32
1985	10	12	-0.32
1985	10	13	-0.38
1985	10	14	-0.41
1985	10	15	-0.39
1985	10	16	-0.4
1985	10	17	-0.41
1985	10	18	-0.42
1985	10	19	-0.43
1985	10	20	-0.44
1985	10	21	-0.44
1985	10	22	-0.45
1985	10	23	-0.45
1985	10	24	-0.41
1985	10	25	-0.41
1985	10	26	-0.42
1985	10	27	-0.41
1985	10	28	-0.4
1985	10	29	-0.39
1985	10	30	-0.4
1985	10	31	-0.38
1985	11	1	-0.38
1985	11	2	-0.37
1985	11	3	-0.34
1985	11	4	-0.35
1985	11	5	-0.33
1985	11	6	-0.3
1985	11	7	-0.3
1985	11	8	-0.26
1985	11	9	-0.28
1985	11	10	-0.23
1985	11	11	-0.18
1985	11	12	-0.15
1985	11	13	-0.17
1985	11	14	-0.19
1985	11	15	-0.24
1985	11	16	-0.29
1985	11	17	-0.35
1985	11	18	-0.38
1985	11	19	-0.39
1985	11	20	-0.41
1985	11	21	-0.39
1985	11	22	-0.38
1985	11	23	-0.36
1985	11	24	-0.39
1985	11	25	-0.37
1985	11	26	-0.37
1985	11	27	-0.36
1985	11	28	-0.34
1985	11	29	-0.36
1985	11	30	-0.39
1985	12	1	-0.44
1985	12	2	-0.44
1985	12	3	-0.39
1985	12	4	-0.36
1985	12	5	-0.35
1985	12	6	-0.31
1985	12	7	-0.29
1985	12	8	-0.28
1985	12	9	-0.32
1985	12	10	-0.31
1985	12	11	-0.34
1985	12	12	-0.35
1985	12	13	-0.35
1985	12	14	-0.33
1985	12	15	-0.33
1985	12	16	-0.31
1985	12	17	-0.31
1985	12	18	-0.32
1985	12	19	-0.28
1985	12	20	-0.25
1985	12	21	-0.23
1985	12	22	-0.2
1985	12	23	-0.22
1985	12	24	-0.23
1985	12	25	-0.26
1985	12	26	-0.27
1985	12	27	-0.27
1985	12	28	-0.28
1985	12	29	-0.3
1985	12	30	-0.27
1985	12	31	-0.27
1986	1	1	-0.27
1986	1	2	-0.29
1986	1	3	-0.3
1986	1	4	-0.3
1986	1	5	-0.29
1986	1	6	-0.29
1986	1	7	-0.32
1986	1	8	-0.35
1986	1	9	-0.42
1986	1	10	-0.44
1986	1	11	-0.41
1986	1	12	-0.36
1986	1	13	-0.3
1986	1	14	-0.25
1986	1	15	-0.16
1986	1	16	-0.13
1986	1	17	-0.11
1986	1	18	-0.13
1986	1	19	-0.09
1986	1	20	0.01
1986	1	21	0.05
1986	1	22	0.12
1986	1	23	0.15
1986	1	24	0.24
1986	1	25	0.34
1986	1	26	0.29
1986	1	27	0.21
1986	1	28	0.15
1986	1	29	0.07
1986	1	30	-0.03
1986	1	31	-0.12
1986	2	1	-0.23
1986	2	2	-0.31
1986	2	3	-0.32
1986	2	4	-0.35
1986	2	5	-0.34
1986	2	6	-0.34
1986	2	7	-0.37
1986	2	8	-0.37
1986	2	9	-0.37
1986	2	10	-0.41
1986	2	11	-0.42
1986	2	12	-0.43
1986	2	13	-0.44
1986	2	14	-0.43
1986	2	15	-0.44
1986	2	16	-0.42
1986	2	17	-0.41
1986	2	18	-0.41
1986	2	19	-0.4
1986	2	20	-0.4
1986	2	21	-0.41
1986	2	22	-0.41
1986	2	23	-0.41
1986	2	24	-0.4
1986	2	25	-0.41
1986	2	26	-0.42
1986	2	27	-0.42
1986	2	28	-0.42
1986	3	1	-0.42
1986	3	2	-0.42
1986	3	3	-0.42
1986	3	4	-0.42
1986	3	5	-0.4
1986	3	6	-0.4
1986	3	7	-0.41
1986	3	8	-0.42
1986	3	9	-0.45
1986	3	10	-0.45
1986	3	11	-0.42
1986	3	12	-0.42
1986	3	13	-0.41
1986	3	14	-0.41
1986	3	15	-0.41
1986	3	16	-0.39
1986	3	17	-0.38
1986	3	18	-0.36
1986	3	19	-0.34
1986	3	20	-0.34
1986	3	21	-0.31
1986	3	22	-0.29
1986	3	23	-0.29
1986	3	24	-0.25
1986	3	25	-0.24
1986	3	26	-0.19
1986	3	27	-0.21
1986	3	28	-0.22
1986	3	29	-0.22
1986	3	30	-0.19
1986	3	31	-0.19
1986	10	1	-0.28
1986	10	2	-0.29
1986	10	3	-0.29
1986	10	4	-0.3
1986	10	5	-0.33
1986	10	6	-0.36
1986	10	7	-0.35
1986	10	8	-0.35
1986	10	9	-0.36
1986	10	10	-0.36
1986	10	11	-0.35
1986	10	12	-0.36
1986	10	13	-0.38
1986	10	14	-0.38
1986	10	15	-0.39
1986	10	16	-0.38
1986	10	17	-0.39
1986	10	18	-0.4
1986	10	19	-0.39
1986	10	20	-0.39
1986	10	21	-0.31
1986	10	22	-0.28
1986	10	23	-0.29
1986	10	24	-0.23
1986	10	25	-0.24
1986	10	26	-0.23
1986	10	27	-0.21
1986	10	28	-0.2
1986	10	29	-0.16
1986	10	30	-0.15
1986	10	31	-0.14
1986	11	1	-0.14
1986	11	2	-0.12
1986	11	3	-0.15
1986	11	4	-0.17
1986	11	5	-0.2
1986	11	6	-0.18
1986	11	7	-0.2
1986	11	8	-0.22
1986	11	9	-0.21
1986	11	10	-0.23
1986	11	11	-0.21
1986	11	12	-0.21
1986	11	13	-0.2
1986	11	14	-0.23
1986	11	15	-0.23
1986	11	16	-0.24
1986	11	17	-0.25
1986	11	18	-0.23
1986	11	19	-0.24
1986	11	20	-0.22
1986	11	21	-0.21
1986	11	22	-0.26
1986	11	23	-0.23
1986	11	24	-0.21
1986	11	25	-0.18
1986	11	26	-0.17
1986	11	27	-0.16
1986	11	28	-0.21
1986	11	29	-0.25
1986	11	30	-0.3
1986	12	1	-0.32
1986	12	2	-0.32
1986	12	3	-0.34
1986	12	4	-0.32
1986	12	5	-0.32
1986	12	6	-0.3
1986	12	7	-0.29
1986	12	8	-0.29
1986	12	9	-0.29
1986	12	10	-0.28
1986	12	11	-0.32
1986	12	12	-0.38
1986	12	13	-0.41
1986	12	14	-0.41
1986	12	15	-0.42
1986	12	16	-0.46
1986	12	17	-0.39
1986	12	18	-0.38
1986	12	19	-0.35
1986	12	20	-0.21
1986	12	21	-0.19
1986	12	22	-0.19
1986	12	23	-0.17
1986	12	24	-0.21
1986	12	25	-0.22
1986	12	26	-0.23
1986	12	27	-0.21
1986	12	28	-0.17
1986	12	29	-0.1
1986	12	30	-0.03
1986	12	31	-0.01
1987	1	1	0.06
1987	1	2	0.07
1987	1	3	0.05
1987	1	4	0.04
1987	1	5	0.08
1987	1	6	0.22
1987	1	7	0.2
1987	1	8	0.16
1987	1	9	0.15
1987	1	10	0.09
1987	1	11	-0.04
1987	1	12	-0.1
1987	1	13	-0.16
1987	1	14	-0.22
1987	1	15	-0.24
1987	1	16	-0.27
1987	1	17	-0.27
1987	1	18	-0.25
1987	1	19	-0.27
1987	1	20	-0.28
1987	1	21	-0.28
1987	1	22	-0.3
1987	1	23	-0.3
1987	1	24	-0.32
1987	1	25	-0.33
1987	1	26	-0.32
1987	1	27	-0.33
1987	1	28	-0.33
1987	1	29	-0.33
1987	1	30	-0.41
1987	1	31	-0.36
1987	2	1	-0.41
1987	2	2	-0.42
1987	2	3	-0.44
1987	2	4	-0.43
1987	2	5	-0.45
1987	2	6	-0.44
1987	2	7	-0.41
1987	2	8	-0.39
1987	2	9	-0.4
1987	2	10	-0.35
1987	2	11	-0.33
1987	2	12	-0.33
1987	2	13	-0.34
1987	2	14	-0.35
1987	2	15	-0.38
1987	2	16	-0.4
1987	2	17	-0.41
1987	2	18	-0.42
1987	2	19	-0.42
1987	2	20	-0.44
1987	2	21	-0.47
1987	2	22	-0.46
1987	2	23	-0.43
1987	2	24	-0.43
1987	2	25	-0.42
1987	2	26	-0.43
1987	2	27	-0.42
1987	2	28	-0.41
1987	3	1	-0.4
1987	3	2	-0.41
1987	3	3	-0.39
1987	3	4	-0.41
1987	3	5	-0.4
1987	3	6	-0.4
1987	3	7	-0.43
1987	3	8	-0.5
1987	3	9	-0.51
1987	3	10	-0.44
1987	3	11	-0.38
1987	3	12	-0.32
1987	3	13	-0.31
1987	3	14	-0.32
1987	3	15	-0.3
1987	3	16	-0.27
1987	3	17	-0.28
1987	3	18	-0.27
1987	3	19	-0.26
1987	3	20	-0.24
1987	3	21	-0.25
1987	3	22	-0.27
1987	3	23	-0.26
1987	3	24	-0.23
1987	3	25	-0.22
1987	3	26	-0.25
1987	3	27	-0.21
1987	3	28	-0.19
1987	3	29	-0.17
1987	3	30	-0.16
1987	3	31	-0.18
1987	10	1	-0.32
1987	10	2	-0.35
1987	10	3	-0.37
1987	10	4	-0.41
1987	10	5	-0.41
1987	10	6	-0.39
1987	10	7	-0.34
1987	10	8	-0.29
1987	10	9	-0.26
1987	10	10	-0.29
1987	10	11	-0.31
1987	10	12	-0.31
1987	10	13	-0.3
1987	10	14	-0.29
1987	10	15	-0.25
1987	10	16	-0.29
1987	10	17	-0.14
1987	10	18	-0.14
1987	10	19	-0.2
1987	10	20	-0.22
1987	10	21	-0.25
1987	10	22	-0.29
1987	10	23	-0.31
1987	10	24	-0.32
1987	10	25	-0.34
1987	10	26	-0.35
1987	10	27	-0.37
1987	10	28	-0.4
1987	10	29	-0.38
1987	10	30	-0.38
1987	10	31	-0.38
1987	11	1	-0.4
1987	11	2	-0.38
1987	11	3	-0.41
1987	11	4	-0.44
1987	11	5	-0.47
1987	11	6	-0.45
1987	11	7	-0.42
1987	11	8	-0.43
1987	11	9	-0.44
1987	11	10	-0.43
1987	11	11	-0.4
1987	11	12	-0.37
1987	11	13	-0.28
1987	11	14	-0.27
1987	11	15	-0.2
1987	11	16	-0.21
1987	11	17	-0.17
1987	11	18	-0.15
1987	11	19	-0.17
1987	11	20	-0.12
1987	11	21	-0.04
1987	11	22	-0.01
1987	11	23	0
1987	11	24	-0.04
1987	11	25	-0.12
1987	11	26	-0.15
1987	11	27	-0.16
1987	11	28	-0.19
1987	11	29	-0.22
1987	11	30	-0.25
1987	12	1	-0.25
1987	12	2	-0.32
1987	12	3	-0.41
1987	12	4	-0.43
1987	12	5	-0.45
1987	12	6	-0.46
1987	12	7	-0.45
1987	12	8	-0.45
1987	12	9	-0.44
1987	12	10	-0.44
1987	12	11	-0.39
1987	12	12	-0.39
1987	12	13	-0.38
1987	12	14	-0.4
1987	12	15	-0.38
1987	12	16	-0.39
1987	12	17	-0.37
1987	12	18	-0.33
1987	12	19	-0.27
1987	12	20	-0.23
1987	12	21	-0.21
1987	12	22	-0.22
1987	12	23	-0.21
1987	12	24	-0.25
1987	12	25	-0.27
1987	12	26	-0.27
1987	12	27	-0.26
1987	12	28	-0.24
1987	12	29	-0.19
1987	12	30	-0.16
1987	12	31	-0.19
1988	1	1	-0.15
1988	1	2	-0.13
1988	1	3	-0.07
1988	1	4	-0.01
1988	1	5	0.03
1988	1	6	0.05
1988	1	7	0.09
1988	1	8	0.1
1988	1	9	0.02
1988	1	10	-0.03
1988	1	11	-0.06
1988	1	12	-0.06
1988	1	13	-0.15
1988	1	14	-0.15
1988	1	15	-0.12
1988	1	16	-0.17
1988	1	17	-0.22
1988	1	18	-0.22
1988	1	19	-0.26
1988	1	20	-0.3
1988	1	21	-0.28
1988	1	22	-0.27
1988	1	23	-0.3
1988	1	24	-0.29
1988	1	25	-0.28
1988	1	26	-0.23
1988	1	27	-0.26
1988	1	28	-0.24
1988	1	29	-0.16
1988	1	30	-0.15
1988	1	31	-0.11
1988	2	1	-0.04
1988	2	2	-0.1
1988	2	3	-0.01
1988	2	4	-0.03
1988	2	5	0
1988	2	6	-0.01
1988	2	7	0.03
1988	2	8	0.07
1988	2	9	0.04
1988	2	10	0.16
1988	2	11	0.22
1988	2	12	0.21
1988	2	13	0.16
1988	2	14	0.03
1988	2	15	-0.04
1988	2	16	-0.08
1988	2	17	-0.07
1988	2	18	-0.07
1988	2	19	-0.06
1988	2	20	-0.09
1988	2	21	-0.13
1988	2	22	-0.17
1988	2	23	-0.15
1988	2	24	-0.14
1988	2	25	-0.15
1988	2	26	-0.22
1988	2	27	-0.26
1988	2	28	-0.29
1988	2	29	-0.21
1988	3	1	-0.21
1988	3	2	-0.21
1988	3	3	-0.21
1988	3	4	-0.17
1988	3	5	-0.19
1988	3	6	-0.19
1988	3	7	-0.19
1988	3	8	-0.19
1988	3	9	-0.23
1988	3	10	-0.26
1988	3	11	-0.26
1988	3	12	-0.23
1988	3	13	-0.21
1988	3	14	-0.22
1988	3	15	-0.22
1988	3	16	-0.18
1988	3	17	-0.12
1988	3	18	-0.14
1988	3	19	-0.21
1988	3	20	-0.24
1988	3	21	-0.2
1988	3	22	-0.16
1988	3	23	-0.13
1988	3	24	-0.12
1988	3	25	-0.07
1988	3	26	0.02
1988	3	27	0.09
1988	3	28	0.1
1988	3	29	0.08
1988	3	30	0.1
1988	3	31	0.08
1988	10	1	-0.19
1988	10	2	-0.23
1988	10	3	-0.24
1988	10	4	-0.26
1988	10	5	-0.26
1988	10	6	-0.27
1988	10	7	-0.22
1988	10	8	-0.14
1988	10	9	-0.07
1988	10	10	-0.02
1988	10	11	-0.07
1988	10	12	-0.11
1988	10	13	-0.11
1988	10	14	-0.14
1988	10	15	-0.17
1988	10	16	-0.19
1988	10	17	-0.22
1988	10	18	-0.25
1988	10	19	-0.32
1988	10	20	-0.36
1988	10	21	-0.33
1988	10	22	-0.33
1988	10	23	-0.34
1988	10	24	-0.34
1988	10	25	-0.34
1988	10	26	-0.33
1988	10	27	-0.35
1988	10	28	-0.34
1988	10	29	-0.34
1988	10	30	-0.34
1988	10	31	-0.34
1988	11	1	-0.32
1988	11	2	-0.33
1988	11	3	-0.32
1988	11	4	-0.33
1988	11	5	-0.37
1988	11	6	-0.38
1988	11	7	-0.36
1988	11	8	-0.34
1988	11	9	-0.35
1988	11	10	-0.35
1988	11	11	-0.35
1988	11	12	-0.35
1988	11	13	-0.36
1988	11	14	-0.33
1988	11	15	-0.32
1988	11	16	-0.32
1988	11	17	-0.32
1988	11	18	-0.36
1988	11	19	-0.33
1988	11	20	-0.34
1988	11	21	-0.37
1988	11	22	-0.36
1988	11	23	-0.36
1988	11	24	-0.37
1988	11	25	-0.37
1988	11	26	-0.38
1988	11	27	-0.38
1988	11	28	-0.36
1988	11	29	-0.32
1988	11	30	-0.31
1988	12	1	-0.4
1988	12	2	-0.39
1988	12	3	-0.38
1988	12	4	-0.38
1988	12	5	-0.34
1988	12	6	-0.32
1988	12	7	-0.27
1988	12	8	-0.24
1988	12	9	-0.22
1988	12	10	-0.22
1988	12	11	-0.19
1988	12	12	-0.19
1988	12	13	-0.16
1988	12	14	-0.15
1988	12	15	-0.15
1988	12	16	-0.15
1988	12	17	-0.15
1988	12	18	-0.14
1988	12	19	-0.14
1988	12	20	-0.09
1988	12	21	-0.05
1988	12	22	-0.08
1988	12	23	-0.08
1988	12	24	-0.02
1988	12	25	-0.04
1988	12	26	-0.07
1988	12	27	-0.03
1988	12	28	-0.03
1988	12	29	-0.06
1988	12	30	-0.09
1988	12	31	-0.07
1989	1	1	-0.17
1989	1	2	-0.21
1989	1	3	-0.22
1989	1	4	0
1989	1	5	-0.2
1989	1	6	-0.21
1989	1	7	-0.26
1989	1	8	-0.29
1989	1	9	-0.3
1989	1	10	-0.27
1989	1	11	-0.32
1989	1	12	-0.28
1989	1	13	-0.29
1989	1	14	-0.3
1989	1	15	-0.31
1989	1	16	-0.28
1989	1	17	-0.29
1989	1	18	-0.29
1989	1	19	-0.32
1989	1	20	-0.34
1989	1	21	-0.38
1989	1	22	-0.37
1989	1	23	-0.4
1989	1	24	-0.43
1989	1	25	-0.46
1989	1	26	-0.44
1989	1	27	-0.43
1989	1	28	-0.44
1989	1	29	-0.42
1989	1	30	-0.42
1989	1	31	-0.41
1989	2	1	-0.43
1989	2	2	-0.42
1989	2	3	-0.4
1989	2	4	-0.39
1989	2	5	-0.4
1989	2	6	-0.38
1989	2	7	-0.37
1989	2	8	-0.38
1989	2	9	-0.41
1989	2	10	-0.4
1989	2	11	-0.43
1989	2	12	-0.46
1989	2	13	-0.44
1989	2	14	-0.46
1989	2	15	-0.45
1989	2	16	-0.44
1989	2	17	-0.41
1989	2	18	-0.45
1989	2	19	-0.38
1989	2	20	-0.39
1989	2	21	-0.38
1989	2	22	-0.41
1989	2	23	-0.38
1989	2	24	-0.4
1989	2	25	-0.37
1989	2	26	-0.38
1989	2	27	-0.37
1989	2	28	-0.34
1989	3	1	-0.33
1989	3	2	-0.26
1989	3	3	-0.25
1989	3	4	-0.26
1989	3	5	-0.27
1989	3	6	-0.28
1989	3	7	-0.26
1989	3	8	-0.23
1989	3	9	-0.24
1989	3	10	-0.25
1989	3	11	-0.26
1989	3	12	-0.27
1989	3	13	-0.32
1989	3	14	-0.26
1989	3	15	-0.25
1989	3	16	-0.21
1989	3	17	-0.23
1989	3	18	-0.26
1989	3	19	-0.29
1989	3	20	-0.29
1989	3	21	-0.26
1989	3	22	-0.3
1989	3	23	-0.24
1989	3	24	-0.26
1989	3	25	-0.16
1989	3	26	-0.15
1989	3	27	-0.16
1989	3	28	-0.15
1989	3	29	-0.17
1989	3	30	-0.17
1989	3	31	-0.16
1989	10	1	-0.36
1989	10	2	-0.36
1989	10	3	-0.36
1989	10	4	-0.36
1989	10	5	-0.4
1989	10	6	-0.39
1989	10	7	-0.4
1989	10	8	-0.35
1989	10	9	-0.39
1989	10	10	-0.41
1989	10	11	-0.37
1989	10	12	-0.37
1989	10	13	-0.37
1989	10	14	-0.37
1989	10	15	-0.33
1989	10	16	-0.35
1989	10	17	-0.35
1989	10	18	-0.37
1989	10	19	-0.39
1989	10	20	-0.38
1989	10	21	-0.44
1989	10	22	-0.36
1989	10	23	-0.32
1989	10	24	-0.32
1989	10	25	-0.31
1989	10	26	-0.31
1989	10	27	-0.34
1989	10	28	-0.37
1989	10	29	-0.39
1989	10	30	-0.37
1989	10	31	-0.36
1989	11	1	-0.35
1989	11	2	-0.36
1989	11	3	-0.36
1989	11	4	-0.35
1989	11	5	-0.34
1989	11	6	-0.34
1989	11	7	-0.34
1989	11	8	-0.33
1989	11	9	-0.31
1989	11	10	-0.3
1989	11	11	-0.31
1989	11	12	-0.34
1989	11	13	-0.36
1989	11	14	-0.39
1989	11	15	-0.37
1989	11	16	-0.39
1989	11	17	-0.41
1989	11	18	-0.44
1989	11	19	-0.43
1989	11	20	-0.41
1989	11	21	-0.4
1989	11	22	-0.41
1989	11	23	-0.39
1989	11	24	-0.39
1989	11	25	-0.41
1989	11	26	-0.41
1989	11	27	-0.39
1989	11	28	-0.37
1989	11	29	-0.38
1989	11	30	-0.39
1989	12	1	-0.39
1989	12	2	-0.41
1989	12	3	-0.42
1989	12	4	-0.41
1989	12	5	-0.4
1989	12	6	-0.39
1989	12	7	-0.38
1989	12	8	-0.37
1989	12	9	-0.37
1989	12	10	-0.37
1989	12	11	-0.35
1989	12	12	-0.35
1989	12	13	-0.34
1989	12	14	-0.32
1989	12	15	-0.31
1989	12	16	-0.29
1989	12	17	-0.26
1989	12	18	-0.26
1989	12	19	-0.24
1989	12	20	-0.23
1989	12	21	-0.14
1989	12	22	-0.09
1989	12	23	-0.04
1989	12	24	-0.01
1989	12	25	-0.05
1989	12	26	-0.06
1989	12	27	-0.06
1989	12	28	-0.11
1989	12	29	-0.16
1989	12	30	-0.22
1989	12	31	-0.26
1990	1	1	-0.27
1990	1	2	-0.29
1990	1	3	-0.33
1990	1	4	-0.35
1990	1	5	-0.34
1990	1	6	-0.34
1990	1	7	-0.35
1990	1	8	-0.36
1990	1	9	-0.38
1990	1	10	-0.37
1990	1	11	-0.38
1990	1	12	-0.36
1990	1	13	-0.35
1990	1	14	-0.34
1990	1	15	-0.32
1990	1	16	-0.33
1990	1	17	-0.33
1990	1	18	-0.31
1990	1	19	-0.31
1990	1	20	-0.3
1990	1	21	-0.3
1990	1	22	-0.32
1990	1	23	-0.33
1990	1	24	-0.32
1990	1	25	-0.27
1990	1	26	-0.26
1990	1	27	-0.21
1990	1	28	-0.23
1990	1	29	-0.2
1990	1	30	-0.22
1990	1	31	-0.24
1990	2	1	-0.25
1990	2	2	-0.26
1990	2	3	-0.26
1990	2	4	-0.24
1990	2	5	-0.23
1990	2	6	-0.25
1990	2	7	-0.28
1990	2	8	-0.25
1990	2	9	-0.21
1990	2	10	-0.22
1990	2	11	-0.22
1990	2	12	-0.24
1990	2	13	-0.2
1990	2	14	-0.2
1990	2	15	-0.15
1990	2	16	-0.12
1990	2	17	-0.13
1990	2	18	-0.16
1990	2	19	-0.16
1990	2	20	-0.13
1990	2	21	-0.12
1990	2	22	-0.11
1990	2	23	-0.14
1990	2	24	-0.14
1990	2	25	-0.15
1990	2	26	-0.11
1990	2	27	-0.08
1990	2	28	-0.03
1990	3	1	0.04
1990	3	2	0.09
1990	3	3	0.09
1990	3	4	0.07
1990	3	5	0.07
1990	3	6	0.1
1990	3	7	0.12
1990	3	8	0.09
1990	3	9	0.06
1990	3	10	0.07
1990	3	11	0.05
1990	3	12	0.03
1990	3	13	-0.01
1990	3	14	-0.09
1990	3	15	-0.14
1990	3	16	-0.17
1990	3	17	-0.17
1990	3	18	-0.21
1990	3	19	-0.23
1990	3	20	-0.22
1990	3	21	-0.25
1990	3	22	-0.21
1990	3	23	-0.21
1990	3	24	-0.24
1990	3	25	-0.24
1990	3	26	-0.2
1990	3	27	-0.24
1990	3	28	-0.23
1990	3	29	-0.22
1990	3	30	-0.22
1990	3	31	-0.23
1990	10	1	-0.18
1990	10	2	-0.19
1990	10	3	-0.19
1990	10	4	-0.2
1990	10	5	-0.19
1990	10	6	-0.17
1990	10	7	-0.16
1990	10	8	-0.13
1990	10	9	-0.17
1990	10	10	-0.18
1990	10	11	-0.2
1990	10	12	-0.23
1990	10	13	-0.27
1990	10	14	-0.3
1990	10	15	-0.32
1990	10	16	-0.33
1990	10	17	-0.34
1990	10	18	-0.35
1990	10	19	-0.36
1990	10	20	-0.37
1990	10	21	-0.4
1990	10	22	-0.44
1990	10	23	-0.45
1990	10	24	-0.44
1990	10	25	-0.43
1990	10	26	-0.4
1990	10	27	-0.38
1990	10	28	-0.35
1990	10	29	-0.34
1990	10	30	-0.32
1990	10	31	-0.3
1990	11	1	-0.26
1990	11	2	-0.25
1990	11	3	-0.24
1990	11	4	-0.21
1990	11	5	-0.22
1990	11	6	-0.24
1990	11	7	-0.26
1990	11	8	-0.3
1990	11	9	-0.33
1990	11	10	-0.35
1990	11	11	-0.35
1990	11	12	-0.34
1990	11	13	-0.34
1990	11	14	-0.33
1990	11	15	-0.31
1990	11	16	-0.29
1990	11	17	-0.23
1990	11	18	-0.19
1990	11	19	-0.12
1990	11	20	-0.07
1990	11	21	-0.02
1990	11	22	-0.02
1990	11	23	-0.04
1990	11	24	-0.08
1990	11	25	-0.1
1990	11	26	-0.11
1990	11	27	-0.12
1990	11	28	-0.13
1990	11	29	-0.14
1990	11	30	-0.14
1990	12	1	-0.18
1990	12	2	-0.19
1990	12	3	-0.2
1990	12	4	-0.19
1990	12	5	-0.19
1990	12	6	-0.21
1990	12	7	-0.21
1990	12	8	-0.23
1990	12	9	-0.3
1990	12	10	-0.37
1990	12	11	-0.41
1990	12	12	-0.43
1990	12	13	-0.38
1990	12	14	-0.39
1990	12	15	-0.39
1990	12	16	-0.37
1990	12	17	-0.36
1990	12	18	-0.36
1990	12	19	-0.35
1990	12	20	-0.35
1990	12	21	-0.32
1990	12	22	-0.33
1990	12	23	-0.35
1990	12	24	-0.38
1990	12	25	-0.39
1990	12	26	-0.37
1990	12	27	-0.32
1990	12	28	-0.27
1990	12	29	-0.27
1990	12	30	-0.22
1990	12	31	-0.2
1991	1	1	-0.18
1991	1	2	-0.2
1991	1	3	-0.14
1991	1	4	-0.12
1991	1	5	-0.07
1991	1	6	-0.05
1991	1	7	0.04
1991	1	8	0.05
1991	1	9	0.07
1991	1	10	0.16
1991	1	11	0.22
1991	1	12	0.25
1991	1	13	0.2
1991	1	14	0.1
1991	1	15	-0.02
1991	1	16	-0.15
1991	1	17	-0.23
1991	1	18	-0.27
1991	1	19	-0.31
1991	1	20	-0.33
1991	1	21	-0.34
1991	1	22	-0.32
1991	1	23	-0.39
1991	1	24	-0.41
1991	1	25	-0.41
1991	1	26	-0.41
1991	1	27	-0.41
1991	1	28	-0.43
1991	1	29	-0.4
1991	1	30	-0.4
1991	1	31	-0.39
1991	2	1	-0.39
1991	2	2	-0.39
1991	2	3	-0.4
1991	2	4	-0.41
1991	2	5	-0.39
1991	2	6	-0.38
1991	2	7	-0.37
1991	2	8	-0.36
1991	2	9	-0.34
1991	2	10	-0.32
1991	2	11	-0.31
1991	2	12	-0.28
1991	2	13	-0.31
1991	2	14	-0.34
1991	2	15	-0.35
1991	2	16	-0.34
1991	2	17	-0.33
1991	2	18	-0.37
1991	2	19	-0.38
1991	2	20	-0.36
1991	2	21	-0.38
1991	2	22	-0.37
1991	2	23	-0.34
1991	2	24	-0.31
1991	2	25	-0.29
1991	2	26	-0.34
1991	2	27	-0.39
1991	2	28	-0.47
1991	3	1	-0.45
1991	3	2	-0.4
1991	3	3	-0.39
1991	3	4	-0.36
1991	3	5	-0.37
1991	3	6	-0.36
1991	3	7	-0.37
1991	3	8	-0.39
1991	3	9	-0.38
1991	3	10	-0.36
1991	3	11	-0.33
1991	3	12	-0.33
1991	3	13	-0.37
1991	3	14	-0.39
1991	3	15	-0.39
1991	3	16	-0.38
1991	3	17	-0.4
1991	3	18	-0.39
1991	3	19	-0.34
1991	3	20	-0.33
1991	3	21	-0.33
1991	3	22	-0.34
1991	3	23	-0.33
1991	3	24	-0.33
1991	3	25	-0.33
1991	3	26	-0.39
1991	3	27	-0.37
1991	3	28	-0.36
1991	3	29	-0.34
1991	3	30	-0.31
1991	3	31	-0.29
1991	10	1	-0.14
1991	10	2	-0.2
1991	10	3	-0.15
1991	10	4	-0.15
1991	10	5	-0.2
1991	10	6	-0.24
1991	10	7	-0.27
1991	10	8	-0.31
1991	10	9	-0.34
1991	10	10	-0.34
1991	10	11	-0.36
1991	10	12	-0.36
1991	10	13	-0.35
1991	10	14	-0.34
1991	10	15	-0.35
1991	10	16	-0.39
1991	10	17	-0.38
1991	10	18	-0.34
1991	10	19	-0.3
1991	10	20	-0.29
1991	10	21	-0.34
1991	10	22	-0.38
1991	10	23	-0.41
1991	10	24	-0.39
1991	10	25	-0.39
1991	10	26	-0.39
1991	10	27	-0.41
1991	10	28	-0.41
1991	10	29	-0.41
1991	10	30	-0.41
1991	10	31	-0.4
1991	11	1	-0.38
1991	11	2	-0.38
1991	11	3	-0.35
1991	11	4	-0.32
1991	11	5	-0.31
1991	11	6	-0.3
1991	11	7	-0.28
1991	11	8	-0.23
1991	11	9	-0.24
1991	11	10	-0.17
1991	11	11	-0.22
1991	11	12	-0.18
1991	11	13	-0.25
1991	11	14	-0.15
1991	11	15	-0.17
1991	11	16	-0.19
1991	11	17	-0.21
1991	11	18	-0.28
1991	11	19	-0.31
1991	11	20	-0.36
1991	11	21	-0.43
1991	11	22	-0.45
1991	11	23	-0.41
1991	11	24	-0.39
1991	11	25	-0.38
1991	11	26	-0.39
1991	11	27	-0.38
1991	11	28	-0.39
1991	11	29	-0.38
1991	11	30	-0.39
1991	12	1	-0.38
1991	12	2	-0.36
1991	12	3	-0.38
1991	12	4	-0.41
1991	12	5	-0.39
1991	12	6	-0.38
1991	12	7	-0.39
1991	12	8	-0.39
1991	12	9	-0.37
1991	12	10	-0.37
1991	12	11	-0.39
1991	12	12	-0.4
1991	12	13	-0.39
1991	12	14	-0.39
1991	12	15	-0.37
1991	12	16	-0.36
1991	12	17	-0.38
1991	12	18	-0.4
1991	12	19	-0.38
1991	12	20	-0.34
1991	12	21	-0.28
1991	12	22	-0.26
1991	12	23	-0.21
1991	12	24	-0.16
1991	12	25	-0.15
1991	12	26	-0.19
1991	12	27	-0.15
1991	12	28	-0.15
1991	12	29	-0.17
1991	12	30	-0.2
1991	12	31	-0.23
1992	1	1	-0.25
1992	1	2	-0.17
1992	1	3	-0.16
1992	1	4	-0.19
1992	1	5	-0.13
1992	1	6	-0.11
1992	1	7	-0.11
1992	1	8	-0.17
1992	1	9	-0.16
1992	1	10	-0.2
1992	1	11	-0.24
1992	1	12	-0.26
1992	1	13	-0.29
1992	1	14	-0.3
1992	1	15	-0.32
1992	1	16	-0.33
1992	1	17	-0.3
1992	1	18	-0.32
1992	1	19	-0.41
1992	1	20	-0.32
1992	1	21	-0.4
1992	1	22	-0.39
1992	1	23	-0.35
1992	1	24	-0.36
1992	1	25	-0.38
1992	1	26	-0.34
1992	1	27	-0.32
1992	1	28	-0.35
1992	1	29	-0.4
1992	1	30	-0.38
1992	1	31	-0.36
1992	2	1	-0.36
1992	2	2	-0.38
1992	2	3	-0.36
1992	2	4	-0.33
1992	2	5	-0.32
1992	2	6	-0.35
1992	2	7	-0.37
1992	2	8	-0.36
1992	2	9	-0.44
1992	2	10	-0.42
1992	2	11	-0.37
1992	2	12	-0.33
1992	2	13	-0.36
1992	2	14	-0.3
1992	2	15	-0.35
1992	2	16	-0.31
1992	2	17	-0.23
1992	2	18	-0.31
1992	2	19	-0.32
1992	2	20	-0.36
1992	2	21	-0.38
1992	2	22	-0.4
1992	2	23	-0.37
1992	2	24	-0.38
1992	2	25	-0.4
1992	2	26	-0.41
1992	2	27	-0.37
1992	2	28	-0.38
1992	2	29	-0.39
1992	3	1	-0.39
1992	3	2	-0.41
1992	3	3	-0.42
1992	3	4	-0.38
1992	3	5	-0.36
1992	3	6	-0.35
1992	3	7	-0.34
1992	3	8	-0.32
1992	3	9	-0.34
1992	3	10	-0.36
1992	3	11	-0.38
1992	3	12	-0.32
1992	3	13	-0.21
1992	3	14	-0.19
1992	3	15	-0.13
1992	3	16	-0.09
1992	3	17	-0.14
1992	3	18	-0.16
1992	3	19	-0.2
1992	3	20	-0.2
1992	3	21	-0.22
1992	3	22	-0.13
1992	3	23	-0.13
1992	3	24	-0.13
1992	3	25	-0.18
1992	3	26	-0.21
1992	3	27	-0.18
1992	3	28	-0.18
1992	3	29	-0.15
1992	3	30	-0.17
1992	3	31	-0.18
1992	10	1	-0.25
1992	10	2	-0.26
1992	10	3	-0.28
1992	10	4	-0.32
1992	10	5	-0.36
1992	10	6	-0.34
1992	10	7	-0.33
1992	10	8	-0.34
1992	10	9	-0.35
1992	10	10	-0.33
1992	10	11	-0.39
1992	10	12	-0.32
1992	10	13	-0.33
1992	10	14	-0.35
1992	10	15	-0.34
1992	10	16	-0.28
1992	10	17	-0.29
1992	10	18	-0.29
1992	10	19	-0.28
1992	10	20	-0.3
1992	10	21	-0.29
1992	10	22	-0.29
1992	10	23	-0.3
1992	10	24	-0.28
1992	10	25	-0.16
1992	10	26	-0.2
1992	10	27	-0.25
1992	10	28	-0.22
1992	10	29	-0.22
1992	10	30	-0.21
1992	10	31	-0.33
1992	11	1	-0.26
1992	11	2	-0.28
1992	11	3	-0.2
1992	11	4	-0.19
1992	11	5	-0.18
1992	11	6	-0.22
1992	11	7	-0.23
1992	11	8	-0.22
1992	11	9	-0.27
1992	11	10	-0.3
1992	11	11	-0.25
1992	11	12	-0.22
1992	11	13	-0.16
1992	11	14	-0.14
1992	11	15	-0.14
1992	11	16	-0.18
1992	11	17	-0.15
1992	11	18	-0.11
1992	11	19	-0.13
1992	11	20	-0.04
1992	11	21	-0.02
1992	11	22	-0.01
1992	11	23	-0.02
1992	11	24	-0.01
1992	11	25	-0.07
1992	11	26	0.08
1992	11	27	0.1
1992	11	28	0.1
1992	11	29	0.15
1992	11	30	0.07
1992	12	1	0.03
1992	12	2	0
1992	12	3	0.06
1992	12	4	0.11
1992	12	5	0.18
1992	12	6	0.18
1992	12	7	0.07
1992	12	8	0.04
1992	12	9	0.02
1992	12	10	-0.01
1992	12	11	-0.04
1992	12	12	0.06
1992	12	13	0.06
1992	12	14	0.05
1992	12	15	0.05
1992	12	16	0.02
1992	12	17	0
1992	12	18	-0.07
1992	12	19	-0.07
1992	12	20	-0.14
1992	12	21	-0.16
1992	12	22	-0.18
1992	12	23	-0.21
1992	12	24	-0.23
1992	12	25	-0.33
1992	12	26	-0.38
1992	12	27	-0.4
1992	12	28	-0.4
1992	12	29	-0.4
1992	12	30	-0.41
1992	12	31	-0.4
1993	1	1	-0.34
1993	1	2	-0.37
1993	1	3	-0.38
1993	1	4	-0.46
1993	1	5	-0.41
1993	1	6	-0.34
1993	1	7	-0.32
1993	1	8	-0.33
1993	1	9	-0.32
1993	1	10	-0.34
1993	1	11	-0.32
1993	1	12	-0.18
1993	1	13	-0.09
1993	1	14	-0.09
1993	1	15	-0.09
1993	1	16	-0.12
1993	1	17	-0.15
1993	1	18	-0.05
1993	1	19	-0.07
1993	1	20	-0.02
1993	1	21	0
1993	1	22	0.03
1993	1	23	0.12
1993	1	24	0.05
1993	1	25	0.1
1993	1	26	0.13
1993	1	27	0.21
1993	1	28	0.14
1993	1	29	0.04
1993	1	30	-0.04
1993	1	31	-0.11
1993	2	1	-0.14
1993	2	2	-0.18
1993	2	3	-0.21
1993	2	4	-0.22
1993	2	5	-0.24
1993	2	6	-0.21
1993	2	7	-0.19
1993	2	8	-0.26
1993	2	9	-0.31
1993	2	10	-0.33
1993	2	11	-0.35
1993	2	12	-0.39
1993	2	13	-0.42
1993	2	14	-0.42
1993	2	15	-0.43
1993	2	16	-0.37
1993	2	17	-0.34
1993	2	18	-0.34
1993	2	19	-0.38
1993	2	20	-0.32
1993	2	21	-0.33
1993	2	22	-0.25
1993	2	23	-0.27
1993	2	24	-0.33
1993	2	25	-0.37
1993	2	26	-0.41
1993	2	27	-0.36
1993	2	28	-0.36
1993	3	1	-0.32
1993	3	2	-0.39
1993	3	3	-0.43
1993	3	4	-0.42
1993	3	5	-0.4
1993	3	6	-0.36
1993	3	7	-0.37
1993	3	8	-0.34
1993	3	9	-0.37
1993	3	10	-0.36
1993	3	11	-0.36
1993	3	12	-0.35
1993	3	13	-0.33
1993	3	14	-0.31
1993	3	15	-0.33
1993	3	16	-0.31
1993	3	17	-0.28
1993	3	18	-0.26
1993	3	19	-0.24
1993	3	20	-0.24
1993	3	21	-0.27
1993	3	22	-0.23
1993	3	23	-0.25
1993	3	24	-0.24
1993	3	25	-0.26
1993	3	26	-0.28
1993	3	27	-0.25
1993	3	28	-0.22
1993	3	29	-0.21
1993	3	30	-0.22
1993	3	31	-0.18
1993	10	1	-0.13
1993	10	2	-0.17
1993	10	3	-0.18
1993	10	4	-0.16
1993	10	5	-0.14
1993	10	6	-0.15
1993	10	7	-0.14
1993	10	8	-0.18
1993	10	9	-0.18
1993	10	10	-0.12
1993	10	11	-0.18
1993	10	12	-0.15
1993	10	13	-0.12
1993	10	14	-0.09
1993	10	15	-0.11
1993	10	16	-0.09
1993	10	17	-0.02
1993	10	18	-0.09
1993	10	19	-0.11
1993	10	20	-0.14
1993	10	21	-0.13
1993	10	22	-0.11
1993	10	23	-0.19
1993	10	24	-0.27
1993	10	25	-0.32
1993	10	26	-0.33
1993	10	27	-0.32
1993	10	28	-0.37
1993	10	29	-0.36
1993	10	30	-0.36
1993	10	31	-0.34
1993	11	1	-0.34
1993	11	2	-0.33
1993	11	3	-0.36
1993	11	4	-0.39
1993	11	5	-0.34
1993	11	6	-0.36
1993	11	7	-0.34
1993	11	8	-0.34
1993	11	9	-0.35
1993	11	10	-0.35
1993	11	11	-0.34
1993	11	12	-0.33
1993	11	13	-0.34
1993	11	14	-0.33
1993	11	15	-0.23
1993	11	16	-0.27
1993	11	17	-0.32
1993	11	18	-0.34
1993	11	19	-0.41
1993	11	20	-0.36
1993	11	21	-0.39
1993	11	22	-0.41
1993	11	23	-0.38
1993	11	24	-0.38
1993	11	25	-0.39
1993	11	26	-0.35
1993	11	27	-0.36
1993	11	28	-0.33
1993	11	29	-0.37
1993	11	30	-0.36
1993	12	1	-0.36
1993	12	2	-0.37
1993	12	3	-0.35
1993	12	4	-0.34
1993	12	5	-0.32
1993	12	6	-0.28
1993	12	7	-0.3
1993	12	8	-0.27
1993	12	9	-0.27
1993	12	10	-0.2
1993	12	11	-0.15
1993	12	12	-0.07
1993	12	13	-0.07
1993	12	14	-0.04
1993	12	15	-0.06
1993	12	16	-0.09
1993	12	17	-0.04
1993	12	18	0.02
1993	12	19	0.01
1993	12	20	0.12
1993	12	21	0.14
1993	12	22	0.1
1993	12	23	0.18
1993	12	24	0.2
1993	12	25	0.1
1993	12	26	0.16
1993	12	27	0.19
1993	12	28	0.19
1993	12	29	0.15
1993	12	30	0.18
1993	12	31	0.23
1994	1	1	0.21
1994	1	2	0.2
1994	1	3	0.21
1994	1	4	0.23
1994	1	5	0.23
1994	1	6	0.27
1994	1	7	0.25
1994	1	8	0.23
1994	1	9	0.2
1994	1	10	0.12
1994	1	11	0.11
1994	1	12	0.12
1994	1	13	0.14
1994	1	14	0.23
1994	1	15	0.2
1994	1	16	0.19
1994	1	17	0.1
1994	1	18	0.03
1994	1	19	0.05
1994	1	20	0.02
1994	1	21	-0.05
1994	1	22	-0.08
1994	1	23	-0.07
1994	1	24	0.01
1994	1	25	0.01
1994	1	26	0.08
1994	1	27	0.1
1994	1	28	0.12
1994	1	29	0.22
1994	1	30	0.15
1994	1	31	0.22
1994	2	1	0.18
1994	2	2	0.16
1994	2	3	0.11
1994	2	4	-0.01
1994	2	5	-0.11
1994	2	6	-0.15
1994	2	7	-0.18
1994	2	8	-0.21
1994	2	9	-0.23
1994	2	10	-0.21
1994	2	11	-0.22
1994	2	12	-0.26
1994	2	13	-0.35
1994	2	14	-0.49
1994	2	15	-0.53
1994	2	16	-0.43
1994	2	17	-0.37
1994	2	18	-0.36
1994	2	19	-0.33
1994	2	20	-0.3
1994	2	21	-0.27
1994	2	22	-0.29
1994	2	23	-0.31
1994	2	24	-0.31
1994	2	25	-0.29
1994	2	26	-0.29
1994	2	27	-0.34
1994	2	28	-0.32
1994	3	1	-0.32
1994	3	2	-0.29
1994	3	3	-0.26
1994	3	4	-0.25
1994	3	5	-0.28
1994	3	6	-0.26
1994	3	7	-0.24
1994	3	8	-0.23
1994	3	9	-0.22
1994	3	10	-0.24
1994	3	11	-0.23
1994	3	12	-0.25
1994	3	13	-0.2
1994	3	14	-0.19
1994	3	15	-0.18
1994	3	16	-0.17
1994	3	17	-0.16
1994	3	18	-0.09
1994	3	19	-0.08
1994	3	20	-0.07
1994	3	21	-0.07
1994	3	22	-0.12
1994	3	23	-0.1
1994	3	24	-0.09
1994	3	25	-0.01
1994	3	26	0
1994	3	27	0.05
1994	3	28	0.01
1994	3	29	-0.02
1994	3	30	-0.05
1994	3	31	-0.06
1994	10	1	-0.19
1994	10	2	-0.22
1994	10	3	-0.25
1994	10	4	-0.2
1994	10	5	-0.14
1994	10	6	-0.17
1994	10	7	-0.17
1994	10	8	-0.19
1994	10	9	-0.21
1994	10	10	-0.22
1994	10	11	-0.24
1994	10	12	-0.26
1994	10	13	-0.27
1994	10	14	-0.3
1994	10	15	-0.3
1994	10	16	-0.32
1994	10	17	-0.32
1994	10	18	-0.34
1994	10	19	-0.38
1994	10	20	-0.4
1994	10	21	-0.43
1994	10	22	-0.42
1994	10	23	-0.39
1994	10	24	-0.37
1994	10	25	-0.35
1994	10	26	-0.34
1994	10	27	-0.26
1994	10	28	-0.25
1994	10	29	-0.24
1994	10	30	-0.19
1994	10	31	-0.11
1994	11	1	-0.05
1994	11	2	0
1994	11	3	-0.04
1994	11	4	-0.09
1994	11	5	-0.15
1994	11	6	-0.18
1994	11	7	-0.21
1994	11	8	-0.21
1994	11	9	-0.25
1994	11	10	-0.28
1994	11	11	-0.29
1994	11	12	-0.3
1994	11	13	-0.32
1994	11	14	-0.23
1994	11	15	-0.21
1994	11	16	-0.16
1994	11	17	-0.12
1994	11	18	-0.07
1994	11	19	-0.07
1994	11	20	-0.06
1994	11	21	-0.05
1994	11	22	-0.06
1994	11	23	-0.09
1994	11	24	-0.11
1994	11	25	-0.13
1994	11	26	-0.18
1994	11	27	-0.21
1994	11	28	-0.24
1994	11	29	-0.26
1994	11	30	-0.31
1994	12	1	-0.35
1994	12	2	-0.36
1994	12	3	-0.38
1994	12	4	-0.4
1994	12	5	-0.37
1994	12	6	-0.36
1994	12	7	-0.3
1994	12	8	-0.28
1994	12	9	-0.29
1994	12	10	-0.26
1994	12	11	-0.23
1994	12	12	-0.17
1994	12	13	-0.14
1994	12	14	-0.14
1994	12	15	-0.15
1994	12	16	-0.15
1994	12	17	-0.18
1994	12	18	-0.23
1994	12	19	-0.22
1994	12	20	-0.24
1994	12	21	-0.25
1994	12	22	-0.28
1994	12	23	-0.32
1994	12	24	-0.38
1994	12	25	-0.38
1994	12	26	-0.38
1994	12	27	-0.39
1994	12	28	-0.28
1994	12	29	-0.17
1994	12	30	-0.08
1994	12	31	0.02
1995	1	1	0.03
1995	1	2	0.19
1995	1	3	0.18
1995	1	4	0.1
1995	1	5	0
1995	1	6	-0.12
1995	1	7	-0.15
1995	1	8	-0.2
1995	1	9	-0.19
1995	1	10	-0.17
1995	1	11	-0.11
1995	1	12	-0.05
1995	1	13	-0.07
1995	1	14	-0.11
1995	1	15	-0.13
1995	1	16	-0.17
1995	1	17	-0.19
1995	1	18	-0.23
1995	1	19	-0.23
1995	1	20	-0.25
1995	1	21	-0.23
1995	1	22	-0.25
1995	1	23	-0.17
1995	1	24	-0.09
1995	1	25	-0.04
1995	1	26	0.02
1995	1	27	0.08
1995	1	28	0.13
1995	1	29	0.18
1995	1	30	0.24
1995	1	31	0.2
1995	2	1	0.14
1995	2	2	0.19
1995	2	3	0.19
1995	2	4	0.2
1995	2	5	0.22
1995	2	6	0.21
1995	2	7	0.23
1995	2	8	0.25
1995	2	9	0.22
1995	2	10	0.19
1995	2	11	0.15
1995	2	12	0.15
1995	2	13	0.12
1995	2	14	0.11
1995	2	15	0.05
1995	2	16	0.08
1995	2	17	0.15
1995	2	18	0.17
1995	2	19	0.15
1995	2	20	0.15
1995	2	21	0.14
1995	2	22	0.16
1995	2	23	0.19
1995	2	24	0.17
1995	2	25	0.15
1995	2	26	0.12
1995	2	27	0.08
1995	2	28	0.08
1995	3	1	0.06
1995	3	2	0.1
1995	3	3	0.13
1995	3	4	0.11
1995	3	5	0.09
1995	3	6	0.04
1995	3	7	0.09
1995	3	8	-0.01
1995	3	9	-0.03
1995	3	10	-0.09
1995	3	11	-0.2
1995	3	12	-0.21
1995	3	13	-0.14
1995	3	14	-0.25
1995	3	15	-0.23
1995	3	16	-0.23
1995	3	17	-0.18
1995	3	18	-0.21
1995	3	19	-0.18
1995	3	20	-0.15
1995	3	21	-0.13
1995	3	22	-0.13
1995	3	23	-0.14
1995	3	24	-0.15
1995	3	25	-0.16
1995	3	26	-0.15
1995	3	27	-0.1
1995	3	28	-0.06
1995	3	29	0.02
1995	3	30	0.04
1995	3	31	0.01
			
