  0.0000000e+000             NaN
  2.5000000e+001             NaN
  5.0000000e+001             NaN
  7.5000000e+001             NaN
  1.0000000e+002             NaN
  1.2500000e+002             NaN
  1.5000000e+002             NaN
  1.7500000e+002             NaN
  2.0000000e+002  1.0000000e+000
  2.2500000e+002  8.9508670e-001
  2.5000000e+002  7.9929831e-001
  2.7500000e+002  7.1272695e-001
  3.0000000e+002  6.3404462e-001
  3.2500000e+002  5.6325442e-001
  3.5000000e+002  4.9916914e-001
  3.7500000e+002  4.4175233e-001
  4.0000000e+002  3.8997348e-001
  4.2500000e+002  3.4377927e-001
  4.5000000e+002  3.0228994e-001
  4.7500000e+002  2.6544638e-001
  5.0000000e+002  2.3250550e-001
  5.2500000e+002  2.0340804e-001
  5.5000000e+002  1.7753110e-001
  5.7500000e+002  1.5481810e-001
  6.0000000e+002  1.3474997e-001
  6.2500000e+002  1.1727420e-001
  6.5000000e+002  1.0196039e-001
  6.7500000e+002  8.8760626e-002
  7.0000000e+002  7.7319664e-002
  7.2500000e+002  6.7594256e-002
  7.5000000e+002  5.9292450e-002
  7.7500000e+002  5.2375528e-002
  8.0000000e+002  4.6604570e-002
  8.2500000e+002  4.1727302e-002
  8.5000000e+002  3.7358420e-002
  8.7500000e+002  3.3478212e-002
  9.0000000e+002  2.9998433e-002
  9.2500000e+002  2.6904196e-002
  9.5000000e+002  2.4126379e-002
  9.7500000e+002  2.1653670e-002
  1.0000000e+003  1.9431721e-002
  1.0250000e+003  1.7451892e-002
  1.0500000e+003  1.5671307e-002
  1.0750000e+003  1.4083330e-002
  1.1000000e+003  1.2654039e-002
  1.1250000e+003  1.1378314e-002
  1.1500000e+003  1.0229241e-002
  1.1750000e+003  9.2028569e-003
  1.2000000e+003  8.2777543e-003
  1.2250000e+003  7.4508535e-003
  1.2500000e+003  6.7050912e-003
  1.2750000e+003  6.0380654e-003
  1.3000000e+003  5.4361474e-003
  1.3250000e+003  4.8974583e-003
  1.3500000e+003  4.4110924e-003
  1.3750000e+003  3.9755758e-003
  1.4000000e+003  3.5821670e-003
  1.4250000e+003  3.2297066e-003
  1.4500000e+003  2.9111768e-003
  1.4750000e+003  2.6256636e-003
  1.5000000e+003  2.3675246e-003
  1.5250000e+003  2.1360377e-003
  1.5500000e+003  1.9266605e-003
  1.5750000e+003  1.7388209e-003
  1.6000000e+003  1.5688574e-003
  1.6250000e+003  1.4163163e-003
  1.6500000e+003  1.2782427e-003
  1.6750000e+003  1.1542758e-003
  1.7000000e+003  1.0420285e-003
  1.7250000e+003  9.4121343e-004
  1.7500000e+003  8.4990012e-004
  1.7750000e+003  7.6785949e-004
  1.8000000e+003  6.9352872e-004
  1.8250000e+003  6.2672491e-004
  1.8500000e+003  5.6618182e-004
  1.8750000e+003  5.1175316e-004
  1.9000000e+003  4.6241214e-004
  1.9250000e+003  4.1804160e-004
  1.9500000e+003  3.7780825e-004
  1.9750000e+003  3.4161815e-004
  2.0000000e+003  3.0879453e-004
  2.0250000e+003  2.7926197e-004
  2.0500000e+003  2.5247044e-004
  2.0750000e+003  2.2835931e-004
  2.1000000e+003  2.0648128e-004
  2.1250000e+003  1.8678754e-004
  2.1500000e+003  1.6891409e-004
  2.1750000e+003  1.5282162e-004
  2.2000000e+003  1.3821371e-004
  2.2250000e+003  1.2505869e-004
  2.2500000e+003  1.1311505e-004
  2.2750000e+003  1.0235722e-004
  2.3000000e+003  9.2588326e-005
  2.3250000e+003  8.3787719e-005
  2.3500000e+003  7.5794818e-005
  2.3750000e+003  6.8592938e-005
  2.4000000e+003  6.2051037e-005
  2.4250000e+003  5.6155619e-005
  2.4500000e+003  5.0799697e-005
  2.4750000e+003  4.5972347e-005
  2.5000000e+003  4.1586183e-005
  2.5250000e+003  3.7632354e-005
  2.5500000e+003  3.4039454e-005
  2.5750000e+003  3.0800307e-005
  2.6000000e+003  2.7856540e-005
  2.6250000e+003  2.5202333e-005
  2.6500000e+003  2.2789947e-005
  2.6750000e+003  2.0614657e-005
  2.7000000e+003  1.8637408e-005
  2.7250000e+003  1.6854363e-005
  2.7500000e+003  1.5233557e-005
  2.7750000e+003  1.3771872e-005
  2.8000000e+003  1.2443139e-005
  2.8250000e+003  1.1244822e-005
  2.8500000e+003  1.0155490e-005
  2.8750000e+003  9.1730798e-006
  2.9000000e+003  8.2800328e-006
  2.9250000e+003  7.4746701e-006
  2.9500000e+003  6.7426030e-006
  2.9750000e+003  6.0824639e-006
  3.0000000e+003  5.4824578e-006
  3.0250000e+003  4.9414703e-006
  3.0500000e+003  4.4498298e-006
  3.0750000e+003  4.0066279e-006
  3.1000000e+003  3.6039319e-006
  3.1250000e+003  3.2410010e-006
  3.1500000e+003  2.9113268e-006
  3.1750000e+003  2.6143051e-006
  3.2000000e+003  2.3445947e-006
  3.2250000e+003  2.1017026e-006
  3.2500000e+003  1.8812445e-006
  3.2750000e+003  1.6828177e-006
  3.3000000e+003  1.5028225e-006
  3.3250000e+003  1.3409302e-006
  3.3500000e+003  1.1941844e-006
  3.3750000e+003  1.0623165e-006
  3.4000000e+003  9.4289810e-007
  3.4250000e+003  8.3570965e-007
  3.4500000e+003  7.3875602e-007
  3.4750000e+003  6.5185761e-007
  3.5000000e+003  5.7337489e-007
  3.5250000e+003  5.0316095e-007
  3.5500000e+003  4.3986822e-007
  3.5750000e+003  3.8337647e-007
  3.6000000e+003  3.3257784e-007
  3.6250000e+003  2.8737396e-007
  3.6500000e+003  2.4685386e-007
  3.6750000e+003  2.1093700e-007
  3.7000000e+003  1.7887419e-007
  3.7250000e+003  1.5059946e-007
  3.7500000e+003  1.2549655e-007
  3.7750000e+003  1.0351144e-007
  3.8000000e+003  8.4137108e-008
  3.8250000e+003  6.7329288e-008
  3.8500000e+003  5.2670789e-008
  3.8750000e+003  4.0125321e-008
  3.9000000e+003  2.9349544e-008
  3.9250000e+003  2.0313706e-008
  3.9500000e+003  1.2735196e-008
  3.9750000e+003  6.5896186e-009
  4.0000000e+003  1.6443135e-009
