  7.5000000e+002  1.0000000e+000
  1.0000000e+003  8.7935827e-001
  1.2500000e+003  7.7098434e-001
  1.5000000e+003  6.7409936e-001
  1.7500000e+003  5.8779302e-001
  2.0000000e+003  5.1113613e-001
  2.2500000e+003  4.4322935e-001
  2.5000000e+003  3.8322488e-001
  2.7500000e+003  3.3033548e-001
  3.0000000e+003  2.8383692e-001
  3.2500000e+003  2.4306717e-001
  3.5000000e+003  2.0742374e-001
  3.7500000e+003  1.7636017e-001
  4.0000000e+003  1.4938212e-001
  4.2500000e+003  1.2604332e-001
  4.5000000e+003  1.0594161e-001
  4.7500000e+003  8.8715173e-002
  5.0000000e+003  7.4038894e-002
  5.2500000e+003  6.1621019e-002
  5.5000000e+003  5.1200039e-002
  5.7500000e+003  4.2541815e-002
  6.0000000e+003  3.5271851e-002
  6.2500000e+003  2.9367899e-002
  6.5000000e+003  2.4447815e-002
  6.7500000e+003  2.0342370e-002
  7.0000000e+003  1.6912432e-002
  7.2500000e+003  1.4032971e-002
  7.5000000e+003  1.1645090e-002
  7.7500000e+003  9.6675356e-003
  8.0000000e+003  8.0284071e-003
  8.2500000e+003  6.6686860e-003
  8.5000000e+003  5.5398670e-003
  8.7500000e+003  4.6020367e-003
  9.0000000e+003  3.8223143e-003
  9.2500000e+003  3.1735841e-003
  9.5000000e+003  2.6334624e-003
  9.7500000e+003  2.1834540e-003
  1.0000000e+004  1.8082638e-003
  1.0250000e+004  1.4952321e-003
  1.0500000e+004  1.2338728e-003
  1.0750000e+004  1.0154932e-003
  1.1000000e+004  8.3041794e-004
  1.1250000e+004  6.7738745e-004
  1.1500000e+004  5.5273522e-004
  1.1750000e+004  4.5116010e-004
  1.2000000e+004  3.6835964e-004
  1.2250000e+004  3.0084003e-004
  1.2500000e+004  2.4576275e-004
  1.2750000e+004  2.0082051e-004
  1.3000000e+004  1.6413699e-004
  1.3250000e+004  1.3418566e-004
  1.3500000e+004  1.0972404e-004
  1.3750000e+004  8.9740470e-005
  1.4000000e+004  7.3410868e-005
  1.4250000e+004  6.0063731e-005
  1.4500000e+004  4.9151678e-005
  1.4750000e+004  4.0228358e-005
  1.5000000e+004  3.2929681e-005
  1.5250000e+004  2.6958565e-005
  1.5500000e+004  2.2072531e-005
  1.5750000e+004  1.8073606e-005
  1.6000000e+004  1.4800109e-005
  1.6250000e+004  1.2119966e-005
  1.6500000e+004  9.9252540e-006
  1.6750000e+004  8.1277666e-006
  1.7000000e+004  6.6553926e-006
  1.7250000e+004  5.4491653e-006
  1.7500000e+004  4.4608557e-006
  1.7750000e+004  3.6510081e-006
  1.8000000e+004  2.9873376e-006
  1.8250000e+004  2.4434210e-006
  1.8500000e+004  1.9976285e-006
  1.8750000e+004  1.6322503e-006
  1.9000000e+004  1.3327839e-006
  1.9250000e+004  1.0873508e-006
  1.9500000e+004  8.8621985e-007
  1.9750000e+004  7.2141805e-007
  2.0000000e+004  5.8641153e-007
  2.0250000e+004  4.7584503e-007
  2.0500000e+004  3.8532857e-007
  2.0750000e+004  3.1126291e-007
  2.1000000e+004  2.5069666e-007
  2.1250000e+004  2.0120937e-007
  2.1500000e+004  1.6081567e-007
  2.1750000e+004  1.2788689e-007
  2.2000000e+004  1.0108677e-007
