  7.5000000e+001  8.1904766e-001
  1.0000000e+002  7.6583534e-001
  1.2500000e+002  7.1584167e-001
  1.5000000e+002  6.6888279e-001
  1.7500000e+002  6.2478496e-001
  2.0000000e+002  5.8338408e-001
  2.2500000e+002  5.4452513e-001
  2.5000000e+002  5.0806170e-001
  2.7500000e+002  4.7385549e-001
  3.0000000e+002  4.4177592e-001
  3.2500000e+002  4.1169966e-001
  3.5000000e+002  3.8351028e-001
  3.7500000e+002  3.5709787e-001
  4.0000000e+002  3.3235863e-001
  4.2500000e+002  3.0919463e-001
  4.5000000e+002  2.8751340e-001
  4.7500000e+002  2.6722769e-001
  5.0000000e+002  2.4825517e-001
  5.2500000e+002  2.3051815e-001
  5.5000000e+002  2.1394334e-001
  5.7500000e+002  1.9846159e-001
  6.0000000e+002  1.8400769e-001
  6.2500000e+002  1.7052013e-001
  6.5000000e+002  1.5794090e-001
  6.7500000e+002  1.4621531e-001
  7.0000000e+002  1.3529180e-001
  7.2500000e+002  1.2512175e-001
  7.5000000e+002  1.1565934e-001
  7.7500000e+002  1.0686140e-001
  8.0000000e+002  9.8687235e-002
  8.2500000e+002  9.1098504e-002
  8.5000000e+002  8.4059092e-002
  8.7500000e+002  7.7534977e-002
  9.0000000e+002  7.1494120e-002
  9.2500000e+002  6.5906349e-002
  9.5000000e+002  6.0743258e-002
  9.7500000e+002  5.5978107e-002
  1.0000000e+003  5.1585727e-002
  1.0250000e+003  4.7542432e-002
  1.0500000e+003  4.3825936e-002
  1.0750000e+003  4.0415275e-002
  1.1000000e+003  3.7290729e-002
  1.1250000e+003  3.4433754e-002
  1.1500000e+003  3.1826914e-002
  1.1750000e+003  2.9453818e-002
  1.2000000e+003  2.7299063e-002
  1.2250000e+003  2.5348173e-002
  1.2500000e+003  2.3587548e-002
  1.2750000e+003  2.2004415e-002
  1.3000000e+003  2.0525493e-002
  1.3250000e+003  1.9142719e-002
  1.3500000e+003  1.7849469e-002
  1.3750000e+003  1.6639603e-002
  1.4000000e+003  1.5507426e-002
  1.4250000e+003  1.4447659e-002
  1.4500000e+003  1.3455399e-002
  1.4750000e+003  1.2526095e-002
  1.5000000e+003  1.1655522e-002
  1.5250000e+003  1.0839750e-002
  1.5500000e+003  1.0075127e-002
  1.5750000e+003  9.3582583e-003
  1.6000000e+003  8.6859841e-003
  1.6250000e+003  8.0273314e-003
  1.6500000e+003  7.4195421e-003
  1.6750000e+003  6.8585967e-003
  1.7000000e+003  6.3408023e-003
  1.7250000e+003  5.8627657e-003
  1.7500000e+003  5.4213677e-003
  1.7750000e+003  5.0137407e-003
  1.8000000e+003  4.6372474e-003
  1.8250000e+003  4.2894616e-003
  1.8500000e+003  3.9681512e-003
  1.8750000e+003  3.6712618e-003
  1.9000000e+003  3.3969022e-003
  1.9250000e+003  3.1433311e-003
  1.9500000e+003  2.9089450e-003
  1.9750000e+003  2.6922666e-003
  2.0000000e+003  2.4919350e-003
  2.0250000e+003  2.3066962e-003
  2.0500000e+003  2.1353942e-003
  2.0750000e+003  1.9769634e-003
  2.1000000e+003  1.8304214e-003
  2.1250000e+003  1.6948622e-003
  2.1500000e+003  1.5694502e-003
  2.1750000e+003  1.4534143e-003
  2.2000000e+003  1.3460434e-003
  2.2250000e+003  1.2466812e-003
  2.2500000e+003  1.1547219e-003
  2.2750000e+003  1.0696063e-003
  2.3000000e+003  9.9081830e-004
  2.3250000e+003  9.1788118e-004
  2.3500000e+003  8.5035481e-004
  2.3750000e+003  7.8783269e-004
  2.4000000e+003  7.2993931e-004
  2.4250000e+003  6.7632776e-004
  2.4500000e+003  6.2667754e-004
  2.4750000e+003  5.8069247e-004
  2.5000000e+003  5.3809883e-004
  2.5250000e+003  4.9864364e-004
  2.5500000e+003  4.6209304e-004
  2.5750000e+003  4.2823084e-004
  2.6000000e+003  3.9685714e-004
  2.6250000e+003  3.6778711e-004
  2.6500000e+003  3.4084982e-004
  2.6750000e+003  3.1588717e-004
  2.7000000e+003  2.9275294e-004
  2.7250000e+003  2.7131186e-004
  2.7500000e+003  2.5143879e-004
  2.7750000e+003  2.3301793e-004
  2.8000000e+003  2.1594216e-004
  2.8250000e+003  2.0011232e-004
  2.8500000e+003  1.8543666e-004
  2.8750000e+003  1.7183025e-004
  2.9000000e+003  1.5921447e-004
  2.9250000e+003  1.4751657e-004
  2.9500000e+003  1.3666916e-004
  2.9750000e+003  1.2660988e-004
  3.0000000e+003  1.1728096e-004
  3.0250000e+003  1.0862892e-004
  3.0500000e+003  1.0060424e-004
  3.0750000e+003  9.3161051e-005
  3.1000000e+003  8.6256861e-005
  3.1250000e+003  7.9852320e-005
  3.1500000e+003  7.3910975e-005
  3.1750000e+003  6.8399056e-005
  3.2000000e+003  6.3285276e-005
  3.2250000e+003  5.8540646e-005
  3.2500000e+003  5.4138309e-005
  3.2750000e+003  5.0053374e-005
  3.3000000e+003  4.6262777e-005
  3.3250000e+003  4.2637754e-005
  3.3500000e+003  3.9294988e-005
  3.3750000e+003  3.6212427e-005
  3.4000000e+003  3.3369751e-005
  3.4250000e+003  3.0748239e-005
  3.4500000e+003  2.8330637e-005
  3.4750000e+003  2.6101049e-005
  3.5000000e+003  2.4044824e-005
  3.5250000e+003  2.2148457e-005
  3.5500000e+003  2.0399505e-005
  3.5750000e+003  1.8786498e-005
  3.6000000e+003  1.7298862e-005
  3.6250000e+003  1.5926851e-005
  3.6500000e+003  1.4661482e-005
  3.6750000e+003  1.3494471e-005
  3.7000000e+003  1.2418185e-005
  3.7250000e+003  1.1425581e-005
  3.7500000e+003  1.0510171e-005
  3.7750000e+003  9.6659693e-006
  3.8000000e+003  8.8874575e-006
  3.8250000e+003  8.1695473e-006
  3.8500000e+003  7.5075462e-006
  3.8750000e+003  6.8971267e-006
  3.9000000e+003  6.3342983e-006
  3.9250000e+003  5.8153801e-006
  3.9500000e+003  5.3369777e-006
  3.9750000e+003  4.8959600e-006
  4.0000000e+003  4.4894392e-006
  4.0250000e+003  4.1147512e-006
  4.0500000e+003  3.7694390e-006
  4.0750000e+003  3.4512358e-006
  4.1000000e+003  3.1580504e-006
  4.1250000e+003  2.8879538e-006
  4.1500000e+003  2.6391663e-006
  4.1750000e+003  2.4100458e-006
  4.2000000e+003  2.1990774e-006
  4.2250000e+003  2.0048633e-006
  4.2500000e+003  1.8261139e-006
  4.2750000e+003  1.6616390e-006
  4.3000000e+003  1.5103405e-006
  4.3250000e+003  1.3712052e-006
  4.3500000e+003  1.2432979e-006
  4.3750000e+003  1.1257556e-006
  4.4000000e+003  1.0177820e-006
  4.4250000e+003  9.1864208e-007
  4.4500000e+003  8.2765758e-007
  4.4750000e+003  7.4420243e-007
  4.5000000e+003  6.6769882e-007
  4.5250000e+003  5.9761340e-007
  4.5500000e+003  5.3345392e-007
  4.5750000e+003  4.7476600e-007
  4.6000000e+003  4.2113019e-007
  4.6250000e+003  3.7215934e-007
  4.6500000e+003  3.2749603e-007
  4.6750000e+003  2.8681033e-007
  4.7000000e+003  2.4979766e-007
  4.7250000e+003  2.1617683e-007
  4.7500000e+003  1.8568824e-007
  4.7750000e+003  1.5809224e-007
  4.8000000e+003  1.3316754e-007
  4.8250000e+003  1.1070985e-007
  4.8500000e+003  9.0530550e-008
  4.8750000e+003  7.2455472e-008
  4.9000000e+003  5.6323809e-008
  4.9250000e+003  4.1987075e-008
  4.9500000e+003  2.9308159e-008
  4.9750000e+003  1.8160458e-008
  5.0000000e+003  8.4270579e-009
