 -4.0000000e-001  1.0000000e+000
 -3.9000000e-001  9.3552185e-001
 -3.8000000e-001  8.7463494e-001
 -3.7000000e-001  8.1721000e-001
 -3.6000000e-001  7.6311489e-001
 -3.5000000e-001  7.1221590e-001
 -3.4000000e-001  6.6437889e-001
 -3.3000000e-001  6.1947019e-001
 -3.2000000e-001  5.7735742e-001
 -3.1000000e-001  5.3791014e-001
 -3.0000000e-001  5.0100038e-001
 -2.9000000e-001  4.6650312e-001
 -2.8000000e-001  4.3429663e-001
 -2.7000000e-001  4.0426272e-001
 -2.6000000e-001  3.7628701e-001
 -2.5000000e-001  3.5025906e-001
 -2.4000000e-001  3.2607247e-001
 -2.3000000e-001  3.0362497e-001
 -2.2000000e-001  2.8281843e-001
 -2.1000000e-001  2.6355887e-001
 -2.0000000e-001  2.3570054e-001
 -1.9000000e-001  2.1080108e-001
 -1.8000000e-001  1.8854451e-001
 -1.7000000e-001  1.6864883e-001
 -1.6000000e-001  1.5086227e-001
 -1.5000000e-001  1.3496010e-001
 -1.4000000e-001  1.2074166e-001
 -1.3000000e-001  1.0802778e-001
 -1.2000000e-001  9.6658471e-002
 -1.1000000e-001  8.6490841e-002
 -1.0000000e-001  7.7397273e-002
 -9.0000000e-002  6.9263773e-002
 -8.0000000e-002  6.1988509e-002
 -7.0000000e-002  5.5480509e-002
 -6.0000000e-002  4.9658489e-002
 -5.0000000e-002  4.4449823e-002
 -4.0000000e-002  3.9789611e-002
 -3.0000000e-002  3.5619854e-002
 -2.0000000e-002  3.1888715e-002
 -1.0000000e-002  2.8549863e-002
  0.0000000e+000  2.5561883e-002
  1.0000000e-002  2.0294533e-002
  2.0000000e-002  1.7213316e-002
  3.0000000e-002  1.4621488e-002
  4.0000000e-002  1.2452046e-002
  5.0000000e-002  1.0641577e-002
  6.0000000e-002  9.1235577e-003
  7.0000000e-002  7.8440914e-003
  8.0000000e-002  6.7628394e-003
  9.0000000e-002  5.8454047e-003
  1.0000000e-001  5.0638679e-003
  1.1000000e-001  4.3962209e-003
  1.2000000e-001  3.8240724e-003
  1.3000000e-001  3.3322912e-003
  1.4000000e-001  2.9085660e-003
  1.5000000e-001  2.5425874e-003
  1.6000000e-001  2.2257612e-003
  1.7000000e-001  1.9509459e-003
  1.8000000e-001  1.7121170e-003
  1.9000000e-001  1.5041931e-003
  2.0000000e-001  1.3228888e-003
  2.1000000e-001  1.1645586e-003
  2.2000000e-001  1.0260977e-003
  2.3000000e-001  9.0485825e-004
  2.4000000e-001  7.9857086e-004
  2.5000000e-001  7.0528692e-004
  2.6000000e-001  6.2333077e-004
  2.7000000e-001  5.5125665e-004
  2.8000000e-001  4.8781506e-004
  2.9000000e-001  4.3192449e-004
  3.0000000e-001  3.8264664e-004
  3.1000000e-001  3.3916627e-004
  3.2000000e-001  3.0077410e-004
  3.3000000e-001  2.6685193e-004
  3.4000000e-001  2.3686033e-004
  3.5000000e-001  2.1032798e-004
  3.6000000e-001  1.8684257e-004
  3.7000000e-001  1.6604300e-004
  3.8000000e-001  1.4761270e-004
  3.9000000e-001  1.3127385e-004
  4.0000000e-001  1.1678243e-004
  4.1000000e-001  1.0392388e-004
  4.2000000e-001  9.2509431e-005
  4.3000000e-001  8.2372829e-005
  4.4000000e-001  7.3367575e-005
  4.5000000e-001  6.5364466e-005
  4.6000000e-001  5.8249487e-005
  4.7000000e-001  5.1921952e-005
  4.8000000e-001  4.6292900e-005
  4.9000000e-001  4.1283678e-005
  5.0000000e-001  3.6824712e-005
  5.1000000e-001  3.2854425e-005
  5.2000000e-001  2.9318291e-005
  5.3000000e-001  2.6168002e-005
  5.4000000e-001  2.3360745e-005
  5.5000000e-001  2.0858553e-005
  5.6000000e-001  1.8627750e-005
  5.7000000e-001  1.6638446e-005
  5.8000000e-001  1.4864107e-005
  5.9000000e-001  1.3281169e-005
  6.0000000e-001  1.1868695e-005
  6.1000000e-001  1.0608078e-005
  6.2000000e-001  9.4827757e-006
  6.3000000e-001  8.4780766e-006
  6.4000000e-001  7.5808942e-006
  6.5000000e-001  6.7795833e-006
  6.6000000e-001  6.0637783e-006
  6.7000000e-001  5.4242506e-006
  6.8000000e-001  4.8527814e-006
  6.9000000e-001  4.3420492e-006
  7.0000000e-001  3.8855307e-006
  7.1000000e-001  3.4774120e-006
  7.2000000e-001  3.1125103e-006
  7.3000000e-001  2.7862047e-006
  7.4000000e-001  2.4943740e-006
  7.5000000e-001  2.2333420e-006
  7.6000000e-001  1.9998291e-006
  7.7000000e-001  1.7909085e-006
  7.8000000e-001  1.6039680e-006
  7.9000000e-001  1.4366758e-006
  8.0000000e-001  1.2869498e-006
  8.1000000e-001  1.1529307e-006
  8.2000000e-001  1.0329581e-006
  8.3000000e-001  9.2554846e-007
  8.4000000e-001  8.2937649e-007
  8.5000000e-001  7.4325790e-007
  8.6000000e-001  6.6613429e-007
  8.7000000e-001  5.9705963e-007
  8.8000000e-001  5.3518819e-007
  8.9000000e-001  4.7976381e-007
  9.0000000e-001  4.3011035e-007
  9.1000000e-001  3.8562311e-007
  9.2000000e-001  3.4576123e-007
  9.3000000e-001  3.1004088e-007
  9.4000000e-001  2.7802921e-007
  9.5000000e-001  2.4933892e-007
  9.6000000e-001  2.2362344e-007
  9.7000000e-001  2.0057258e-007
  9.8000000e-001  1.7990874e-007
  9.9000000e-001  1.6138341e-007
  1.0000000e+000  1.4477410e-007
  1.0100000e+000  1.2988163e-007
  1.0200000e+000  1.1652765e-007
  1.0300000e+000  1.0455242e-007
  1.0400000e+000  9.3812911e-008
  1.0500000e+000  8.4181001e-008
  1.0600000e+000  7.5541928e-008
  1.0700000e+000  6.7792885e-008
  1.0800000e+000  6.0841767e-008
  1.0900000e+000  5.4606048e-008
  1.1000000e+000  4.9011785e-008
  1.1100000e+000  4.3992711e-008
  1.1200000e+000  3.9489442e-008
  1.1300000e+000  3.5448753e-008
  1.1400000e+000  3.1822937e-008
  1.1500000e+000  2.8569229e-008
  1.1600000e+000  2.5649295e-008
  1.1700000e+000  2.3028764e-008
  1.1800000e+000  2.0676822e-008
  1.1900000e+000  1.8565840e-008
  1.2000000e+000  1.6671042e-008
  1.2100000e+000  1.4970211e-008
  1.2200000e+000  1.3443423e-008
  1.2300000e+000  1.2072806e-008
  1.2400000e+000  1.0842333e-008
  1.2500000e+000  9.7376268e-009
  1.2600000e+000  8.7457917e-009
  1.2700000e+000  7.8552584e-009
  1.2800000e+000  7.0556480e-009
  1.2900000e+000  6.3376486e-009
  1.3000000e+000  5.6929056e-009
  1.3100000e+000  5.1139225e-009
  1.3200000e+000  4.5939725e-009
  1.3300000e+000  4.1270193e-009
  1.3400000e+000  3.7076457e-009
  1.3500000e+000  3.3309901e-009
  1.3600000e+000  2.9926893e-009
  1.3700000e+000  2.6888271e-009
  1.3800000e+000  2.4158884e-009
  1.3900000e+000  2.1707178e-009
  1.4000000e+000  1.9504831e-009
  1.4100000e+000  1.7526415e-009
  1.4200000e+000  1.5749107e-009
  1.4300000e+000  1.4152411e-009
  1.4400000e+000  1.2717931e-009
  1.4500000e+000  1.1429145e-009
  1.4600000e+000  1.0271223e-009
  1.4700000e+000  9.2308452e-010
  1.4800000e+000  8.2960521e-010
  1.4900000e+000  7.4561045e-010
  1.5000000e+000  6.7013579e-010
  1.5100000e+000  6.0231509e-010
  1.5200000e+000  5.4137051e-010
  1.5300000e+000  4.8660342e-010
  1.5400000e+000  4.3738636e-010
  1.5500000e+000  3.9315573e-010
  1.5600000e+000  3.5340533e-010
  1.5700000e+000  3.1768043e-010
  1.5800000e+000  2.8557257e-010
  1.5900000e+000  2.5671484e-010
  1.6000000e+000  2.3077761e-010
  1.6100000e+000  2.0746476e-010
  1.6200000e+000  1.8651027e-010
  1.6300000e+000  1.6767513e-010
  1.6400000e+000  1.5074460e-010
  1.6500000e+000  1.3552575e-010
  1.6600000e+000  1.2184522e-010
  1.6700000e+000  1.0954727e-010
  1.6800000e+000  9.8491922e-011
  1.6900000e+000  8.8553425e-011
  1.7000000e+000  7.9618764e-011
  1.7100000e+000  7.1586385e-011
  1.7200000e+000  6.4365028e-011
  1.7300000e+000  5.7872679e-011
  1.7400000e+000  5.2035631e-011
  1.7500000e+000  4.6787644e-011
  1.7600000e+000  4.2069186e-011
  1.7700000e+000  3.7826751e-011
  1.7800000e+000  3.4012248e-011
  1.7900000e+000  3.0582453e-011
  1.8000000e+000  2.7498517e-011
