 -4.0000000e-001  1.0000000e+000
 -3.9000000e-001  8.9648623e-001
 -3.8000000e-001  8.0231808e-001
 -3.7000000e-001  7.1677003e-001
 -3.6000000e-001  6.3916970e-001
 -3.5000000e-001  5.6889413e-001
 -3.4000000e-001  5.0536626e-001
 -3.3000000e-001  4.4805168e-001
 -3.2000000e-001  3.9645561e-001
 -3.1000000e-001  3.5012008e-001
 -3.0000000e-001  3.0862132e-001
 -2.9000000e-001  2.7156727e-001
 -2.8000000e-001  2.3859537e-001
 -2.7000000e-001  2.0937038e-001
 -2.6000000e-001  1.8358249e-001
 -2.5000000e-001  1.6094540e-001
 -2.4000000e-001  1.4119468e-001
 -2.3000000e-001  1.2408618e-001
 -2.2000000e-001  1.0939452e-001
 -2.1000000e-001  9.6911765e-002
 -2.0000000e-001  8.5217819e-002
 -1.9000000e-001  7.5009828e-002
 -1.8000000e-001  6.6085731e-002
 -1.7000000e-001  5.8273413e-002
 -1.6000000e-001  5.1425784e-002
 -1.5000000e-001  4.5416762e-002
 -1.4000000e-001  4.0137979e-002
 -1.3000000e-001  3.5496063e-002
 -1.2000000e-001  3.1410381e-002
 -1.1000000e-001  2.7811155e-002
 -1.0000000e-001  2.4637885e-002
 -9.0000000e-002  2.1838026e-002
 -8.0000000e-002  1.9365865e-002
 -7.0000000e-002  1.7181574e-002
 -6.0000000e-002  1.5250402e-002
 -5.0000000e-002  1.3541989e-002
 -4.0000000e-002  1.2029779e-002
 -3.0000000e-002  1.0690516e-002
 -2.0000000e-002  9.5038141e-003
 -1.0000000e-002  8.4517821e-003
  0.0000000e+000  7.5187057e-003
  1.0000000e-002  6.6907695e-003
  2.0000000e-002  5.9558172e-003
  3.0000000e-002  5.3031445e-003
  4.0000000e-002  4.7233178e-003
  5.0000000e-002  4.2080179e-003
  6.0000000e-002  3.7499033e-003
  7.0000000e-002  3.3424909e-003
  8.0000000e-002  2.9800527e-003
  9.0000000e-002  2.6575242e-003
  1.0000000e-001  2.3704257e-003
  1.1000000e-001  2.1147924e-003
  1.2000000e-001  1.8871133e-003
  1.3000000e-001  1.6842782e-003
  1.4000000e-001  1.5035301e-003
  1.5000000e-001  1.3424247e-003
  1.6000000e-001  1.1987934e-003
  1.7000000e-001  1.0707119e-003
  1.8000000e-001  9.5647151e-004
  1.9000000e-001  8.5455507e-004
  2.0000000e-001  7.6361446e-004
  2.1000000e-001  6.8245162e-004
  2.2000000e-001  6.1000143e-004
  2.3000000e-001  5.4531667e-004
  2.4000000e-001  4.8755470e-004
  2.5000000e-001  4.3596571e-004
  2.6000000e-001  3.8988228e-004
  2.7000000e-001  3.4871019e-004
  2.8000000e-001  3.1192026e-004
  2.9000000e-001  2.7904107e-004
  3.0000000e-001  2.4965259e-004
  3.1000000e-001  2.2338048e-004
  3.2000000e-001  1.9989104e-004
  3.3000000e-001  1.7888672e-004
  3.4000000e-001  1.6010216e-004
  3.5000000e-001  1.4330069e-004
  3.6000000e-001  1.2827111e-004
  3.7000000e-001  1.1482498e-004
  3.8000000e-001  1.0279411e-004
  3.9000000e-001  9.2028347e-005
  4.0000000e-001  8.2393644e-005
  4.1000000e-001  7.3770282e-005
  4.2000000e-001  6.6051341e-005
  4.3000000e-001  5.9141307e-005
  4.4000000e-001  5.2954844e-005
  4.5000000e-001  4.7415699e-005
  4.6000000e-001  4.2455724e-005
  4.7000000e-001  3.8014004e-005
  4.8000000e-001  3.4036086e-005
  4.9000000e-001  3.0473282e-005
  5.0000000e-001  2.7282056e-005
  5.1000000e-001  2.4423473e-005
  5.2000000e-001  2.1862708e-005
  5.3000000e-001  1.9568608e-005
  5.4000000e-001  1.7513303e-005
  5.5000000e-001  1.5671855e-005
  5.6000000e-001  1.4021948e-005
  5.7000000e-001  1.2543613e-005
  5.8000000e-001  1.1218972e-005
  5.9000000e-001  1.0032026e-005
  6.0000000e-001  8.9684488e-006
  6.1000000e-001  8.0154157e-006
  6.2000000e-001  7.1614424e-006
  6.3000000e-001  6.3962448e-006
  6.4000000e-001  5.7106127e-006
  6.5000000e-001  5.0962967e-006
  6.6000000e-001  4.5459076e-006
  6.7000000e-001  4.0528258e-006
  6.8000000e-001  3.6111208e-006
  6.9000000e-001  3.2154790e-006
  7.0000000e-001  2.8611393e-006
  7.1000000e-001  2.5438349e-006
  7.2000000e-001  2.2597422e-006
  7.3000000e-001  2.0054341e-006
  7.4000000e-001  1.7778388e-006
  7.5000000e-001  1.5742030e-006
  7.6000000e-001  1.3920581e-006
  7.7000000e-001  1.2291912e-006
  7.8000000e-001  1.0836183e-006
  7.9000000e-001  9.5356029e-007
  8.0000000e-001  8.3742199e-007
  8.1000000e-001  7.3377283e-007
  8.2000000e-001  6.4132990e-007
  8.3000000e-001  5.5894258e-007
  8.4000000e-001  4.8557885e-007
  8.5000000e-001  4.2031303e-007
  8.6000000e-001  3.6231473e-007
  8.7000000e-001  3.1083906e-007
  8.8000000e-001  2.6521774e-007
  8.9000000e-001  2.2485120e-007
  9.0000000e-001  1.8920149e-007
  9.1000000e-001  1.5778593e-007
  9.2000000e-001  1.3017140e-007
  9.3000000e-001  1.0596923e-007
  9.4000000e-001  8.4830621e-008
  9.5000000e-001  6.6442544e-008
  9.6000000e-001  5.0524056e-008
  9.7000000e-001  3.6823001e-008
  9.8000000e-001  2.5113047e-008
  9.9000000e-001  1.5191032e-008
  1.0000000e+000  6.8745880e-009
  1.0100000e+000             NaN
  1.0200000e+000             NaN
  1.0300000e+000             NaN
  1.0400000e+000             NaN
  1.0500000e+000             NaN
  1.0600000e+000             NaN
  1.0700000e+000             NaN
  1.0800000e+000             NaN
  1.0900000e+000             NaN
  1.1000000e+000             NaN
  1.1100000e+000             NaN
  1.1200000e+000             NaN
  1.1300000e+000             NaN
  1.1400000e+000             NaN
  1.1500000e+000             NaN
  1.1600000e+000             NaN
  1.1700000e+000             NaN
  1.1800000e+000             NaN
  1.1900000e+000             NaN
  1.2000000e+000             NaN
  1.2100000e+000             NaN
  1.2200000e+000             NaN
  1.2300000e+000             NaN
  1.2400000e+000             NaN
  1.2500000e+000             NaN
  1.2600000e+000             NaN
  1.2700000e+000             NaN
  1.2800000e+000             NaN
  1.2900000e+000             NaN
  1.3000000e+000             NaN
  1.3100000e+000             NaN
  1.3200000e+000             NaN
  1.3300000e+000             NaN
  1.3400000e+000             NaN
  1.3500000e+000             NaN
  1.3600000e+000             NaN
  1.3700000e+000             NaN
  1.3800000e+000             NaN
  1.3900000e+000             NaN
  1.4000000e+000             NaN
  1.4100000e+000             NaN
  1.4200000e+000             NaN
  1.4300000e+000             NaN
  1.4400000e+000             NaN
  1.4500000e+000             NaN
  1.4600000e+000             NaN
  1.4700000e+000             NaN
  1.4800000e+000             NaN
  1.4900000e+000             NaN
  1.5000000e+000             NaN
  1.5100000e+000             NaN
  1.5200000e+000             NaN
  1.5300000e+000             NaN
  1.5400000e+000             NaN
  1.5500000e+000             NaN
  1.5600000e+000             NaN
  1.5700000e+000             NaN
  1.5800000e+000             NaN
  1.5900000e+000             NaN
  1.6000000e+000             NaN
  1.6100000e+000             NaN
  1.6200000e+000             NaN
  1.6300000e+000             NaN
  1.6400000e+000             NaN
  1.6500000e+000             NaN
  1.6600000e+000             NaN
  1.6700000e+000             NaN
  1.6800000e+000             NaN
  1.6900000e+000             NaN
  1.7000000e+000             NaN
  1.7100000e+000             NaN
  1.7200000e+000             NaN
  1.7300000e+000             NaN
  1.7400000e+000             NaN
  1.7500000e+000             NaN
  1.7600000e+000             NaN
  1.7700000e+000             NaN
  1.7800000e+000             NaN
  1.7900000e+000             NaN
  1.8000000e+000             NaN
