  -3.0000000e-01   1.0000000e+00
  -2.9000000e-01   7.9841082e-01
  -2.8000000e-01   6.3681488e-01
  -2.7000000e-01   5.0745815e-01
  -2.6000000e-01   4.6454071e-01
  -2.5000000e-01   4.2458973e-01
  -2.4000000e-01   3.8742443e-01
  -2.3000000e-01   3.5287441e-01
  -2.2000000e-01   3.2077909e-01
  -2.1000000e-01   2.9729182e-01
  -2.0000000e-01   2.7481591e-01
  -1.9000000e-01   2.5331614e-01
  -1.8000000e-01   2.3275840e-01
  -1.7000000e-01   2.1310968e-01
  -1.6000000e-01   1.9433804e-01
  -1.5000000e-01   1.7641253e-01
  -1.4000000e-01   1.5930323e-01
  -1.3000000e-01   1.4298116e-01
  -1.2000000e-01   1.2741830e-01
  -1.1000000e-01   1.1258751e-01
  -1.0000000e-01   9.8462540e-02
  -9.0000000e-02   6.7463759e-02
  -8.0000000e-02   4.8109971e-02
  -7.0000000e-02   3.6368697e-02
  -6.0000000e-02   3.1615414e-02
  -5.0000000e-02   2.7801063e-02
  -4.0000000e-02   2.4636125e-02
  -3.0000000e-02   2.1846092e-02
  -2.0000000e-02   1.9384227e-02
  -1.0000000e-02   1.7210007e-02
   0.0000000e+00   1.5288231e-02
   1.0000000e-02   1.3588266e-02
   2.0000000e-02   1.2083409e-02
   3.0000000e-02   1.0750346e-02
   4.0000000e-02   9.5686958e-03
   5.0000000e-02   8.5206146e-03
   6.0000000e-02   7.5904612e-03
   7.0000000e-02   6.7645091e-03
   8.0000000e-02   6.0306991e-03
   9.0000000e-02   5.3784256e-03
   1.0000000e-01   4.7983524e-03
   1.1000000e-01   4.2822532e-03
   1.2000000e-01   3.8228734e-03
   1.3000000e-01   3.4138101e-03
   1.4000000e-01   3.0494077e-03
   1.5000000e-01   2.7246671e-03
   1.6000000e-01   2.4351663e-03
   1.7000000e-01   2.1769911e-03
   1.8000000e-01   1.9466750e-03
   1.9000000e-01   1.7411458e-03
   2.0000000e-01   1.5576792e-03
   2.1000000e-01   1.3938581e-03
   2.2000000e-01   1.2475372e-03
   2.3000000e-01   1.1168110e-03
   2.4000000e-01   9.9998640e-04
   2.5000000e-01   8.9555830e-04
   2.6000000e-01   8.0218824e-04
   2.7000000e-01   7.1868532e-04
   2.8000000e-01   6.4398959e-04
   2.9000000e-01   5.7715722e-04
   3.0000000e-01   5.1734754e-04
   3.1000000e-01   4.6381142e-04
   3.2000000e-01   4.1588115e-04
   3.3000000e-01   3.7296130e-04
   3.4000000e-01   3.3452084e-04
   3.5000000e-01   3.0008592e-04
   3.6000000e-01   2.6923366e-04
   3.7000000e-01   2.4158652e-04
   3.8000000e-01   2.1680738e-04
   3.9000000e-01   1.9459509e-04
   4.0000000e-01   1.7468060e-04
   4.1000000e-01   1.5682346e-04
   4.2000000e-01   1.4080871e-04
   4.3000000e-01   1.2644419e-04
   4.4000000e-01   1.1355802e-04
   4.5000000e-01   1.0199645e-04
   4.6000000e-01   9.1621934e-05
   4.7000000e-01   8.2311375e-05
   4.8000000e-01   7.3954593e-05
   4.9000000e-01   6.6452951e-05
   5.0000000e-01   5.9718129e-05
   5.1000000e-01   5.3671028e-05
   5.2000000e-01   4.8240796e-05
   5.3000000e-01   4.3363960e-05
   5.4000000e-01   3.8983641e-05
   5.5000000e-01   3.5048868e-05
   5.6000000e-01   3.1513954e-05
   5.7000000e-01   2.8337938e-05
   5.8000000e-01   2.5484100e-05
   5.9000000e-01   2.2919506e-05
   6.0000000e-01   2.0614622e-05
   6.1000000e-01   1.8542955e-05
   6.2000000e-01   1.6680737e-05
   6.3000000e-01   1.5006646e-05
   6.4000000e-01   1.3501543e-05
   6.5000000e-01   1.2148257e-05
   6.6000000e-01   1.0931372e-05
   6.7000000e-01   9.8370513e-06
   6.8000000e-01   8.8528712e-06
   6.9000000e-01   7.9676775e-06
   7.0000000e-01   7.1714533e-06
   7.1000000e-01   6.4552030e-06
   7.2000000e-01   5.8108465e-06
   7.3000000e-01   5.2311258e-06
   7.4000000e-01   4.7095205e-06
   7.5000000e-01   4.2401723e-06
   7.6000000e-01   3.8178172e-06
   7.7000000e-01   3.4377248e-06
   7.8000000e-01   3.0956439e-06
   7.9000000e-01   2.7877534e-06
   8.0000000e-01   2.5106188e-06
   8.1000000e-01   2.2611524e-06
   8.2000000e-01   2.0365784e-06
   8.3000000e-01   1.8344009e-06
   8.4000000e-01   1.6523760e-06
   8.5000000e-01   1.4884853e-06
   8.6000000e-01   1.3409142e-06
   8.7000000e-01   1.2080301e-06
   8.8000000e-01   1.0883650e-06
   8.9000000e-01   9.8059818e-07
   9.0000000e-01   8.8354147e-07
   9.1000000e-01   7.9612604e-07
   9.2000000e-01   7.1739019e-07
   9.3000000e-01   6.4646863e-07
   9.4000000e-01   5.8258270e-07
   9.5000000e-01   5.2503170e-07
   9.6000000e-01   4.7318503e-07
   9.7000000e-01   4.2647514e-07
   9.8000000e-01   3.8439118e-07
   9.9000000e-01   3.4647333e-07
   1.0000000e+00   3.1230767e-07
   1.0100000e+00   2.8152157e-07
   1.0200000e+00   2.5377955e-07
   1.0300000e+00   2.2877959e-07
   1.0400000e+00   2.0624972e-07
   1.0500000e+00   1.8594507e-07
   1.0600000e+00   1.6764513e-07
   1.0700000e+00   1.5115133e-07
   1.0800000e+00   1.3628484e-07
   1.0900000e+00   1.2288459e-07
   1.1000000e+00   1.1080552e-07
   1.1100000e+00   9.9916974e-08
   1.1200000e+00   9.0101253e-08
   1.1300000e+00   8.1252341e-08
   1.1400000e+00   7.3274729e-08
   1.1500000e+00   6.6082377e-08
   1.1600000e+00   5.9597769e-08
   1.1700000e+00   5.3751065e-08
   1.1800000e+00   4.8479338e-08
   1.1900000e+00   4.3725889e-08
   1.2000000e+00   3.9439627e-08
   1.2100000e+00   3.5574513e-08
   1.2200000e+00   3.2089057e-08
   1.2300000e+00   2.8945872e-08
   1.2400000e+00   2.6111259e-08
   1.2500000e+00   2.3554850e-08
   1.2600000e+00   2.1249272e-08
   1.2700000e+00   1.9169853e-08
   1.2800000e+00   1.7294356e-08
   1.2900000e+00   1.5602734e-08
   1.3000000e+00   1.4076919e-08
   1.3100000e+00   1.2700620e-08
   1.3200000e+00   1.1459152e-08
   1.3300000e+00   1.0339277e-08
   1.3400000e+00   9.3290586e-09
   1.3500000e+00   8.4177361e-09
   1.3600000e+00   7.5956068e-09
   1.3700000e+00   6.8539224e-09
   1.3800000e+00   6.1847947e-09
   1.3900000e+00   5.5811109e-09
   1.4000000e+00   5.0364569e-09
   1.4100000e+00   4.5450489e-09
   1.4200000e+00   4.1016710e-09
   1.4300000e+00   3.7016195e-09
   1.4400000e+00   3.3406522e-09
   1.4500000e+00   3.0149432e-09
   1.4600000e+00   2.7210420e-09
   1.4700000e+00   2.4558366e-09
   1.4800000e+00   2.2165198e-09
   1.4900000e+00   2.0005598e-09
   1.5000000e+00   1.8056730e-09
   1.5100000e+00   1.6297992e-09
   1.5200000e+00   1.4710805e-09
   1.5300000e+00   1.3278403e-09
   1.5400000e+00   1.1985668e-09
   1.5500000e+00   1.0818956e-09
   1.5600000e+00   9.7659627e-10
   1.5700000e+00   8.8155847e-10
   1.5800000e+00   7.9578058e-10
   1.5900000e+00   7.1835892e-10
   1.6000000e+00   6.4847814e-10
   1.6100000e+00   5.8540261e-10
   1.6200000e+00   5.2846857e-10
   1.6300000e+00   4.7707714e-10
   1.6400000e+00   4.3068792e-10
   1.6500000e+00   3.8881330e-10
   1.6600000e+00   3.5101327e-10
   1.6700000e+00   3.1689079e-10
   1.6800000e+00   2.8608756e-10
   1.6900000e+00   2.5828025e-10
   1.7000000e+00   2.3317709e-10
   1.7100000e+00   2.1051476e-10
   1.7200000e+00   1.9005561e-10
   1.7300000e+00   1.7158519e-10
   1.7400000e+00   1.5490993e-10
   1.7500000e+00   1.3985516e-10
   1.7600000e+00   1.2626319e-10
   1.7700000e+00   1.1399174e-10
   1.7800000e+00   1.0291236e-10
   1.7900000e+00   9.2909127e-11
   1.8000000e+00   8.3877404e-11
