 -4.0000000e-001  1.0000000e+000
 -3.9000000e-001  8.9550810e-001
 -3.8000000e-001  8.0046609e-001
 -3.7000000e-001  7.1414037e-001
 -3.6000000e-001  6.3585104e-001
 -3.5000000e-001  5.6496821e-001
 -3.4000000e-001  5.0090835e-001
 -3.3000000e-001  4.4313112e-001
 -3.2000000e-001  3.9113620e-001
 -3.1000000e-001  3.4446053e-001
 -3.0000000e-001  3.0267558e-001
 -2.9000000e-001  2.6538494e-001
 -2.8000000e-001  2.3222200e-001
 -2.7000000e-001  2.0284778e-001
 -2.6000000e-001  1.7694900e-001
 -2.5000000e-001  1.5423618e-001
 -2.4000000e-001  1.3444194e-001
 -2.3000000e-001  1.1731939e-001
 -2.2000000e-001  1.0264066e-001
 -2.1000000e-001  9.0195477e-002
 -2.0000000e-001  7.8547904e-002
 -1.9000000e-001  6.8402865e-002
 -1.8000000e-001  5.9556045e-002
 -1.7000000e-001  5.1833409e-002
 -1.6000000e-001  4.5086227e-002
 -1.5000000e-001  3.9187008e-002
 -1.4000000e-001  3.4026176e-002
 -1.3000000e-001  2.9509318e-002
 -1.2000000e-001  2.5554899e-002
 -1.1000000e-001  2.2092364e-002
 -1.0000000e-001  1.9060538e-002
 -9.0000000e-002  1.6406289e-002
 -8.0000000e-002  1.4083396e-002
 -7.0000000e-002  1.2051583e-002
 -6.0000000e-002  1.0275714e-002
 -5.0000000e-002  8.7250891e-003
 -4.0000000e-002  7.3728567e-003
 -3.0000000e-002  6.1955017e-003
 -2.0000000e-002  5.1724093e-003
 -1.0000000e-002  4.2854895e-003
  0.0000000e+000  3.5188526e-003
  1.0000000e-002  2.8585290e-003
  2.0000000e-002  2.2922270e-003
  3.0000000e-002  1.8091225e-003
  4.0000000e-002  1.3996768e-003
  5.0000000e-002  1.0554778e-003
  6.0000000e-002  7.6910220e-004
  7.0000000e-002  5.3399461e-004
  8.0000000e-002  3.4436292e-004
  9.0000000e-002  1.9508633e-004
  1.0000000e-001  8.1635059e-005
  1.1000000e-001             NaN
  1.2000000e-001             NaN
  1.3000000e-001             NaN
  1.4000000e-001             NaN
  1.5000000e-001             NaN
  1.6000000e-001             NaN
  1.7000000e-001             NaN
  1.8000000e-001             NaN
  1.9000000e-001             NaN
  2.0000000e-001             NaN
  2.1000000e-001             NaN
  2.2000000e-001             NaN
  2.3000000e-001             NaN
  2.4000000e-001             NaN
  2.5000000e-001             NaN
  2.6000000e-001             NaN
  2.7000000e-001             NaN
  2.8000000e-001             NaN
  2.9000000e-001             NaN
  3.0000000e-001             NaN
  3.1000000e-001             NaN
  3.2000000e-001             NaN
  3.3000000e-001             NaN
  3.4000000e-001             NaN
  3.5000000e-001             NaN
  3.6000000e-001             NaN
  3.7000000e-001             NaN
  3.8000000e-001             NaN
  3.9000000e-001             NaN
  4.0000000e-001             NaN
  4.1000000e-001             NaN
  4.2000000e-001             NaN
  4.3000000e-001             NaN
  4.4000000e-001             NaN
  4.5000000e-001             NaN
  4.6000000e-001             NaN
  4.7000000e-001             NaN
  4.8000000e-001             NaN
  4.9000000e-001             NaN
  5.0000000e-001             NaN
  5.1000000e-001             NaN
  5.2000000e-001             NaN
  5.3000000e-001             NaN
  5.4000000e-001             NaN
  5.5000000e-001             NaN
  5.6000000e-001             NaN
  5.7000000e-001             NaN
  5.8000000e-001             NaN
  5.9000000e-001             NaN
  6.0000000e-001             NaN
  6.1000000e-001             NaN
  6.2000000e-001             NaN
  6.3000000e-001             NaN
  6.4000000e-001             NaN
  6.5000000e-001             NaN
  6.6000000e-001             NaN
  6.7000000e-001             NaN
  6.8000000e-001             NaN
  6.9000000e-001             NaN
  7.0000000e-001             NaN
  7.1000000e-001             NaN
  7.2000000e-001             NaN
  7.3000000e-001             NaN
  7.4000000e-001             NaN
  7.5000000e-001             NaN
  7.6000000e-001             NaN
  7.7000000e-001             NaN
  7.8000000e-001             NaN
  7.9000000e-001             NaN
  8.0000000e-001             NaN
  8.1000000e-001             NaN
  8.2000000e-001             NaN
  8.3000000e-001             NaN
  8.4000000e-001             NaN
  8.5000000e-001             NaN
  8.6000000e-001             NaN
  8.7000000e-001             NaN
  8.8000000e-001             NaN
  8.9000000e-001             NaN
  9.0000000e-001             NaN
  9.1000000e-001             NaN
  9.2000000e-001             NaN
  9.3000000e-001             NaN
  9.4000000e-001             NaN
  9.5000000e-001             NaN
  9.6000000e-001             NaN
  9.7000000e-001             NaN
  9.8000000e-001             NaN
  9.9000000e-001             NaN
  1.0000000e+000             NaN
  1.0100000e+000             NaN
  1.0200000e+000             NaN
  1.0300000e+000             NaN
  1.0400000e+000             NaN
  1.0500000e+000             NaN
  1.0600000e+000             NaN
  1.0700000e+000             NaN
  1.0800000e+000             NaN
  1.0900000e+000             NaN
  1.1000000e+000             NaN
  1.1100000e+000             NaN
  1.1200000e+000             NaN
  1.1300000e+000             NaN
  1.1400000e+000             NaN
  1.1500000e+000             NaN
  1.1600000e+000             NaN
  1.1700000e+000             NaN
  1.1800000e+000             NaN
  1.1900000e+000             NaN
  1.2000000e+000             NaN
  1.2100000e+000             NaN
  1.2200000e+000             NaN
  1.2300000e+000             NaN
  1.2400000e+000             NaN
  1.2500000e+000             NaN
  1.2600000e+000             NaN
  1.2700000e+000             NaN
  1.2800000e+000             NaN
  1.2900000e+000             NaN
  1.3000000e+000             NaN
  1.3100000e+000             NaN
  1.3200000e+000             NaN
  1.3300000e+000             NaN
  1.3400000e+000             NaN
  1.3500000e+000             NaN
  1.3600000e+000             NaN
  1.3700000e+000             NaN
  1.3800000e+000             NaN
  1.3900000e+000             NaN
  1.4000000e+000             NaN
  1.4100000e+000             NaN
  1.4200000e+000             NaN
  1.4300000e+000             NaN
  1.4400000e+000             NaN
  1.4500000e+000             NaN
  1.4600000e+000             NaN
  1.4700000e+000             NaN
  1.4800000e+000             NaN
  1.4900000e+000             NaN
  1.5000000e+000             NaN
  1.5100000e+000             NaN
  1.5200000e+000             NaN
  1.5300000e+000             NaN
  1.5400000e+000             NaN
  1.5500000e+000             NaN
  1.5600000e+000             NaN
  1.5700000e+000             NaN
  1.5800000e+000             NaN
  1.5900000e+000             NaN
  1.6000000e+000             NaN
  1.6100000e+000             NaN
  1.6200000e+000             NaN
  1.6300000e+000             NaN
  1.6400000e+000             NaN
  1.6500000e+000             NaN
  1.6600000e+000             NaN
  1.6700000e+000             NaN
  1.6800000e+000             NaN
  1.6900000e+000             NaN
  1.7000000e+000             NaN
  1.7100000e+000             NaN
  1.7200000e+000             NaN
  1.7300000e+000             NaN
  1.7400000e+000             NaN
  1.7500000e+000             NaN
  1.7600000e+000             NaN
  1.7700000e+000             NaN
  1.7800000e+000             NaN
  1.7900000e+000             NaN
  1.8000000e+000             NaN
