  -4.0000000e-01   1.0000000e+00
  -3.9000000e-01   8.3522155e-01
  -3.8000000e-01   6.9732649e-01
  -3.7000000e-01   5.8196482e-01
  -3.6000000e-01   4.8548555e-01
  -3.5000000e-01   4.0482504e-01
  -3.4000000e-01   3.3741312e-01
  -3.3000000e-01   2.8109403e-01
  -3.2000000e-01   2.3406008e-01
  -3.1000000e-01   1.9479582e-01
  -3.0000000e-01   1.6203106e-01
  -2.9000000e-01   1.3470151e-01
  -2.8000000e-01   1.1191563e-01
  -2.7000000e-01   9.2926778e-02
  -2.6000000e-01   7.7109842e-02
  -2.5000000e-01   6.3941629e-02
  -2.4000000e-01   5.2984374e-02
  -2.3000000e-01   4.3871903e-02
  -2.2000000e-01   3.6298033e-02
  -2.1000000e-01   3.0006826e-02
  -2.0000000e-01   2.4784422e-02
  -1.9000000e-01   2.0452187e-02
  -1.8000000e-01   1.6860964e-02
  -1.7000000e-01   1.3886265e-02
  -1.6000000e-01   1.1424228e-02
  -1.5000000e-01   9.3882394e-03
  -1.4000000e-01   7.7061029e-03
  -1.3000000e-01   6.3176665e-03
  -1.2000000e-01   5.1728381e-03
  -1.1000000e-01   4.2299249e-03
  -1.0000000e-01   3.4542432e-03
  -9.0000000e-02   2.8169567e-03
  -8.0000000e-02   2.2941045e-03
  -7.0000000e-02   1.8657895e-03
  -6.0000000e-02   1.5154998e-03
  -5.0000000e-02   1.2295419e-03
  -4.0000000e-02   9.9656848e-04
  -3.0000000e-02   8.0718302e-04
  -2.0000000e-02   6.5361110e-04
  -1.0000000e-02   5.2942571e-04
   0.0000000e+00   4.2931865e-04
   1.0000000e-02   3.4890998e-04
   2.0000000e-02   2.8458941e-04
   3.0000000e-02   2.3338438e-04
   4.0000000e-02   1.9285023e-04
   5.0000000e-02   1.6097901e-04
   6.0000000e-02   1.3612374e-04
   7.0000000e-02   1.1512953e-04
   8.0000000e-02   9.7392136e-05
   9.0000000e-02   8.2402760e-05
   1.0000000e-01   6.9732765e-05
   1.1000000e-01   5.9020931e-05
   1.2000000e-01   4.9962735e-05
   1.3000000e-01   4.2301373e-05
   1.4000000e-01   3.5820209e-05
   1.5000000e-01   3.0336437e-05
   1.6000000e-01   2.5695757e-05
   1.7000000e-01   2.1767890e-05
   1.8000000e-01   1.8442812e-05
   1.9000000e-01   1.5627581e-05
   2.0000000e-01   1.3243666e-05
   2.1000000e-01   1.1224697e-05
   2.2000000e-01   9.5145715e-06
   2.3000000e-01   8.0658532e-06
   2.4000000e-01   6.8384277e-06
   2.5000000e-01   5.7983648e-06
   2.6000000e-01   4.9169599e-06
   2.7000000e-01   4.1699251e-06
   2.8000000e-01   3.5367060e-06
   2.9000000e-01   2.9999050e-06
   3.0000000e-01   2.5447941e-06
   3.1000000e-01   2.1589036e-06
   3.2000000e-01   1.8316740e-06
   3.3000000e-01   1.5541623e-06
   3.4000000e-01   1.3187935e-06
   3.5000000e-01   1.1191504e-06
   3.6000000e-01   9.4979615e-07
   3.7000000e-01   8.0612383e-07
   3.8000000e-01   6.8422926e-07
   3.9000000e-01   5.8080349e-07
   4.0000000e-01   4.9304174e-07
   4.1000000e-01   4.1856632e-07
   4.2000000e-01   3.5536140e-07
   4.3000000e-01   3.0171777e-07
   4.4000000e-01   2.5618607e-07
   4.5000000e-01   2.1753716e-07
   4.6000000e-01   1.8472857e-07
   4.7000000e-01   1.5687610e-07
   4.8000000e-01   1.3322967e-07
   4.9000000e-01   1.1315300e-07
   5.0000000e-01   9.6106226e-08
   5.1000000e-01   8.1631321e-08
   5.2000000e-01   6.9339619e-08
   5.3000000e-01   5.8901304e-08
   5.4000000e-01   5.0036476e-08
   5.5000000e-01   4.2507584e-08
   5.6000000e-01   3.6113001e-08
   5.7000000e-01   3.0681583e-08
   5.8000000e-01   2.6068049e-08
   5.9000000e-01   2.2149071e-08
   6.0000000e-01   1.8819943e-08
   6.1000000e-01   1.5991770e-08
   6.2000000e-01   1.3589073e-08
   6.3000000e-01   1.1547762e-08
   6.4000000e-01   9.8134165e-09
   6.5000000e-01   8.3398198e-09
   6.6000000e-01   7.0877244e-09
   6.7000000e-01   6.0237978e-09
   6.8000000e-01   5.1197300e-09
   6.9000000e-01   4.3514756e-09
   7.0000000e-01   3.6986103e-09
   7.1000000e-01   3.1437851e-09
   7.2000000e-01   2.6722625e-09
   7.3000000e-01   2.2715229e-09
   7.4000000e-01   1.9309303e-09
   7.5000000e-01   1.6414486e-09
   7.6000000e-01   1.3954009e-09
   7.7000000e-01   1.1862643e-09
   7.8000000e-01   1.0084967e-09
   7.9000000e-01   8.5738875e-10
   8.0000000e-01   7.2893904e-10
   8.1000000e-01   6.1974714e-10
   8.2000000e-01   5.2692349e-10
   8.3000000e-01   4.4801246e-10
   8.4000000e-01   3.8092716e-10
   8.5000000e-01   3.2389400e-10
   8.6000000e-01   2.7540564e-10
   8.7000000e-01   2.3418093e-10
   8.8000000e-01   1.9913097e-10
   8.9000000e-01   1.6933025e-10
   9.0000000e-01   1.4399206e-10
   9.1000000e-01   1.2244771e-10
   9.2000000e-01   1.0412877e-10
   9.3000000e-01   8.8552055e-11
   9.4000000e-01   7.5306801e-11
   9.5000000e-01   6.4043828e-11
   9.6000000e-01   5.4466284e-11
   9.7000000e-01   4.6321803e-11
   9.8000000e-01   3.9395833e-11
   9.9000000e-01   3.3505963e-11
   1.0000000e+00   2.8497107e-11
   1.0100000e+00   2.4237409e-11
   1.0200000e+00   2.0614757e-11
   1.0300000e+00   1.7533828e-11
   1.0400000e+00   1.4913572e-11
   1.0500000e+00   1.2685070e-11
   1.0600000e+00   1.0789721e-11
   1.0700000e+00   9.1776950e-12
   1.0800000e+00   7.8066191e-12
   1.0900000e+00   6.6404607e-12
   1.1000000e+00   5.6485788e-12
   1.1100000e+00   4.8049162e-12
   1.1200000e+00   4.0873141e-12
   1.1300000e+00   3.4769278e-12
   1.1400000e+00   2.9577313e-12
   1.1500000e+00   2.5160951e-12
   1.1600000e+00   2.1404278e-12
   1.1700000e+00   1.8208712e-12
   1.1800000e+00   1.5490410e-12
   1.1900000e+00   1.3178062e-12
   1.2000000e+00   1.1211018e-12
   1.2100000e+00   9.5376936e-13
   1.2200000e+00   8.1142128e-13
   1.2300000e+00   6.9032574e-13
   1.2400000e+00   5.8730853e-13
   1.2500000e+00   4.9966974e-13
   1.2600000e+00   4.2511284e-13
   1.2700000e+00   3.6168439e-13
   1.2800000e+00   3.0772274e-13
   1.2900000e+00   2.6181448e-13
   1.3000000e+00   2.2275727e-13
   1.3100000e+00   1.8952837e-13
   1.3200000e+00   1.6125775e-13
   1.3300000e+00   1.3720532e-13
   1.3400000e+00   1.1674148e-13
   1.3500000e+00   9.9330664e-14
   1.3600000e+00   8.4517234e-14
   1.3700000e+00   7.1913589e-14
   1.3800000e+00   6.1189984e-14
   1.3900000e+00   5.2065898e-14
   1.4000000e+00   4.4302677e-14
   1.4100000e+00   3.7697289e-14
   1.4200000e+00   3.2077000e-14
   1.4300000e+00   2.7294856e-14
   1.4400000e+00   2.3225831e-14
   1.4500000e+00   1.9763554e-14
   1.4600000e+00   1.6817527e-14
   1.4700000e+00   1.4310752e-14
   1.4800000e+00   1.2177720e-14
   1.4900000e+00   1.0362694e-14
   1.5000000e+00   8.8182512e-15
   1.5100000e+00   7.5040432e-15
   1.5200000e+00   6.3857397e-15
   1.5300000e+00   5.4341308e-15
   1.5400000e+00   4.6243628e-15
   1.5500000e+00   3.9352889e-15
   1.5600000e+00   3.3489155e-15
   1.5700000e+00   2.8499327e-15
   1.5800000e+00   2.4253129e-15
   1.5900000e+00   2.0639716e-15
   1.6000000e+00   1.7564766e-15
   1.6100000e+00   1.4948020e-15
   1.6200000e+00   1.2721187e-15
   1.6300000e+00   1.0826153e-15
   1.6400000e+00   9.2134710e-16
   1.6500000e+00   7.8410623e-16
   1.6600000e+00   6.6731213e-16
   1.6700000e+00   5.6791794e-16
   1.6800000e+00   4.8333092e-16
   1.6900000e+00   4.1134473e-16
   1.7000000e+00   3.5008188e-16
   1.7100000e+00   2.9794468e-16
   1.7200000e+00   2.5357352e-16
   1.7300000e+00   2.1581141e-16
   1.7400000e+00   1.8367374e-16
   1.7500000e+00   1.5632264e-16
   1.7600000e+00   1.3304507e-16
   1.7700000e+00   1.1323423e-16
   1.7800000e+00   9.6373733e-17
   1.7900000e+00   8.2024119e-17
   1.8000000e+00   6.9811400e-17
