  7.5000000e+001  8.5389436e-001
  1.0000000e+002  8.0954000e-001
  1.2500000e+002  7.6731578e-001
  1.5000000e+002  7.2697440e-001
  1.7500000e+002  6.8858612e-001
  2.0000000e+002  6.5192388e-001
  2.2500000e+002  6.1705176e-001
  2.5000000e+002  5.8376136e-001
  2.7500000e+002  5.5211112e-001
  3.0000000e+002  5.2190980e-001
  3.2500000e+002  4.9321065e-001
  3.5000000e+002  4.6583828e-001
  3.7500000e+002  4.3984114e-001
  4.0000000e+002  4.1505841e-001
  4.2500000e+002  3.9153421e-001
  4.5000000e+002  3.6912110e-001
  4.7500000e+002  3.4785920e-001
  5.0000000e+002  3.2761344e-001
  5.2500000e+002  3.0842023e-001
  5.5000000e+002  2.9015588e-001
  5.7500000e+002  2.7285346e-001
  6.0000000e+002  2.5639970e-001
  6.2500000e+002  2.4082459e-001
  6.5000000e+002  2.2602449e-001
  6.7500000e+002  2.1202658e-001
  7.0000000e+002  1.9873604e-001
  7.2500000e+002  1.8617748e-001
  7.5000000e+002  1.7426419e-001
  7.7500000e+002  1.6301844e-001
  8.0000000e+002  1.5236098e-001
  8.2500000e+002  1.4231194e-001
  8.5000000e+002  1.3279892e-001
  8.7500000e+002  1.2384007e-001
  9.0000000e+002  1.1536931e-001
  9.2500000e+002  1.0740299e-001
  9.5000000e+002  9.9880797e-002
  9.7500000e+002  9.2817468e-002
  1.0000000e+003  8.6157993e-002
  1.0250000e+003  7.9915609e-002
  1.0500000e+003  7.4040179e-002
  1.0750000e+003  6.8543584e-002
  1.1000000e+003  6.3380150e-002
  1.1250000e+003  5.8560526e-002
  1.1500000e+003  5.4043130e-002
  1.1750000e+003  4.9837487e-002
  1.2000000e+003  4.5905771e-002
  1.2250000e+003  4.2256481e-002
  1.2500000e+003  3.8855232e-002
  1.2750000e+003  3.5709595e-002
  1.3000000e+003  3.2788334e-002
  1.3250000e+003  3.0081433e-002
  1.3500000e+003  2.7523784e-002
  1.3750000e+003  2.5196554e-002
  1.4000000e+003  2.3063027e-002
  1.4250000e+003  2.1120714e-002
  1.4500000e+003  1.9339251e-002
  1.4750000e+003  1.7716670e-002
  1.5000000e+003  1.6227822e-002
  1.5250000e+003  1.4871147e-002
  1.5500000e+003  1.3625786e-002
  1.5750000e+003  1.2490501e-002
  1.6000000e+003  1.1447970e-002
  1.6250000e+003  1.0497207e-002
  1.6500000e+003  9.6238095e-003
  1.6750000e+003  8.8269916e-003
  1.7000000e+003  8.0947639e-003
  1.7250000e+003  7.4264999e-003
  1.7500000e+003  6.8122087e-003
  1.7750000e+003  6.2513894e-003
  1.8000000e+003  5.7357085e-003
  1.8250000e+003  5.2647648e-003
  1.8500000e+003  4.8316010e-003
  1.8750000e+003  4.4358953e-003
  1.9000000e+003  4.0718340e-003
  1.9250000e+003  3.7391588e-003
  1.9500000e+003  3.4330078e-003
  1.9750000e+003  3.1531733e-003
  2.0000000e+003  2.8955860e-003
  2.0250000e+003  2.6600790e-003
  2.0500000e+003  2.4432437e-003
  2.0750000e+003  2.2449456e-003
  2.1000000e+003  2.0623281e-003
  2.1250000e+003  1.8952826e-003
  2.1500000e+003  1.7414130e-003
  2.1750000e+003  1.6006319e-003
  2.2000000e+003  1.4709283e-003
  2.2250000e+003  1.3522316e-003
  2.2500000e+003  1.2428531e-003
  2.2750000e+003  1.1427357e-003
  2.3000000e+003  1.0504605e-003
  2.3250000e+003  9.6598131e-004
  2.3500000e+003  8.8810524e-004
  2.3750000e+003  8.1679493e-004
  2.4000000e+003  7.5104702e-004
  2.4250000e+003  6.9083125e-004
  2.4500000e+003  6.3530322e-004
  2.4750000e+003  5.8443842e-004
  2.5000000e+003  5.3752589e-004
  2.5250000e+003  4.9454578e-004
  2.5500000e+003  4.5489922e-004
  2.5750000e+003  4.1857010e-004
  2.6000000e+003  3.8505375e-004
  2.6250000e+003  3.5433710e-004
  2.6500000e+003  3.2599467e-004
  2.6750000e+003  3.0001588e-004
  2.7000000e+003  2.7604186e-004
  2.7250000e+003  2.5406401e-004
  2.7500000e+003  2.3377957e-004
  2.7750000e+003  2.1518154e-004
  2.8000000e+003  1.9801437e-004
  2.8250000e+003  1.8227239e-004
  2.8500000e+003  1.6773982e-004
  2.8750000e+003  1.5441205e-004
  2.9000000e+003  1.4210682e-004
  2.9250000e+003  1.3082041e-004
  2.9500000e+003  1.2039880e-004
  2.9750000e+003  1.1083897e-004
  3.0000000e+003  1.0201076e-004
  3.0250000e+003  9.3911704e-005
  3.0500000e+003  8.6431762e-005
  3.0750000e+003  7.9568925e-005
  3.1000000e+003  7.3230139e-005
  3.1250000e+003  6.7413770e-005
  3.1500000e+003  6.2041098e-005
  3.1750000e+003  5.7110796e-005
  3.2000000e+003  5.2556253e-005
  3.2250000e+003  4.8376391e-005
  3.2500000e+003  4.4514830e-005
  3.2750000e+003  4.0970693e-005
  3.3000000e+003  3.7696248e-005
  3.3250000e+003  3.4690784e-005
  3.3500000e+003  3.1913878e-005
  3.3750000e+003  2.9364953e-005
  3.4000000e+003  2.7009770e-005
  3.4250000e+003  2.4847860e-005
  3.4500000e+003  2.2850214e-005
  3.4750000e+003  2.1016451e-005
  3.5000000e+003  1.9321988e-005
  3.5250000e+003  1.7766517e-005
  3.5500000e+003  1.6329199e-005
  3.5750000e+003  1.5009786e-005
  3.6000000e+003  1.3790609e-005
  3.6250000e+003  1.2671468e-005
  3.6500000e+003  1.1637381e-005
  3.6750000e+003  1.0688184e-005
  3.7000000e+003  9.8111716e-006
  3.7250000e+003  9.0062102e-006
  3.7500000e+003  8.2625212e-006
  3.7750000e+003  7.5799974e-006
  3.8000000e+003  6.9494929e-006
  3.8250000e+003  6.3709213e-006
  3.8500000e+003  5.8365208e-006
  3.8750000e+003  5.3462218e-006
  3.9000000e+003  4.8934361e-006
  3.9250000e+003  4.4781075e-006
  3.9500000e+003  4.0946430e-006
  3.9750000e+003  3.7429974e-006
  4.0000000e+003  3.4184218e-006
  4.0250000e+003  3.1208797e-006
  4.0500000e+003  2.8463382e-006
  4.0750000e+003  2.5947682e-006
  4.1000000e+003  2.3627440e-006
  4.1250000e+003  2.1502424e-006
  4.1500000e+003  1.9543534e-006
  4.1750000e+003  1.7750582e-006
  4.2000000e+003  1.6098844e-006
  4.2250000e+003  1.4588171e-006
  4.2500000e+003  1.3197553e-006
  4.2750000e+003  1.1926872e-006
  4.3000000e+003  1.0758271e-006
  4.3250000e+003  9.6916556e-007
  4.3500000e+003  8.7118485e-007
  4.3750000e+003  7.8187751e-007
  4.4000000e+003  6.9995319e-007
  4.4250000e+003  6.2540605e-007
  4.4500000e+003  5.5713896e-007
  4.4750000e+003  4.9514734e-007
  4.5000000e+003  4.3849824e-007
  4.5250000e+003  3.8718808e-007
  4.5500000e+003  3.4042341e-007
  4.5750000e+003  2.9820146e-007
  4.6000000e+003  2.5984733e-007
  4.6250000e+003  2.2535890e-007
  4.6500000e+003  1.9416204e-007
  4.6750000e+003  1.6625512e-007
  4.7000000e+003  1.4114968e-007
  4.7250000e+003  1.1884449e-007
  4.7500000e+003  9.8923920e-008
  4.7750000e+003  8.1387062e-008
  4.8000000e+003  6.5880221e-008
  4.8250000e+003  5.2402721e-008
  4.8500000e+003  4.0653545e-008
  4.8750000e+003  3.0632204e-008
  4.9000000e+003  2.2082481e-008
  4.9250000e+003  1.5004033e-008
  4.9500000e+003  9.1787516e-009
  4.9750000e+003  4.6064075e-009
  5.0000000e+003  1.1013101e-009
