  7.5000000e+002  1.0000000e+000
  1.0000000e+003  9.3564872e-001
  1.2500000e+003  8.1318390e-001
  1.5000000e+003  7.0495038e-001
  1.7500000e+003  5.9250892e-001
  2.0000000e+003  4.9660137e-001
  2.2500000e+003  4.1504895e-001
  2.5000000e+003  3.4591321e-001
  2.7500000e+003  2.8748581e-001
  3.0000000e+003  2.3827058e-001
  3.2500000e+003  1.9696298e-001
  3.5000000e+003  1.6242932e-001
  3.7500000e+003  1.3967080e-001
  4.0000000e+003  1.1970398e-001
  4.2500000e+003  1.0225409e-001
  4.5000000e+003  8.7070416e-002
  4.7500000e+003  7.5528297e-002
  5.0000000e+003  6.5113121e-002
  5.2500000e+003  5.5748821e-002
  5.5000000e+003  4.7363698e-002
  5.7500000e+003  3.9890243e-002
  6.0000000e+003  3.3131854e-002
  6.2500000e+003  2.7510965e-002
  6.5000000e+003  2.2836736e-002
  6.7500000e+003  1.8944551e-002
  7.0000000e+003  1.5699379e-002
  7.2500000e+003  1.2991315e-002
  7.5000000e+003  1.0754417e-002
  7.7500000e+003  8.9061306e-003
  8.0000000e+003  7.3776159e-003
  8.2500000e+003  6.1125008e-003
  8.5000000e+003  5.0645622e-003
  8.7500000e+003  4.1958522e-003
  9.0000000e+003  3.4751811e-003
  9.2500000e+003  2.8768862e-003
  9.5000000e+003  2.3798311e-003
  9.7500000e+003  1.9665909e-003
  1.0000000e+004  1.6227875e-003
  1.0250000e+004  1.3365466e-003
  1.0500000e+004  1.0980545e-003
  1.0750000e+004  8.9919375e-004
  1.1000000e+004  7.3238769e-004
  1.1250000e+004  5.9558970e-004
  1.1500000e+004  4.8442286e-004
  1.1750000e+004  3.9405153e-004
  1.2000000e+004  3.2056022e-004
  1.2250000e+004  2.6077678e-004
  1.2500000e+004  2.1212994e-004
  1.2750000e+004  1.7253445e-004
  1.3000000e+004  1.4029838e-004
  1.3250000e+004  1.1404833e-004
  1.3500000e+004  9.2668991e-005
  1.3750000e+004  7.5254208e-005
  1.4000000e+004  6.1067510e-005
  1.4250000e+004  4.9510082e-005
  1.4500000e+004  4.0094858e-005
  1.4750000e+004  3.2425526e-005
  1.5000000e+004  2.6179504e-005
  1.5250000e+004  2.1094139e-005
  1.5500000e+004  1.6955502e-005
  1.5750000e+004  1.3589298e-005
  1.6000000e+004  1.0853479e-005
  1.6250000e+004  8.6322463e-006
  1.6500000e+004  6.8311714e-006
  1.6750000e+004  5.3732331e-006
  1.7000000e+004  4.1955918e-006
  1.7250000e+004  3.2469653e-006
  1.7500000e+004  2.4854930e-006
  1.7750000e+004  1.8769969e-006
  1.8000000e+004  1.3935651e-006
  1.8250000e+004  1.0123984e-006
  1.8500000e+004  7.1486918e-007
  1.8750000e+004  4.8575533e-007
  1.9000000e+004  3.1261501e-007
  1.9250000e+004  1.8527688e-007
  1.9500000e+004  9.5424124e-008
  1.9750000e+004  3.6255088e-008
  2.0000000e+004  2.2062251e-009
  2.0250000e+004             NaN
  2.0500000e+004             NaN
  2.0750000e+004             NaN
  2.1000000e+004             NaN
  2.1250000e+004             NaN
  2.1500000e+004             NaN
  2.1750000e+004             NaN
  2.2000000e+004             NaN
