  7.5000000e+001  8.5472695e-001
  1.0000000e+002  8.1066591e-001
  1.2500000e+002  7.6863411e-001
  1.5000000e+002  7.2854564e-001
  1.7500000e+002  6.9031804e-001
  2.0000000e+002  6.5387222e-001
  2.2500000e+002  6.1913228e-001
  2.5000000e+002  5.8602542e-001
  2.7500000e+002  5.5448179e-001
  3.0000000e+002  5.2443439e-001
  3.2500000e+002  4.9581897e-001
  3.5000000e+002  4.6857388e-001
  3.7500000e+002  4.4264001e-001
  4.0000000e+002  4.1796068e-001
  4.2500000e+002  3.9448150e-001
  4.5000000e+002  3.7215036e-001
  4.7500000e+002  3.5091726e-001
  5.0000000e+002  3.3073429e-001
  5.2500000e+002  3.1155548e-001
  5.5000000e+002  2.9333681e-001
  5.7500000e+002  2.7603604e-001
  6.0000000e+002  2.5961270e-001
  6.2500000e+002  2.4402800e-001
  6.5000000e+002  2.2924476e-001
  6.7500000e+002  2.1522736e-001
  7.0000000e+002  2.0194166e-001
  7.2500000e+002  1.8935494e-001
  7.5000000e+002  1.7743587e-001
  7.7500000e+002  1.6615441e-001
  8.0000000e+002  1.5548180e-001
  8.2500000e+002  1.4539049e-001
  8.5000000e+002  1.3585409e-001
  8.7500000e+002  1.2684733e-001
  9.0000000e+002  1.1834599e-001
  9.2500000e+002  1.1032691e-001
  9.5000000e+002  1.0276789e-001
  9.7500000e+002  9.5647686e-002
  1.0000000e+003  8.8945957e-002
  1.0250000e+003  8.2643236e-002
  1.0500000e+003  7.6720887e-002
  1.0750000e+003  7.1161078e-002
  1.1000000e+003  6.5946743e-002
  1.1250000e+003  6.1061552e-002
  1.1500000e+003  5.6489882e-002
  1.1750000e+003  5.2216787e-002
  1.2000000e+003  4.8227971e-002
  1.2250000e+003  4.4509760e-002
  1.2500000e+003  4.1049076e-002
  1.2750000e+003  3.7833417e-002
  1.3000000e+003  3.4850825e-002
  1.3250000e+003  3.2089871e-002
  1.3500000e+003  2.9398944e-002
  1.3750000e+003  2.6938722e-002
  1.4000000e+003  2.4688873e-002
  1.4250000e+003  2.2630919e-002
  1.4500000e+003  2.0748061e-002
  1.4750000e+003  1.9025017e-002
  1.5000000e+003  1.7447884e-002
  1.5250000e+003  1.6004004e-002
  1.5500000e+003  1.4681850e-002
  1.5750000e+003  1.3470924e-002
  1.6000000e+003  1.2361656e-002
  1.6250000e+003  1.1345325e-002
  1.6500000e+003  1.0413976e-002
  1.6750000e+003  9.5603557e-003
  1.7000000e+003  8.7778431e-003
  1.7250000e+003  8.0603968e-003
  1.7500000e+003  7.4025011e-003
  1.7750000e+003  6.7991188e-003
  1.8000000e+003  6.2456489e-003
  1.8250000e+003  5.7378874e-003
  1.8500000e+003  5.2719922e-003
  1.8750000e+003  4.8444515e-003
  1.9000000e+003  4.4520538e-003
  1.9250000e+003  4.0918626e-003
  1.9500000e+003  3.7611913e-003
  1.9750000e+003  3.4575820e-003
  2.0000000e+003  3.1787855e-003
  2.0250000e+003  2.9227428e-003
  2.0500000e+003  2.6875693e-003
  2.0750000e+003  2.4715390e-003
  2.1000000e+003  2.2730713e-003
  2.1250000e+003  2.0907184e-003
  2.1500000e+003  1.9231537e-003
  2.1750000e+003  1.7691618e-003
  2.2000000e+003  1.6276287e-003
  2.2250000e+003  1.4975334e-003
  2.2500000e+003  1.3779398e-003
  2.2750000e+003  1.2679896e-003
  2.3000000e+003  1.1668957e-003
  2.3250000e+003  1.0739362e-003
  2.3500000e+003  9.8844879e-004
  2.3750000e+003  9.0982604e-004
  2.4000000e+003  8.3751043e-004
  2.4250000e+003  7.7099039e-004
  2.4500000e+003  7.0979639e-004
  2.4750000e+003  6.5349743e-004
  2.5000000e+003  6.0169784e-004
  2.5250000e+003  5.5403433e-004
  2.5500000e+003  5.1017332e-004
  2.5750000e+003  4.6980845e-004
  2.6000000e+003  4.3265834e-004
  2.6250000e+003  3.9846451e-004
  2.6500000e+003  3.6698951e-004
  2.6750000e+003  3.3801520e-004
  2.7000000e+003  3.1134109e-004
  2.7250000e+003  2.8678299e-004
  2.7500000e+003  2.6417157e-004
  2.7750000e+003  2.4335123e-004
  2.8000000e+003  2.2417891e-004
  2.8250000e+003  2.0652312e-004
  2.8500000e+003  1.9026294e-004
  2.8750000e+003  1.7528720e-004
  2.9000000e+003  1.6149368e-004
  2.9250000e+003  1.4878834e-004
  2.9500000e+003  1.3708473e-004
  2.9750000e+003  1.2630331e-004
  3.0000000e+003  1.1637091e-004
  3.0250000e+003  1.0722023e-004
  3.0500000e+003  9.8789344e-005
  3.0750000e+003  9.1021276e-005
  3.1000000e+003  8.3863598e-005
  3.1250000e+003  7.7268065e-005
  3.1500000e+003  7.1190275e-005
  3.1750000e+003  6.5589363e-005
  3.2000000e+003  6.0427715e-005
  3.2250000e+003  5.5670706e-005
  3.2500000e+003  5.1286464e-005
  3.2750000e+003  4.7245645e-005
  3.3000000e+003  4.3521232e-005
  3.3250000e+003  4.0088351e-005
  3.3500000e+003  3.6924096e-005
  3.3750000e+003  3.4007375e-005
  3.4000000e+003  3.1318762e-005
  3.4250000e+003  2.8840369e-005
  3.4500000e+003  2.6555719e-005
  3.4750000e+003  2.4449634e-005
  3.5000000e+003  2.2508136e-005
  3.5250000e+003  2.0718346e-005
  3.5500000e+003  1.9068400e-005
  3.5750000e+003  1.7547368e-005
  3.6000000e+003  1.6145180e-005
  3.6250000e+003  1.4852557e-005
  3.6500000e+003  1.3660950e-005
  3.6750000e+003  1.2562479e-005
  3.7000000e+003  1.1549884e-005
  3.7250000e+003  1.0616475e-005
  3.7500000e+003  9.7560836e-006
  3.7750000e+003  8.9630274e-006
  3.8000000e+003  8.2320675e-006
  3.8250000e+003  7.5583749e-006
  3.8500000e+003  6.9374983e-006
  3.8750000e+003  6.3653345e-006
  3.9000000e+003  5.8381005e-006
  3.9250000e+003  5.3523090e-006
  3.9500000e+003  4.9047444e-006
  3.9750000e+003  4.4924423e-006
  4.0000000e+003  4.1126690e-006
  4.0250000e+003  3.7629042e-006
  4.0500000e+003  3.4408235e-006
  4.0750000e+003  3.1442836e-006
  4.1000000e+003  2.8713080e-006
  4.1250000e+003  2.6200738e-006
  4.1500000e+003  2.3888997e-006
  4.1750000e+003  2.1762353e-006
  4.2000000e+003  1.9806503e-006
  4.2250000e+003  1.8008256e-006
  4.2500000e+003  1.6355445e-006
  4.2750000e+003  1.4836844e-006
  4.3000000e+003  1.3442101e-006
  4.3250000e+003  1.2161662e-006
  4.3500000e+003  1.0986716e-006
  4.3750000e+003  9.9091334e-007
  4.4000000e+003  8.9214132e-007
  4.4250000e+003  8.0166353e-007
  4.4500000e+003  7.1884144e-007
  4.4750000e+003  6.4308589e-007
  4.5000000e+003  5.7385325e-007
  4.5250000e+003  5.1064187e-007
  4.5500000e+003  4.5298883e-007
  4.5750000e+003  4.0046695e-007
  4.6000000e+003  3.5268199e-007
  4.6250000e+003  3.0927014e-007
  4.6500000e+003  2.6989563e-007
  4.6750000e+003  2.3424855e-007
  4.7000000e+003  2.0204288e-007
  4.7250000e+003  1.7301464e-007
  4.7500000e+003  1.4692015e-007
  4.7750000e+003  1.2353450e-007
  4.8000000e+003  1.0265008e-007
  4.8250000e+003  8.4075245e-008
  4.8500000e+003  6.7633087e-008
  4.8750000e+003  5.3160295e-008
  4.9000000e+003  4.0506104e-008
  4.9250000e+003  2.9531334e-008
  4.9500000e+003  2.0107488e-008
  4.9750000e+003  1.2115935e-008
  5.0000000e+003  5.4471472e-009
