  -3.0000000e-01   1.0000000e+00
  -2.9000000e-01   7.9733559e-01
  -2.8000000e-01   6.3490918e-01
  -2.7000000e-01   5.0491925e-01
  -2.6000000e-01   4.6323273e-01
  -2.5000000e-01   4.2435226e-01
  -2.4000000e-01   3.8810685e-01
  -2.3000000e-01   3.5433532e-01
  -2.2000000e-01   3.2288575e-01
  -2.1000000e-01   2.9964680e-01
  -2.0000000e-01   2.7735509e-01
  -1.9000000e-01   2.5597762e-01
  -1.8000000e-01   2.3548245e-01
  -1.7000000e-01   2.1583867e-01
  -1.6000000e-01   1.9701635e-01
  -1.5000000e-01   1.7898652e-01
  -1.4000000e-01   1.6172115e-01
  -1.3000000e-01   1.4519309e-01
  -1.2000000e-01   1.2937611e-01
  -1.1000000e-01   1.1424478e-01
  -1.0000000e-01   9.9774512e-02
  -9.0000000e-02   6.6919607e-02
  -8.0000000e-02   4.6535849e-02
  -7.0000000e-02   3.4304672e-02
  -6.0000000e-02   2.9662231e-02
  -5.0000000e-02   2.5928992e-02
  -4.0000000e-02   2.2981582e-02
  -3.0000000e-02   2.0382767e-02
  -2.0000000e-02   1.8089159e-02
  -1.0000000e-02   1.6063129e-02
   0.0000000e+00   1.4271983e-02
   1.0000000e-02   1.2687263e-02
   2.0000000e-02   1.1284156e-02
   3.0000000e-02   1.0040994e-02
   4.0000000e-02   8.9388300e-03
   5.0000000e-02   7.9610714e-03
   6.0000000e-02   7.0931721e-03
   7.0000000e-02   6.3223633e-03
   8.0000000e-02   5.6374251e-03
   9.0000000e-02   5.0284878e-03
   1.0000000e-01   4.4868617e-03
   1.1000000e-01   4.0048882e-03
   1.2000000e-01   3.5758123e-03
   1.3000000e-01   3.1936709e-03
   1.4000000e-01   2.8531958e-03
   1.5000000e-01   2.5497294e-03
   1.6000000e-01   2.2791513e-03
   1.7000000e-01   2.0378134e-03
   1.8000000e-01   1.8224842e-03
   1.9000000e-01   1.6302995e-03
   2.0000000e-01   1.4587187e-03
   2.1000000e-01   1.3054878e-03
   2.2000000e-01   1.1686054e-03
   2.3000000e-01   1.0462936e-03
   2.4000000e-01   9.3697267e-04
   2.5000000e-01   8.3923791e-04
   2.6000000e-01   7.5183989e-04
   2.7000000e-01   6.7366682e-04
   2.8000000e-01   6.0372896e-04
   2.9000000e-01   5.4114490e-04
   3.0000000e-01   4.8512939e-04
   3.1000000e-01   4.3498261e-04
   3.2000000e-01   3.9008070e-04
   3.3000000e-01   3.4986725e-04
   3.4000000e-01   3.1384594e-04
   3.5000000e-01   2.8157385e-04
   3.6000000e-01   2.5265561e-04
   3.7000000e-01   2.2673823e-04
   3.8000000e-01   2.0350642e-04
   3.9000000e-01   1.8267853e-04
   4.0000000e-01   1.6400287e-04
   4.1000000e-01   1.4725448e-04
   4.2000000e-01   1.3223223e-04
   4.3000000e-01   1.1875628e-04
   4.4000000e-01   1.0666575e-04
   4.5000000e-01   9.5816728e-05
   4.6000000e-01   8.6080433e-05
   4.7000000e-01   7.7341601e-05
   4.8000000e-01   6.9497053e-05
   4.9000000e-01   6.2454405e-05
   5.0000000e-01   5.6130923e-05
   5.1000000e-01   5.0452505e-05
   5.2000000e-01   4.5352763e-05
   5.3000000e-01   4.0772217e-05
   5.4000000e-01   3.6657560e-05
   5.5000000e-01   3.2961015e-05
   5.6000000e-01   2.9639750e-05
   5.7000000e-01   2.6655365e-05
   5.8000000e-01   2.3973424e-05
   5.9000000e-01   2.1563046e-05
   6.0000000e-01   1.9396527e-05
   6.1000000e-01   1.7449017e-05
   6.2000000e-01   1.5698219e-05
   6.3000000e-01   1.4124125e-05
   6.4000000e-01   1.2708780e-05
   6.5000000e-01   1.1436064e-05
   6.6000000e-01   1.0291512e-05
   6.7000000e-01   9.2621330e-06
   6.8000000e-01   8.3362650e-06
   6.9000000e-01   7.5034347e-06
   7.0000000e-01   6.7542363e-06
   7.1000000e-01   6.0802216e-06
   7.2000000e-01   5.4738016e-06
   7.3000000e-01   4.9281586e-06
   7.4000000e-01   4.4371672e-06
   7.5000000e-01   3.9953233e-06
   7.6000000e-01   3.5976806e-06
   7.7000000e-01   3.2397938e-06
   7.8000000e-01   2.9176674e-06
   7.9000000e-01   2.6277098e-06
   8.0000000e-01   2.3666925e-06
   8.1000000e-01   2.1317125e-06
   8.2000000e-01   1.9201600e-06
   8.3000000e-01   1.7296882e-06
   8.4000000e-01   1.5581865e-06
   8.5000000e-01   1.4037568e-06
   8.6000000e-01   1.2646921e-06
   8.7000000e-01   1.1394569e-06
   8.8000000e-01   1.0266697e-06
   8.9000000e-01   9.2508802e-07
   9.0000000e-01   8.3359383e-07
   9.1000000e-01   7.5118124e-07
   9.2000000e-01   6.7694513e-07
   9.3000000e-01   6.1007101e-07
   9.4000000e-01   5.4982590e-07
   9.5000000e-01   4.9555013e-07
   9.6000000e-01   4.4664997e-07
   9.7000000e-01   4.0259100e-07
   9.8000000e-01   3.6289214e-07
   9.9000000e-01   3.2712035e-07
   1.0000000e+00   2.9488576e-07
   1.0100000e+00   2.6583736e-07
   1.0200000e+00   2.3965911e-07
   1.0300000e+00   2.1606647e-07
   1.0400000e+00   1.9480318e-07
   1.0500000e+00   1.7563850e-07
   1.0600000e+00   1.5836463e-07
   1.0700000e+00   1.4279441e-07
   1.0800000e+00   1.2875929e-07
   1.0900000e+00   1.1610744e-07
   1.1000000e+00   1.0470212e-07
   1.1100000e+00   9.4420122e-08
   1.1200000e+00   8.5150492e-08
   1.1300000e+00   7.6793254e-08
   1.1400000e+00   6.9258342e-08
   1.1500000e+00   6.2464609e-08
   1.1600000e+00   5.6338943e-08
   1.1700000e+00   5.0815466e-08
   1.1800000e+00   4.5834816e-08
   1.1900000e+00   4.1343501e-08
   1.2000000e+00   3.7293319e-08
   1.2100000e+00   3.3640826e-08
   1.2200000e+00   3.0346873e-08
   1.2300000e+00   2.7376174e-08
   1.2400000e+00   2.4696926e-08
   1.2500000e+00   2.2280464e-08
   1.2600000e+00   2.0100950e-08
   1.2700000e+00   1.8135093e-08
   1.2800000e+00   1.6361900e-08
   1.2900000e+00   1.4762443e-08
   1.3000000e+00   1.3319660e-08
   1.3100000e+00   1.2018169e-08
   1.3200000e+00   1.0844102e-08
   1.3300000e+00   9.7849559e-09
   1.3400000e+00   8.8294564e-09
   1.3500000e+00   7.9674390e-09
   1.3600000e+00   7.1897381e-09
   1.3700000e+00   6.4880890e-09
   1.3800000e+00   5.8550390e-09
   1.3900000e+00   5.2838673e-09
   1.4000000e+00   4.7685133e-09
   1.4100000e+00   4.3035112e-09
   1.4200000e+00   3.8839316e-09
   1.4300000e+00   3.5053290e-09
   1.4400000e+00   3.1636935e-09
   1.4500000e+00   2.8554089e-09
   1.4600000e+00   2.5772132e-09
   1.4700000e+00   2.3261642e-09
   1.4800000e+00   2.0996080e-09
   1.4900000e+00   1.8951508e-09
   1.5000000e+00   1.7106330e-09
   1.5100000e+00   1.5441067e-09
   1.5200000e+00   1.3938145e-09
   1.5300000e+00   1.2581710e-09
   1.5400000e+00   1.1357461e-09
   1.5500000e+00   1.0252495e-09
   1.5600000e+00   9.2551690e-10
   1.5700000e+00   8.3549811e-10
   1.5800000e+00   7.5424546e-10
   1.5900000e+00   6.8090393e-10
   1.6000000e+00   6.1470206e-10
   1.6100000e+00   5.5494373e-10
   1.6200000e+00   5.0100082e-10
   1.6300000e+00   4.5230655e-10
   1.6400000e+00   4.0834947e-10
   1.6500000e+00   3.6866804e-10
   1.6600000e+00   3.3284578e-10
   1.6700000e+00   3.0050685e-10
   1.6800000e+00   2.7131204e-10
   1.6900000e+00   2.4495526e-10
   1.7000000e+00   2.2116024e-10
   1.7100000e+00   1.9967768e-10
   1.7200000e+00   1.8028254e-10
   1.7300000e+00   1.6277174e-10
   1.7400000e+00   1.4696198e-10
   1.7500000e+00   1.3268780e-10
   1.7600000e+00   1.1979990e-10
   1.7700000e+00   1.0816347e-10
   1.7800000e+00   9.7656860e-11
   1.7900000e+00   8.8170252e-11
   1.8000000e+00   7.9604517e-11
