 -4.0000000e-001  1.0000000e+000
 -3.9000000e-001  8.9011314e-001
 -3.8000000e-001  7.9039491e-001
 -3.7000000e-001  7.0004669e-001
 -3.6000000e-001  6.1832880e-001
 -3.5000000e-001  5.4504136e-001
 -3.4000000e-001  4.7900776e-001
 -3.3000000e-001  4.1964623e-001
 -3.2000000e-001  3.6641848e-001
 -3.1000000e-001  3.1918407e-001
 -3.0000000e-001  2.7708267e-001
 -2.9000000e-001  2.3969233e-001
 -2.8000000e-001  2.0662308e-001
 -2.7000000e-001  1.7777808e-001
 -2.6000000e-001  1.5252985e-001
 -2.5000000e-001  1.3057390e-001
 -2.4000000e-001  1.1211323e-001
 -2.3000000e-001  9.7205089e-002
 -2.2000000e-001  8.5082702e-002
 -2.1000000e-001  7.5379055e-002
 -2.0000000e-001  6.5369441e-002
 -1.9000000e-001  5.6827127e-002
 -1.8000000e-001  4.9411772e-002
 -1.7000000e-001  4.2970632e-002
 -1.6000000e-001  3.7372648e-002
 -1.5000000e-001  3.2566601e-002
 -1.4000000e-001  2.8378649e-002
 -1.3000000e-001  2.4728141e-002
 -1.2000000e-001  2.1545272e-002
 -1.1000000e-001  1.8801347e-002
 -1.0000000e-001  1.6404396e-002
 -9.0000000e-002  1.4310324e-002
 -8.0000000e-002  1.2480740e-002
 -7.0000000e-002  1.0898971e-002
 -6.0000000e-002  9.5151236e-003
 -5.0000000e-002  8.3044976e-003
 -4.0000000e-002  7.2455033e-003
 -3.0000000e-002  6.3282387e-003
 -2.0000000e-002  5.5251304e-003
 -1.0000000e-002  4.8221014e-003
  0.0000000e+000  4.2068148e-003
  1.0000000e-002  3.6733176e-003
  2.0000000e-002  3.2061538e-003
  3.0000000e-002  2.7972025e-003
  4.0000000e-002  2.4393332e-003
  5.0000000e-002  2.1289433e-003
  6.0000000e-002  1.8572754e-003
  7.0000000e-002  1.6196039e-003
  8.0000000e-002  1.4117748e-003
  9.0000000e-002  1.2316002e-003
  1.0000000e-001  1.0740676e-003
  1.1000000e-001  9.3640358e-004
  1.2000000e-001  8.1616994e-004
  1.3000000e-001  7.1203122e-004
  1.4000000e-001  6.2111528e-004
  1.5000000e-001  5.4179679e-004
  1.6000000e-001  4.7264649e-004
  1.7000000e-001  4.1285631e-004
  1.8000000e-001  3.6077401e-004
  1.9000000e-001  3.1544544e-004
  2.0000000e-001  2.7603178e-004
  2.1000000e-001  2.4204595e-004
  2.2000000e-001  2.1214500e-004
  2.3000000e-001  1.8584594e-004
  2.4000000e-001  1.6272236e-004
  2.5000000e-001  1.4253801e-004
  2.6000000e-001  1.2478983e-004
  2.7000000e-001  1.0918956e-004
  2.8000000e-001  9.5482640e-005
  2.9000000e-001  8.3523128e-005
  3.0000000e-001  7.3016633e-005
  3.1000000e-001  6.3790760e-005
  3.2000000e-001  5.5693268e-005
  3.3000000e-001  4.8634221e-005
  3.4000000e-001  4.2440854e-005
  3.5000000e-001  3.7009974e-005
  3.6000000e-001  3.2250472e-005
  3.7000000e-001  2.8107103e-005
  3.8000000e-001  2.4478294e-005
  3.9000000e-001  2.1302288e-005
  4.0000000e-001  1.8524581e-005
  4.1000000e-001  1.6111363e-005
  4.2000000e-001  1.4002775e-005
  4.3000000e-001  1.2161834e-005
  4.4000000e-001  1.0555935e-005
  4.5000000e-001  9.1644229e-006
  4.6000000e-001  7.9521579e-006
  4.7000000e-001  6.8971183e-006
  4.8000000e-001  5.9799071e-006
  4.9000000e-001  5.1880322e-006
  5.0000000e-001  4.5008942e-006
  5.1000000e-001  3.9054265e-006
  5.2000000e-001  3.3901344e-006
  5.3000000e-001  2.9475185e-006
  5.4000000e-001  2.5655319e-006
  5.5000000e-001  2.2364605e-006
  5.6000000e-001  1.9535293e-006
  5.7000000e-001  1.7122769e-006
  5.8000000e-001  1.5056851e-006
  5.9000000e-001  1.3292308e-006
  6.0000000e-001  1.1789497e-006
  6.1000000e-001  1.0522174e-006
  6.2000000e-001  9.3915022e-007
  6.3000000e-001  8.3826880e-007
  6.4000000e-001  7.4825485e-007
  6.5000000e-001  6.6841760e-007
  6.6000000e-001  5.9712284e-007
  6.7000000e-001  5.3345309e-007
  6.8000000e-001  4.7658983e-007
  6.9000000e-001  4.2607999e-007
  7.0000000e-001  3.8093630e-007
  7.1000000e-001  3.4058665e-007
  7.2000000e-001  3.0452014e-007
  7.3000000e-001  2.7243942e-007
  7.4000000e-001  2.4374478e-007
  7.5000000e-001  2.1807764e-007
  7.6000000e-001  1.9511756e-007
  7.7000000e-001  1.7466929e-007
  7.8000000e-001  1.5636655e-007
  7.9000000e-001  1.3998356e-007
  8.0000000e-001  1.2531841e-007
  8.1000000e-001  1.1224283e-007
  8.2000000e-001  1.0053194e-007
  8.3000000e-001  9.0042963e-008
  8.4000000e-001  8.0648109e-008
  8.5000000e-001  7.2263118e-008
  8.6000000e-001  6.4749196e-008
  8.7000000e-001  5.8015691e-008
  8.8000000e-001  5.1981420e-008
  8.9000000e-001  4.6591007e-008
  9.0000000e-001  4.1758369e-008
  9.1000000e-001  3.7425739e-008
  9.2000000e-001  3.3541354e-008
  9.3000000e-001  3.0068816e-008
  9.4000000e-001  2.6954478e-008
  9.5000000e-001  2.4161407e-008
  9.6000000e-001  2.1656489e-008
  9.7000000e-001  1.9415796e-008
  9.8000000e-001  1.7405744e-008
  9.9000000e-001  1.5602646e-008
  1.0000000e+000  1.3985257e-008
  1.0100000e+000  1.2537844e-008
  1.0200000e+000  1.1239290e-008
  1.0300000e+000  1.0074365e-008
  1.0400000e+000  9.0293994e-009
  1.0500000e+000  8.0940475e-009
  1.0600000e+000  7.2549786e-009
  1.0700000e+000  6.5023735e-009
  1.0800000e+000  5.8274164e-009
  1.0900000e+000  5.2233038e-009
  1.1000000e+000  4.6815876e-009
  1.1100000e+000  4.1959234e-009
  1.1200000e+000  3.7606128e-009
  1.1300000e+000  3.3711812e-009
  1.1400000e+000  3.0222558e-009
  1.1500000e+000  2.7097290e-009
  1.1600000e+000  2.4299101e-009
  1.1700000e+000  2.1798559e-009
  1.1800000e+000  1.9561383e-009
  1.1900000e+000  1.7560927e-009
  1.2000000e+000  1.5773248e-009
  1.2100000e+000  1.4176827e-009
  1.2200000e+000  1.2739385e-009
  1.2300000e+000  1.1445103e-009
  1.2400000e+000  1.0279735e-009
  1.2500000e+000  9.2304562e-010
  1.2600000e+000  8.2857167e-010
  1.2700000e+000  7.4351172e-010
  1.2800000e+000  6.6692931e-010
  1.2900000e+000  5.9798122e-010
  1.3000000e+000  5.3590813e-010
  1.3100000e+000  4.8002632e-010
  1.3200000e+000  4.2972007e-010
  1.3300000e+000  3.8443493e-010
  1.3400000e+000  3.4367165e-010
  1.3500000e+000  3.0698060e-010
  1.3600000e+000  2.7395693e-010
  1.3700000e+000  2.4423602e-010
  1.3800000e+000  2.1748955e-010
  1.3900000e+000  1.9342184e-010
  1.4000000e+000  1.7176662e-010
  1.4100000e+000  1.5228409e-010
  1.4200000e+000  1.3475832e-010
  1.4300000e+000  1.1899484e-010
  1.4400000e+000  1.0481850e-010
  1.4500000e+000  9.2071592e-011
  1.4600000e+000  8.0612070e-011
  1.4700000e+000  7.0312014e-011
  1.4800000e+000  6.1056221e-011
  1.4900000e+000  5.2740938e-011
  1.5000000e+000  4.5272725e-011
  1.5100000e+000  3.8567431e-011
  1.5200000e+000  3.2549267e-011
  1.5300000e+000  2.7149975e-011
  1.5400000e+000  2.2308082e-011
  1.5500000e+000  1.7968223e-011
  1.5600000e+000  1.4080535e-011
  1.5700000e+000  1.0600109e-011
  1.5800000e+000  7.4864972e-012
  1.5900000e+000  4.7032715e-012
  1.6000000e+000  2.2176224e-012
