  7.5000000e+001  9.4083747e-001
  1.0000000e+002  9.0045142e-001
  1.2500000e+002  8.6149838e-001
  1.5000000e+002  8.2393291e-001
  1.7500000e+002  7.8771090e-001
  2.0000000e+002  7.5278960e-001
  2.2500000e+002  7.1051973e-001
  2.5000000e+002  6.7036198e-001
  2.7500000e+002  6.3221978e-001
  3.0000000e+002  5.9600080e-001
  3.2500000e+002  5.5951740e-001
  3.5000000e+002  5.2504264e-001
  3.7500000e+002  4.9247549e-001
  4.0000000e+002  4.6171980e-001
  4.2500000e+002  4.3268401e-001
  4.5000000e+002  4.0528100e-001
  4.7500000e+002  3.7942783e-001
  5.0000000e+002  3.5504560e-001
  5.2500000e+002  3.3328885e-001
  5.5000000e+002  3.1269090e-001
  5.7500000e+002  2.9319725e-001
  6.0000000e+002  2.7475585e-001
  6.2500000e+002  2.5731694e-001
  6.5000000e+002  2.4083298e-001
  6.7500000e+002  2.2525856e-001
  7.0000000e+002  2.1055030e-001
  7.2500000e+002  1.9666677e-001
  7.5000000e+002  1.8356838e-001
  7.7500000e+002  1.7121735e-001
  8.0000000e+002  1.5957756e-001
  8.2500000e+002  1.4861457e-001
  8.5000000e+002  1.3829546e-001
  8.7500000e+002  1.2858882e-001
  9.0000000e+002  1.1946466e-001
  9.2500000e+002  1.1089435e-001
  9.5000000e+002  1.0285059e-001
  9.7500000e+002  9.5307293e-002
  1.0000000e+003  8.8239593e-002
  1.0250000e+003  8.1623752e-002
  1.0500000e+003  7.5437129e-002
  1.0750000e+003  6.9658127e-002
  1.1000000e+003  6.4266146e-002
  1.1250000e+003  5.9241540e-002
  1.1500000e+003  5.4565576e-002
  1.1750000e+003  5.0220395e-002
  1.2000000e+003  4.6188968e-002
  1.2250000e+003  4.2455066e-002
  1.2500000e+003  3.9003219e-002
  1.2750000e+003  3.5818687e-002
  1.3000000e+003  3.2887425e-002
  1.3250000e+003  3.0174918e-002
  1.3500000e+003  2.7613534e-002
  1.3750000e+003  2.5274442e-002
  1.4000000e+003  2.3137815e-002
  1.4250000e+003  2.1185655e-002
  1.4500000e+003  1.9401618e-002
  1.4750000e+003  1.7770853e-002
  1.5000000e+003  1.6279866e-002
  1.5250000e+003  1.4916384e-002
  1.5500000e+003  1.3669245e-002
  1.5750000e+003  1.2528293e-002
  1.6000000e+003  1.1484283e-002
  1.6250000e+003  1.0528797e-002
  1.6500000e+003  9.6541683e-003
  1.6750000e+003  8.8534113e-003
  1.7000000e+003  8.1201591e-003
  1.7250000e+003  7.4486074e-003
  1.7500000e+003  6.8334629e-003
  1.7750000e+003  6.2698975e-003
  1.8000000e+003  5.7535057e-003
  1.8250000e+003  5.2802668e-003
  1.8500000e+003  4.8465104e-003
  1.8750000e+003  4.4488850e-003
  1.9000000e+003  4.0843296e-003
  1.9250000e+003  3.7500479e-003
  1.9500000e+003  3.4434847e-003
  1.9750000e+003  3.1623050e-003
  2.0000000e+003  2.9043738e-003
  2.0250000e+003  2.6677396e-003
  2.0500000e+003  2.4506173e-003
  2.0750000e+003  2.2513744e-003
  2.1000000e+003  2.0685172e-003
  2.1250000e+003  1.9006792e-003
  2.1500000e+003  1.7466095e-003
  2.1750000e+003  1.6051634e-003
  2.2000000e+003  1.4752927e-003
  2.2250000e+003  1.3560377e-003
  2.2500000e+003  1.2465196e-003
  2.2750000e+003  1.1459333e-003
  2.3000000e+003  1.0535414e-003
  2.3250000e+003  9.6866822e-004
  2.3500000e+003  8.9069462e-004
  2.3750000e+003  8.1905315e-004
  2.4000000e+003  7.5322370e-004
  2.4250000e+003  6.9272945e-004
  2.4500000e+003  6.3713324e-004
  2.4750000e+003  5.8603419e-004
  2.5000000e+003  5.3906465e-004
  2.5250000e+003  4.9588742e-004
  2.5500000e+003  4.5619317e-004
  2.5750000e+003  4.1969812e-004
  2.6000000e+003  3.8614188e-004
  2.6250000e+003  3.5528551e-004
  2.6500000e+003  3.2690972e-004
  2.6750000e+003  3.0081324e-004
  2.7000000e+003  2.7681131e-004
  2.7250000e+003  2.5473432e-004
  2.7500000e+003  2.3442652e-004
  2.7750000e+003  2.1574493e-004
  2.8000000e+003  1.9855823e-004
  2.8250000e+003  1.8274581e-004
  2.8500000e+003  1.6819690e-004
  2.8750000e+003  1.5480974e-004
  2.9000000e+003  1.4249086e-004
  2.9250000e+003  1.3115435e-004
  2.9500000e+003  1.2072132e-004
  2.9750000e+003  1.1111924e-004
  3.0000000e+003  1.0228148e-004
  3.0250000e+003  9.4146781e-005
  3.0500000e+003  8.6658851e-005
  3.0750000e+003  7.9765943e-005
  3.1000000e+003  7.3420483e-005
  3.1250000e+003  6.7578737e-005
  3.1500000e+003  6.2200492e-005
  3.1750000e+003  5.7248773e-005
  3.2000000e+003  5.2689579e-005
  3.2250000e+003  4.8491641e-005
  3.2500000e+003  4.4626200e-005
  3.2750000e+003  4.1066806e-005
  3.3000000e+003  3.7789129e-005
  3.3250000e+003  3.4770788e-005
  3.3500000e+003  3.1991192e-005
  3.3750000e+003  2.9431399e-005
  3.4000000e+003  2.7073980e-005
  3.4250000e+003  2.4902899e-005
  3.4500000e+003  2.2903397e-005
  3.4750000e+003  2.1061896e-005
  3.5000000e+003  1.9365897e-005
  3.5250000e+003  1.7803898e-005
  3.5500000e+003  1.6365313e-005
  3.5750000e+003  1.5040395e-005
  3.6000000e+003  1.3820175e-005
  3.6250000e+003  1.2696394e-005
  3.6500000e+003  1.1661451e-005
  3.6750000e+003  1.0708346e-005
  3.7000000e+003  9.8306346e-006
  3.7250000e+003  9.0223832e-006
  3.7500000e+003  8.2781278e-006
  3.7750000e+003  7.5928369e-006
  3.8000000e+003  6.9618768e-006
  3.8250000e+003  6.3809804e-006
  3.8500000e+003  5.8462172e-006
  3.8750000e+003  5.3539675e-006
  3.9000000e+003  4.9008970e-006
  3.9250000e+003  4.4839344e-006
  3.9500000e+003  4.1002504e-006
  3.9750000e+003  3.7472387e-006
  4.0000000e+003  3.4224983e-006
  4.0250000e+003  3.1238170e-006
  4.0500000e+003  2.8491567e-006
  4.0750000e+003  2.5966395e-006
  4.1000000e+003  2.3645350e-006
  4.1250000e+003  2.1512488e-006
  4.1500000e+003  1.9553117e-006
  4.1750000e+003  1.7753696e-006
  4.2000000e+003  1.6101748e-006
  4.2250000e+003  1.4585773e-006
  4.2500000e+003  1.3195172e-006
  4.2750000e+003  1.1920176e-006
  4.3000000e+003  1.0751782e-006
  4.3250000e+003  9.6816901e-007
  4.3500000e+003  8.7022497e-007
  4.3750000e+003  7.8064087e-007
  4.4000000e+003  6.9876659e-007
  4.4250000e+003  6.2400280e-007
  4.4500000e+003  5.5579696e-007
  4.4750000e+003  4.9363965e-007
  4.5000000e+003  4.3706119e-007
  4.5250000e+003  3.8562854e-007
  4.5500000e+003  3.3894239e-007
  4.5750000e+003  2.9663457e-007
  4.6000000e+003  2.5836558e-007
  4.6250000e+003  2.2382233e-007
  4.6500000e+003  1.9271613e-007
  4.6750000e+003  1.6478073e-007
  4.7000000e+003  1.3977058e-007
  4.7250000e+003  1.1745925e-007
  4.7500000e+003  9.7637863e-008
  4.7750000e+003  8.0113805e-008
  4.8000000e+003  6.4709402e-008
  4.8250000e+003  5.1260775e-008
  4.8500000e+003  3.9616764e-008
  4.8750000e+003  2.9637932e-008
  4.9000000e+003  2.1195658e-008
  4.9250000e+003  1.4171290e-008
  4.9500000e+003  8.4553708e-009
  4.9750000e+003  3.9469241e-009
  5.0000000e+003  5.5279225e-010
