  -4.0000000e-01   1.0000000e+00
  -3.9000000e-01   8.9935423e-01
  -3.8000000e-01   8.4888488e-01
  -3.7000000e-01   8.0100615e-01
  -3.6000000e-01   7.5559498e-01
  -3.5000000e-01   7.1253394e-01
  -3.4000000e-01   6.7171095e-01
  -3.3000000e-01   6.3301908e-01
  -3.2000000e-01   5.9635628e-01
  -3.1000000e-01   5.6162517e-01
  -3.0000000e-01   5.2873286e-01
  -2.9000000e-01   4.9759073e-01
  -2.8000000e-01   4.6811422e-01
  -2.7000000e-01   4.4022269e-01
  -2.6000000e-01   4.1383922e-01
  -2.5000000e-01   3.8889045e-01
  -2.4000000e-01   3.6530641e-01
  -2.3000000e-01   3.4302038e-01
  -2.2000000e-01   3.2196874e-01
  -2.1000000e-01   3.0209084e-01
  -2.0000000e-01   2.8332885e-01
  -1.9000000e-01   2.6562764e-01
  -1.8000000e-01   2.4893466e-01
  -1.7000000e-01   2.3319983e-01
  -1.6000000e-01   2.1837540e-01
  -1.5000000e-01   2.0441590e-01
  -1.4000000e-01   1.9127796e-01
  -1.3000000e-01   1.7892029e-01
  -1.2000000e-01   1.6730355e-01
  -1.1000000e-01   1.5639023e-01
  -1.0000000e-01   1.4614465e-01
  -9.0000000e-02   1.3653280e-01
  -8.0000000e-02   1.2752228e-01
  -7.0000000e-02   1.1908226e-01
  -6.0000000e-02   1.1118337e-01
  -5.0000000e-02   1.0379766e-01
  -4.0000000e-02   9.6898522e-02
  -3.0000000e-02   9.0460616e-02
  -2.0000000e-02   8.4459839e-02
  -1.0000000e-02   7.8873249e-02
   0.0000000e+00   7.3679019e-02
   1.0000000e-02   6.8856379e-02
   2.0000000e-02   6.4385576e-02
   3.0000000e-02   6.0247819e-02
   4.0000000e-02   5.6425237e-02
   5.0000000e-02   5.2900839e-02
   6.0000000e-02   4.9129249e-02
   7.0000000e-02   4.5580894e-02
   8.0000000e-02   4.2293781e-02
   9.0000000e-02   3.9247826e-02
   1.0000000e-01   3.6424576e-02
   1.1000000e-01   3.3807063e-02
   1.2000000e-01   3.1379683e-02
   1.3000000e-01   2.9128072e-02
   1.4000000e-01   2.7039007e-02
   1.5000000e-01   2.5100305e-02
   1.6000000e-01   2.3300739e-02
   1.7000000e-01   2.1629955e-02
   1.8000000e-01   2.0078406e-02
   1.9000000e-01   1.8637280e-02
   2.0000000e-01   1.7298443e-02
   2.1000000e-01   1.6054384e-02
   2.2000000e-01   1.4898163e-02
   2.3000000e-01   1.3823369e-02
   2.4000000e-01   1.2824074e-02
   2.5000000e-01   1.1894797e-02
   2.6000000e-01   1.1030469e-02
   2.7000000e-01   1.0226399e-02
   2.8000000e-01   9.4782454e-03
   2.9000000e-01   8.7819905e-03
   3.0000000e-01   8.1339129e-03
   3.1000000e-01   7.5305659e-03
   3.2000000e-01   6.9687567e-03
   3.3000000e-01   6.4455266e-03
   3.4000000e-01   5.9581332e-03
   3.5000000e-01   5.5040343e-03
   3.6000000e-01   5.0808727e-03
   3.7000000e-01   4.6864621e-03
   3.8000000e-01   4.3187746e-03
   3.9000000e-01   3.9759285e-03
   4.0000000e-01   3.6561779e-03
   4.1000000e-01   3.2847614e-03
   4.2000000e-01   2.9512738e-03
   4.3000000e-01   2.6518170e-03
   4.4000000e-01   2.3828971e-03
   4.5000000e-01   2.1413813e-03
   4.6000000e-01   1.9244606e-03
   4.7000000e-01   1.7296160e-03
   4.8000000e-01   1.5545883e-03
   4.9000000e-01   1.3973511e-03
   5.0000000e-01   1.2560863e-03
   5.1000000e-01   1.1291631e-03
   5.2000000e-01   1.0151182e-03
   5.3000000e-01   9.1263839e-04
   5.4000000e-01   8.2054520e-04
   5.5000000e-01   7.3778098e-04
   5.6000000e-01   6.6339636e-04
   5.7000000e-01   5.9653912e-04
   5.8000000e-01   5.3644418e-04
   5.9000000e-01   4.8242463e-04
   6.0000000e-01   4.3386368e-04
   6.1000000e-01   3.9020749e-04
   6.2000000e-01   3.5095869e-04
   6.3000000e-01   3.1567056e-04
   6.4000000e-01   2.8394189e-04
   6.5000000e-01   2.5541230e-04
   6.6000000e-01   2.2975805e-04
   6.7000000e-01   2.0668831e-04
   6.8000000e-01   1.8594178e-04
   6.9000000e-01   1.6728370e-04
   7.0000000e-01   1.5050313e-04
   7.1000000e-01   1.3541052e-04
   7.2000000e-01   1.2183552e-04
   7.3000000e-01   1.0962504e-04
   7.4000000e-01   9.8641513e-05
   7.5000000e-01   8.8761260e-05
   7.6000000e-01   7.9873132e-05
   7.7000000e-01   7.1877214e-05
   7.8000000e-01   6.4683686e-05
   7.9000000e-01   5.8211802e-05
   8.0000000e-01   5.2388968e-05
   8.1000000e-01   4.7149916e-05
   8.2000000e-01   4.2435961e-05
   8.3000000e-01   3.8194339e-05
   8.4000000e-01   3.4377599e-05
   8.5000000e-01   3.0943076e-05
   8.6000000e-01   2.7852399e-05
   8.7000000e-01   2.5071061e-05
   8.8000000e-01   2.2568028e-05
   8.9000000e-01   2.0315386e-05
   9.0000000e-01   1.8288031e-05
   9.1000000e-01   1.6463382e-05
   9.2000000e-01   1.4821125e-05
   9.3000000e-01   1.3342990e-05
   9.4000000e-01   1.2012540e-05
   9.5000000e-01   1.0814988e-05
   9.6000000e-01   9.7370317e-06
   9.7000000e-01   8.7667039e-06
   9.8000000e-01   7.8932368e-06
   9.9000000e-01   7.1069428e-06
   1.0000000e+00   6.3991052e-06
   1.0100000e+00   5.7618808e-06
   1.0200000e+00   5.1882124e-06
   1.0300000e+00   4.6717494e-06
   1.0400000e+00   4.2067771e-06
   1.0500000e+00   3.7881530e-06
   1.0600000e+00   3.4112491e-06
   1.0700000e+00   3.0719005e-06
   1.0800000e+00   2.7663588e-06
   1.0900000e+00   2.4912506e-06
   1.1000000e+00   2.2435396e-06
   1.1100000e+00   2.0204930e-06
   1.1200000e+00   1.8196513e-06
   1.1300000e+00   1.6388004e-06
   1.1400000e+00   1.4759475e-06
   1.1500000e+00   1.3292988e-06
   1.1600000e+00   1.1972395e-06
   1.1700000e+00   1.0783162e-06
   1.1800000e+00   9.7122036e-07
   1.1900000e+00   8.7477398e-07
   1.2000000e+00   7.8791665e-07
   1.2100000e+00   7.0969370e-07
   1.2200000e+00   6.3924563e-07
   1.2300000e+00   5.7579866e-07
   1.2400000e+00   5.1865611e-07
   1.2500000e+00   4.6719074e-07
   1.2600000e+00   4.2083780e-07
   1.2700000e+00   3.7908881e-07
   1.2800000e+00   3.4148592e-07
   1.2900000e+00   3.0761688e-07
   1.3000000e+00   2.7711050e-07
   1.3100000e+00   2.4963252e-07
   1.3200000e+00   2.2488196e-07
   1.3300000e+00   2.0258780e-07
   1.3400000e+00   1.8250597e-07
   1.3500000e+00   1.6441669e-07
   1.3600000e+00   1.4812205e-07
   1.3700000e+00   1.3344380e-07
   1.3800000e+00   1.2022143e-07
   1.3900000e+00   1.0831039e-07
   1.4000000e+00   9.7580492e-08
   1.4100000e+00   8.7914492e-08
   1.4200000e+00   7.9206795e-08
   1.4300000e+00   7.1362300e-08
   1.4400000e+00   6.4295352e-08
   1.4500000e+00   5.7928808e-08
   1.4600000e+00   5.2193185e-08
   1.4700000e+00   4.7025900e-08
   1.4800000e+00   4.2370585e-08
   1.4900000e+00   3.8176468e-08
   1.5000000e+00   3.4397818e-08
   1.5100000e+00   3.0993443e-08
   1.5200000e+00   2.7926238e-08
   1.5300000e+00   2.5162782e-08
   1.5400000e+00   2.2672967e-08
   1.5500000e+00   2.0429676e-08
   1.5600000e+00   1.8408478e-08
   1.5700000e+00   1.6587368e-08
   1.5800000e+00   1.4946523e-08
   1.5900000e+00   1.3468084e-08
   1.6000000e+00   1.2135965e-08
   1.6100000e+00   1.0935673e-08
   1.6200000e+00   9.8541531e-09
   1.6300000e+00   8.8796430e-09
   1.6400000e+00   8.0015473e-09
   1.6500000e+00   7.2103202e-09
   1.6600000e+00   6.4973618e-09
   1.6700000e+00   5.8549243e-09
   1.6800000e+00   5.2760274e-09
   1.6900000e+00   4.7543823e-09
   1.7000000e+00   4.2843232e-09
   1.7100000e+00   3.8607454e-09
   1.7200000e+00   3.4790496e-09
   1.7300000e+00   3.1350921e-09
   1.7400000e+00   2.8251394e-09
   1.7500000e+00   2.5458277e-09
   1.7600000e+00   2.2941260e-09
   1.7700000e+00   2.0673036e-09
   1.7800000e+00   1.8628999e-09
   1.7900000e+00   1.6786979e-09
   1.8000000e+00   1.5126999e-09
