 -4.0000000e-001             NaN
 -3.9000000e-001             NaN
 -3.8000000e-001             NaN
 -3.7000000e-001             NaN
 -3.6000000e-001             NaN
 -3.5000000e-001             NaN
 -3.4000000e-001             NaN
 -3.3000000e-001             NaN
 -3.2000000e-001             NaN
 -3.1000000e-001             NaN
 -3.0000000e-001             NaN
 -2.9000000e-001             NaN
 -2.8000000e-001             NaN
 -2.7000000e-001             NaN
 -2.6000000e-001             NaN
 -2.5000000e-001             NaN
 -2.4000000e-001             NaN
 -2.3000000e-001             NaN
 -2.2000000e-001             NaN
 -2.1000000e-001             NaN
 -2.0000000e-001  1.0000000e+000
 -1.9000000e-001  8.2110385e-001
 -1.8000000e-001  6.7197102e-001
 -1.7000000e-001  5.4791085e-001
 -1.6000000e-001  4.4494717e-001
 -1.5000000e-001  3.5971203e-001
 -1.4000000e-001  2.8935503e-001
 -1.3000000e-001  2.3146587e-001
 -1.2000000e-001  1.8400827e-001
 -1.1000000e-001  1.4526364e-001
 -1.0000000e-001  1.1378296e-001
 -9.0000000e-002  8.8345958e-002
 -8.0000000e-002  6.7926128e-002
 -7.0000000e-002  5.1661124e-002
 -6.0000000e-002  3.6085058e-002
 -5.0000000e-002  2.5963638e-002
 -4.0000000e-002  1.9698986e-002
 -3.0000000e-002  1.4972405e-002
 -2.0000000e-002  1.1398012e-002
 -1.0000000e-002  8.6893710e-003
  0.0000000e+000  6.6330070e-003
  1.0000000e-002  5.0692567e-003
  2.0000000e-002  3.8783329e-003
  3.0000000e-002  2.9701164e-003
  4.0000000e-002  2.2766415e-003
  5.0000000e-002  1.7465367e-003
  6.0000000e-002  1.3408958e-003
  7.0000000e-002  1.0302010e-003
  8.0000000e-002  7.9202014e-004
  9.0000000e-002  6.0928127e-004
  1.0000000e-001  4.6897385e-004
  1.1000000e-001  3.6117042e-004
  1.2000000e-001  2.7828736e-004
  1.3000000e-001  2.1452548e-004
  1.4000000e-001  1.6544585e-004
  1.5000000e-001  1.2764771e-004
  1.6000000e-001  9.8523485e-005
  1.7000000e-001  7.6072276e-005
  1.8000000e-001  5.8757596e-005
  1.9000000e-001  4.5398794e-005
  2.0000000e-001  3.5088083e-005
  2.1000000e-001  2.7127071e-005
  2.2000000e-001  2.0978165e-005
  2.3000000e-001  1.6227339e-005
  2.4000000e-001  1.2555574e-005
  2.5000000e-001  9.7169503e-006
  2.6000000e-001  7.5218133e-006
  2.7000000e-001  5.8238423e-006
  2.8000000e-001  4.5101065e-006
  2.9000000e-001  3.4934136e-006
  3.0000000e-001  2.7064212e-006
  3.1000000e-001  2.0971010e-006
  3.2000000e-001  1.6252436e-006
  3.3000000e-001  1.2597650e-006
  3.4000000e-001  9.7662885e-007
  3.5000000e-001  7.5724367e-007
  3.6000000e-001  5.8722584e-007
  3.7000000e-001  4.5544455e-007
  3.8000000e-001  3.5328428e-007
  3.9000000e-001  2.7407490e-007
  4.0000000e-001  2.1265140e-007
  4.1000000e-001  1.6501338e-007
  4.2000000e-001  1.2806194e-007
  4.3000000e-001  9.9396064e-008
  4.4000000e-001  7.7155108e-008
  4.5000000e-001  5.9896979e-008
  4.6000000e-001  4.6503785e-008
  4.7000000e-001  3.6108821e-008
  4.8000000e-001  2.8040033e-008
  4.9000000e-001  2.1776222e-008
  5.0000000e-001  1.6913132e-008
  5.1000000e-001  1.3137169e-008
  5.2000000e-001  1.0205037e-008
  5.3000000e-001  7.9279572e-009
  5.4000000e-001  6.1594341e-009
  5.5000000e-001  4.7857729e-009
  5.6000000e-001  3.7187254e-009
  5.7000000e-001  2.8897877e-009
  5.8000000e-001  2.2457770e-009
  5.9000000e-001  1.7454015e-009
  6.0000000e-001  1.3565980e-009
  6.1000000e-001  1.0544679e-009
  6.2000000e-001  8.1967385e-010
  6.3000000e-001  6.3719685e-010
  6.4000000e-001  4.9537061e-010
  6.5000000e-001  3.8513258e-010
  6.6000000e-001  2.9944220e-010
  6.7000000e-001  2.3282941e-010
  6.8000000e-001  1.8104400e-010
  6.9000000e-001  1.4078336e-010
  7.0000000e-001  1.0948102e-010
  7.1000000e-001  8.5142437e-011
  7.2000000e-001  6.6217466e-011
  7.3000000e-001  5.1501248e-011
  7.4000000e-001  4.0057253e-011
  7.5000000e-001  3.1157480e-011
  7.6000000e-001  2.4235991e-011
  7.7000000e-001  1.8852809e-011
  7.8000000e-001  1.4665868e-011
  7.9000000e-001  1.1409208e-011
  8.0000000e-001  8.8760307e-012
  8.1000000e-001  6.9055348e-012
  8.2000000e-001  5.3726763e-012
  8.3000000e-001  4.1802140e-012
  8.4000000e-001  3.2525237e-012
  8.5000000e-001  2.5307906e-012
  8.6000000e-001  1.9692707e-012
  8.7000000e-001  1.5323845e-012
  8.8000000e-001  1.1924576e-012
  8.9000000e-001  9.2796292e-013
  9.0000000e-001  7.2215522e-013
  9.1000000e-001  5.6200791e-013
  9.2000000e-001  4.3738711e-013
  9.3000000e-001  3.4040893e-013
  9.4000000e-001  2.6493970e-013
  9.5000000e-001  2.0620729e-013
  9.6000000e-001  1.6049873e-013
  9.7000000e-001  1.2492506e-013
  9.8000000e-001  9.7238370e-014
  9.9000000e-001  7.5689500e-014
  1.0000000e+000  5.8917352e-014
