 -4.0000000e-001  1.0000000e+000
 -3.9000000e-001  9.2785077e-001
 -3.8000000e-001  8.5736542e-001
 -3.7000000e-001  7.9468013e-001
 -3.6000000e-001  7.4102144e-001
 -3.5000000e-001  6.9775456e-001
 -3.4000000e-001  6.6282020e-001
 -3.3000000e-001  6.3451524e-001
 -3.2000000e-001  5.9007862e-001
 -3.1000000e-001  5.5079739e-001
 -3.0000000e-001  5.1581014e-001
 -2.9000000e-001  4.8442319e-001
 -2.8000000e-001  4.5620304e-001
 -2.7000000e-001  4.3340009e-001
 -2.6000000e-001  4.1488056e-001
 -2.5000000e-001  3.9798395e-001
 -2.4000000e-001  3.8204819e-001
 -2.3000000e-001  3.5721311e-001
 -2.2000000e-001  3.3385432e-001
 -2.1000000e-001  3.1195737e-001
 -2.0000000e-001  2.9142419e-001
 -1.9000000e-001  2.7213977e-001
 -1.8000000e-001  2.5400065e-001
 -1.7000000e-001  2.3694166e-001
 -1.6000000e-001  2.2090251e-001
 -1.5000000e-001  2.0582676e-001
 -1.4000000e-001  1.9166175e-001
 -1.3000000e-001  1.7835784e-001
 -1.2000000e-001  1.6586806e-001
 -1.1000000e-001  1.5414793e-001
 -1.0000000e-001  1.4315531e-001
 -9.0000000e-002  1.3285024e-001
 -8.0000000e-002  1.2319486e-001
 -7.0000000e-002  1.1415326e-001
 -6.0000000e-002  1.0569138e-001
 -5.0000000e-002  9.7776946e-002
 -4.0000000e-002  9.0379342e-002
 -3.0000000e-002  8.3469552e-002
 -2.0000000e-002  7.7020067e-002
 -1.0000000e-002  7.1004813e-002
  0.0000000e+000  6.5399080e-002
  1.0000000e-002  6.0179451e-002
  2.0000000e-002  5.5323740e-002
  3.0000000e-002  5.0810931e-002
  4.0000000e-002  4.6621114e-002
  5.0000000e-002  4.2735436e-002
  6.0000000e-002  3.9136046e-002
  7.0000000e-002  3.5806041e-002
  8.0000000e-002  3.2729424e-002
  9.0000000e-002  2.9891053e-002
  1.0000000e-001  2.7276602e-002
  1.1000000e-001  2.4872515e-002
  1.2000000e-001  2.2665972e-002
  1.3000000e-001  2.0644849e-002
  1.4000000e-001  1.8797681e-002
  1.5000000e-001  1.7113633e-002
  1.6000000e-001  1.5599895e-002
  1.7000000e-001  1.4262675e-002
  1.8000000e-001  1.3090096e-002
  1.9000000e-001  1.2070959e-002
  2.0000000e-001  8.7510938e-003
  2.1000000e-001  6.3001735e-003
  2.2000000e-001  4.5246318e-003
  2.3000000e-001  3.2706837e-003
  2.4000000e-001  2.4165370e-003
  2.5000000e-001  1.6346660e-003
  2.6000000e-001  1.1451072e-003
  2.7000000e-001  7.9372476e-004
  2.8000000e-001  5.4286095e-004
  2.9000000e-001  3.6487450e-004
  3.0000000e-001  3.1431138e-004
  3.1000000e-001  2.7223369e-004
  3.2000000e-001  2.3754140e-004
  3.3000000e-001  2.0926231e-004
  3.4000000e-001  1.8653805e-004
  3.5000000e-001  1.6861159e-004
  3.6000000e-001  1.5358322e-004
  3.7000000e-001  1.3989899e-004
  3.8000000e-001  1.2743817e-004
  3.9000000e-001  1.1609096e-004
  4.0000000e-001  1.0575744e-004
  4.1000000e-001  9.6346717e-005
  4.2000000e-001  8.7776089e-005
  4.3000000e-001  7.9970297e-005
  4.4000000e-001  7.2860854e-005
  4.5000000e-001  6.6385436e-005
  4.6000000e-001  6.0487320e-005
  4.7000000e-001  5.5114878e-005
  4.8000000e-001  5.0221120e-005
  4.9000000e-001  4.5763271e-005
  5.0000000e-001  4.1702395e-005
  5.1000000e-001  3.8003044e-005
  5.2000000e-001  3.4632950e-005
  5.3000000e-001  3.1562732e-005
  5.4000000e-001  2.8765643e-005
  5.5000000e-001  2.6217325e-005
  5.6000000e-001  2.3895605e-005
  5.7000000e-001  2.1780286e-005
  5.8000000e-001  1.9852983e-005
  5.9000000e-001  1.8096948e-005
  6.0000000e-001  1.6496933e-005
  6.1000000e-001  1.5039048e-005
  6.2000000e-001  1.3710647e-005
  6.3000000e-001  1.2500208e-005
  6.4000000e-001  1.1397239e-005
  6.5000000e-001  1.0392184e-005
  6.6000000e-001  9.4763376e-006
  6.7000000e-001  8.6417704e-006
  6.8000000e-001  7.8812598e-006
  6.9000000e-001  7.1882262e-006
  7.0000000e-001  6.5566760e-006
  7.1000000e-001  5.9811491e-006
  7.2000000e-001  5.4566711e-006
  7.3000000e-001  4.9787103e-006
  7.4000000e-001  4.5431383e-006
  7.5000000e-001  4.1461934e-006
  7.6000000e-001  3.7844487e-006
  7.7000000e-001  3.4547816e-006
  7.8000000e-001  3.1543473e-006
  7.9000000e-001  2.9188339e-006
  8.0000000e-001  2.7009352e-006
  8.1000000e-001  2.4993309e-006
  8.2000000e-001  2.3127998e-006
  8.3000000e-001  2.1402128e-006
  8.4000000e-001  1.9805252e-006
  8.5000000e-001  1.8327711e-006
  8.6000000e-001  1.6960569e-006
  8.7000000e-001  1.5695562e-006
  8.8000000e-001  1.4525046e-006
  8.9000000e-001  1.3441948e-006
  9.0000000e-001  1.2439730e-006
  9.1000000e-001  1.1512340e-006
  9.2000000e-001  1.0654183e-006
  9.3000000e-001  9.8600807e-007
  9.4000000e-001  9.1252442e-007
  9.5000000e-001  8.4452433e-007
  9.6000000e-001  7.8159795e-007
  9.7000000e-001  7.2336612e-007
  9.8000000e-001  6.6947807e-007
  9.9000000e-001  6.1960930e-007
  1.0000000e+000  5.7345958e-007
  1.0100000e+000  5.3075115e-007
  1.0200000e+000  4.9122704e-007
  1.0300000e+000  4.5464950e-007
  1.0400000e+000  4.2079856e-007
  1.0500000e+000  3.8947070e-007
  1.0600000e+000  3.6047760e-007
  1.0700000e+000  3.3364504e-007
  1.0800000e+000  3.0881182e-007
  1.0900000e+000  2.8582878e-007
  1.1000000e+000  2.6455790e-007
  1.1100000e+000  2.4487147e-007
  1.1200000e+000  2.2665134e-007
  1.1300000e+000  2.0978815e-007
  1.1400000e+000  1.9418075e-007
  1.1500000e+000  1.7973549e-007
  1.1600000e+000  1.6636577e-007
  1.1700000e+000  1.5399140e-007
  1.1800000e+000  1.4253820e-007
  1.1900000e+000  1.3193754e-007
  1.2000000e+000  1.2212588e-007
  1.2100000e+000  1.1304445e-007
  1.2200000e+000  1.0463883e-007
  1.2300000e+000  9.6858690e-008
  1.2400000e+000  8.9657441e-008
  1.2500000e+000  8.2991969e-008
  1.2600000e+000  7.6822374e-008
  1.2700000e+000  7.1111731e-008
  1.2800000e+000  6.5825868e-008
  1.2900000e+000  6.0933162e-008
  1.3000000e+000  5.6404342e-008
  1.3100000e+000  5.2212324e-008
  1.3200000e+000  4.8332038e-008
  1.3300000e+000  4.4740283e-008
  1.3400000e+000  4.1415588e-008
  1.3500000e+000  3.8338079e-008
  1.3600000e+000  3.5489364e-008
  1.3700000e+000  3.2852420e-008
  1.3800000e+000  3.0411493e-008
  1.3900000e+000  2.8152000e-008
  1.4000000e+000  2.6060445e-008
  1.4100000e+000  2.4124338e-008
  1.4200000e+000  2.2332116e-008
  1.4300000e+000  2.0673080e-008
  1.4400000e+000  1.9137324e-008
  1.4500000e+000  1.7715682e-008
  1.4600000e+000  1.6399669e-008
  1.4700000e+000  1.5181432e-008
  1.4800000e+000  1.4053700e-008
  1.4900000e+000  1.3009747e-008
  1.5000000e+000  1.2043344e-008
  1.5100000e+000  1.1148727e-008
  1.5200000e+000  1.0320560e-008
  1.5300000e+000  9.5539047e-009
  1.5400000e+000  8.8441897e-009
  1.5500000e+000  8.1871835e-009
  1.5600000e+000  7.5789693e-009
  1.5700000e+000  7.0159216e-009
  1.5800000e+000  6.4946846e-009
  1.5900000e+000  6.0121517e-009
  1.6000000e+000  5.5654476e-009
  1.6100000e+000  5.1519106e-009
  1.6200000e+000  4.7690768e-009
  1.6300000e+000  4.4146656e-009
  1.6400000e+000  4.0865659e-009
  1.6500000e+000  3.7828233e-009
  1.6600000e+000  3.5016289e-009
  1.6700000e+000  3.2413080e-009
  1.6800000e+000  3.0003107e-009
  1.6900000e+000  2.7772018e-009
  1.7000000e+000  2.5706531e-009
  1.7100000e+000  2.3794350e-009
  1.7200000e+000  2.2024091e-009
  1.7300000e+000  2.0385217e-009
  1.7400000e+000  1.8867975e-009
  1.7500000e+000  1.7463334e-009
  1.7600000e+000  1.6162935e-009
  1.7700000e+000  1.4959040e-009
  1.7800000e+000  1.3844486e-009
  1.7900000e+000  1.2812640e-009
  1.8000000e+000  1.1857365e-009
