 -4.0000000e-001  1.0000000e+000
 -3.9000000e-001  9.2864106e-001
 -3.8000000e-001  8.5728212e-001
 -3.7000000e-001  7.9887932e-001
 -3.6000000e-001  7.4047651e-001
 -3.5000000e-001  7.0072163e-001
 -3.4000000e-001  6.6096674e-001
 -3.3000000e-001  6.3476328e-001
 -3.2000000e-001  6.0855982e-001
 -3.1000000e-001  5.6990262e-001
 -3.0000000e-001  5.3124542e-001
 -2.9000000e-001  4.9997770e-001
 -2.8000000e-001  4.6870999e-001
 -2.7000000e-001  4.4701137e-001
 -2.6000000e-001  4.2531276e-001
 -2.5000000e-001  4.0805749e-001
 -2.4000000e-001  3.9080221e-001
 -2.3000000e-001  3.7529298e-001
 -2.2000000e-001  3.5978375e-001
 -2.1000000e-001  3.3703816e-001
 -2.0000000e-001  3.1429257e-001
 -1.9000000e-001  2.9427280e-001
 -1.8000000e-001  2.7425302e-001
 -1.7000000e-001  2.5653366e-001
 -1.6000000e-001  2.3881429e-001
 -1.5000000e-001  2.2314766e-001
 -1.4000000e-001  2.0748104e-001
 -1.3000000e-001  1.9364956e-001
 -1.2000000e-001  1.7981809e-001
 -1.1000000e-001  1.6762752e-001
 -1.0000000e-001  1.5543696e-001
 -9.0000000e-002  1.4471288e-001
 -8.0000000e-002  1.3398881e-001
 -7.0000000e-002  1.2457443e-001
 -6.0000000e-002  1.1516004e-001
 -5.0000000e-002  1.0691435e-001
 -4.0000000e-002  9.8668655e-002
 -3.0000000e-002  9.1464867e-002
 -2.0000000e-002  8.4261080e-002
 -1.0000000e-002  7.7985239e-002
  0.0000000e+000  7.1709399e-002
  1.0000000e-002  6.6259122e-002
  2.0000000e-002  6.0808844e-002
  3.0000000e-002  5.6092192e-002
  4.0000000e-002  5.1375540e-002
  5.0000000e-002  4.7310004e-002
  6.0000000e-002  4.3244467e-002
  7.0000000e-002  3.9756043e-002
  8.0000000e-002  3.6267620e-002
  9.0000000e-002  3.3289979e-002
  1.0000000e-001  3.0312339e-002
  1.1000000e-001  2.7786072e-002
  1.2000000e-001  2.5259805e-002
  1.3000000e-001  2.3131737e-002
  1.4000000e-001  2.1003668e-002
  1.5000000e-001  1.9226244e-002
  1.6000000e-001  1.7448819e-002
  1.7000000e-001  1.6014588e-002
  1.8000000e-001  1.4580357e-002
  1.9000000e-001  1.3478047e-002
  2.0000000e-001  1.2375736e-002
  2.1000000e-001  9.5111484e-003
  2.2000000e-001  6.6465607e-003
  2.3000000e-001  5.1471780e-003
  2.4000000e-001  3.6477952e-003
  2.5000000e-001  2.6285129e-003
  2.6000000e-001  1.6092307e-003
  2.7000000e-001  1.1959922e-003
  2.8000000e-001  7.8275374e-004
  2.9000000e-001  5.7240648e-004
  3.0000000e-001  3.6205923e-004
  3.1000000e-001  3.1600525e-004
  3.2000000e-001  2.6995128e-004
  3.3000000e-001  2.3872648e-004
  3.4000000e-001  2.0750169e-004
  3.5000000e-001  1.8742637e-004
  3.6000000e-001  1.6735106e-004
  3.7000000e-001  1.5312739e-004
  3.8000000e-001  1.3890373e-004
  3.9000000e-001  1.2710544e-004
  4.0000000e-001  1.1530714e-004
  4.1000000e-001  1.0551931e-004
  4.2000000e-001  9.5731477e-005
  4.3000000e-001  8.7610467e-005
  4.4000000e-001  7.9489457e-005
  4.5000000e-001  7.2750600e-005
  4.6000000e-001  6.6011744e-005
  4.7000000e-001  6.0419169e-005
  4.8000000e-001  5.4826593e-005
  4.9000000e-001  5.0184816e-005
  5.0000000e-001  4.5543040e-005
  5.1000000e-001  4.1690025e-005
  5.2000000e-001  3.7837011e-005
  5.3000000e-001  3.4638420e-005
  5.4000000e-001  3.1439829e-005
  5.5000000e-001  2.8784269e-005
  5.6000000e-001  2.6128709e-005
  5.7000000e-001  2.3923800e-005
  5.8000000e-001  2.1718890e-005
  5.9000000e-001  1.9888006e-005
  6.0000000e-001  1.8057121e-005
  6.1000000e-001  1.6536698e-005
  6.2000000e-001  1.5016274e-005
  6.3000000e-001  1.3753574e-005
  6.4000000e-001  1.2490873e-005
  6.5000000e-001  1.1442137e-005
  6.6000000e-001  1.0393400e-005
  6.7000000e-001  9.5223126e-006
  6.8000000e-001  8.6512252e-006
  6.9000000e-001  7.9276481e-006
  7.0000000e-001  7.2040709e-006
  7.1000000e-001  6.6029876e-006
  7.2000000e-001  6.0019044e-006
  7.3000000e-001  5.5025486e-006
  7.4000000e-001  5.0031928e-006
  7.5000000e-001  4.5883245e-006
  7.6000000e-001  4.1734562e-006
  7.7000000e-001  3.8287617e-006
  7.8000000e-001  3.4840672e-006
  7.9000000e-001  3.1976616e-006
  8.0000000e-001  2.9112559e-006
  8.1000000e-001  2.7022128e-006
  8.2000000e-001  2.4931697e-006
  8.3000000e-001  2.3141898e-006
  8.4000000e-001  2.1352099e-006
  8.5000000e-001  1.9819622e-006
  8.6000000e-001  1.8287144e-006
  8.7000000e-001  1.6974932e-006
  8.8000000e-001  1.5662719e-006
  8.9000000e-001  1.4539062e-006
  9.0000000e-001  1.3415404e-006
  9.1000000e-001  1.2453166e-006
  9.2000000e-001  1.1490928e-006
  9.3000000e-001  1.0666886e-006
  9.4000000e-001  9.8428439e-007
  9.5000000e-001  9.1371226e-007
  9.6000000e-001  8.4314012e-007
  9.7000000e-001  7.8269879e-007
  9.8000000e-001  7.2225747e-007
  9.9000000e-001  6.7049074e-007
  1.0000000e+000  6.1872401e-007
  1.0100000e+000  5.7438532e-007
  1.0200000e+000  5.3004662e-007
  1.0300000e+000  4.9206881e-007
  1.0400000e+000  4.5409100e-007
  1.0500000e+000  4.2156046e-007
  1.0600000e+000  3.8902992e-007
  1.0700000e+000  3.6116445e-007
  1.0800000e+000  3.3329898e-007
  1.0900000e+000  3.0942885e-007
  1.1000000e+000  2.8555872e-007
  1.1100000e+000  2.6511048e-007
  1.1200000e+000  2.4466223e-007
  1.1300000e+000  2.2714483e-007
  1.1400000e+000  2.0962744e-007
  1.1500000e+000  1.9462039e-007
  1.1600000e+000  1.7961335e-007
  1.1700000e+000  1.6675657e-007
  1.1800000e+000  1.5389979e-007
  1.1900000e+000  1.4288489e-007
  1.2000000e+000  1.3187000e-007
  1.2100000e+000  1.2243288e-007
  1.2200000e+000  1.1299577e-007
  1.2300000e+000  1.0491023e-007
  1.2400000e+000  9.6824701e-008
  1.2500000e+000  8.9897019e-008
  1.2600000e+000  8.2969336e-008
  1.2700000e+000  7.7033566e-008
  1.2800000e+000  7.1097796e-008
  1.2900000e+000  6.6011805e-008
  1.3000000e+000  6.0925815e-008
  1.3100000e+000  5.6567856e-008
  1.3200000e+000  5.2209897e-008
  1.3300000e+000  4.8475681e-008
  1.3400000e+000  4.4741464e-008
  1.3500000e+000  4.1541653e-008
  1.3600000e+000  3.8341842e-008
  1.3700000e+000  3.5599905e-008
  1.3800000e+000  3.2857968e-008
  1.3900000e+000  3.0508342e-008
  1.4000000e+000  2.8158717e-008
  1.4100000e+000  2.6145237e-008
  1.4200000e+000  2.4131757e-008
  1.4300000e+000  2.2406302e-008
  1.4400000e+000  2.0680846e-008
  1.4500000e+000  1.9202190e-008
  1.4600000e+000  1.7723534e-008
  1.4700000e+000  1.6456356e-008
  1.4800000e+000  1.5189178e-008
  1.4900000e+000  1.4103216e-008
  1.5000000e+000  1.3017253e-008
  1.5100000e+000  1.2086577e-008
  1.5200000e+000  1.1155900e-008
  1.5300000e+000  1.0358294e-008
  1.5400000e+000  9.5606873e-009
  1.5500000e+000  8.8771144e-009
  1.5600000e+000  8.1935415e-009
  1.5700000e+000  7.6076911e-009
  1.5800000e+000  7.0218406e-009
  1.5900000e+000  6.5197359e-009
  1.6000000e+000  6.0176311e-009
  1.6100000e+000  5.5872955e-009
  1.6200000e+000  5.1569599e-009
  1.6300000e+000  4.7881307e-009
  1.6400000e+000  4.4193014e-009
  1.6500000e+000  4.1031841e-009
  1.6600000e+000  3.7870667e-009
  1.6700000e+000  3.5161250e-009
  1.6800000e+000  3.2451832e-009
  1.6900000e+000  3.0129588e-009
  1.7000000e+000  2.7807344e-009
  1.7100000e+000  2.5816927e-009
  1.7200000e+000  2.3826511e-009
  1.7300000e+000  2.2120492e-009
  1.7400000e+000  2.0414473e-009
  1.7500000e+000  1.8952205e-009
  1.7600000e+000  1.7489936e-009
  1.7700000e+000  1.6236583e-009
  1.7800000e+000  1.4983230e-009
  1.7900000e+000  1.3908938e-009
  1.8000000e+000  1.2834645e-009
