   0.0000000e+00             NaN
   2.5000000e+01             NaN
   5.0000000e+01             NaN
   7.5000000e+01             NaN
   1.0000000e+02             NaN
   1.2500000e+02             NaN
   1.5000000e+02             NaN
   1.7500000e+02             NaN
   2.0000000e+02   1.0000000e+00
   2.2500000e+02   8.9491869e-01
   2.5000000e+02   7.9933493e-01
   2.7500000e+02   7.1260895e-01
   3.0000000e+02   6.3409794e-01
   3.2500000e+02   5.6317381e-01
   3.5000000e+02   4.9923357e-01
   3.7500000e+02   4.4170518e-01
   4.0000000e+02   3.9005046e-01
   4.2500000e+02   3.4376622e-01
   4.5000000e+02   3.0238420e-01
   4.7500000e+02   2.6547025e-01
   5.0000000e+02   2.3262305e-01
   5.2500000e+02   2.0347254e-01
   5.5000000e+02   1.7767816e-01
   5.7500000e+02   1.5492708e-01
   6.0000000e+02   1.3493239e-01
   6.2500000e+02   1.1743130e-01
   6.5000000e+02   1.0218340e-01
   6.7500000e+02   8.8969057e-02
   7.0000000e+02   7.7587770e-02
   7.2500000e+02   6.7856732e-02
   7.5000000e+02   5.9609413e-02
   7.7500000e+02   5.2694256e-02
   8.0000000e+02   4.6973456e-02
   8.2500000e+02   4.2045980e-02
   8.5000000e+02   3.7652454e-02
   8.7500000e+02   3.3732590e-02
   9.0000000e+02   3.0233266e-02
   9.2500000e+02   2.7107623e-02
   9.5000000e+02   2.4314275e-02
   9.7500000e+02   2.1816636e-02
   1.0000000e+03   1.9582325e-02
   1.0250000e+03   1.7582662e-02
   1.0500000e+03   1.5792220e-02
   1.0750000e+03   1.4188436e-02
   1.1000000e+03   1.2751273e-02
   1.1250000e+03   1.1462925e-02
   1.1500000e+03   1.0307558e-02
   1.1750000e+03   9.2710772e-03
   1.2000000e+03   8.3409340e-03
   1.2250000e+03   7.5059457e-03
   1.2500000e+03   6.7561420e-03
   1.2750000e+03   6.0826285e-03
   1.3000000e+03   5.4774664e-03
   1.3250000e+03   4.9335660e-03
   1.3500000e+03   4.4445929e-03
   1.3750000e+03   4.0048850e-03
   1.4000000e+03   3.6093786e-03
   1.4250000e+03   3.2535433e-03
   1.4500000e+03   2.9333241e-03
   1.4750000e+03   2.6450902e-03
   1.5000000e+03   2.3855892e-03
   1.5250000e+03   2.1519067e-03
   1.5500000e+03   1.9414300e-03
   1.5750000e+03   1.7518166e-03
   1.6000000e+03   1.5809649e-03
   1.6250000e+03   1.4269893e-03
   1.6500000e+03   1.2881972e-03
   1.6750000e+03   1.1630690e-03
   1.7000000e+03   1.0502398e-03
   1.7250000e+03   9.4848365e-04
   1.7500000e+03   8.5669864e-04
   1.7750000e+03   7.7389447e-04
   1.8000000e+03   6.9918078e-04
   1.8250000e+03   6.3175685e-04
   1.8500000e+03   5.7090245e-04
   1.8750000e+03   5.1596957e-04
   1.9000000e+03   4.6637506e-04
   1.9250000e+03   4.2159403e-04
   1.9500000e+03   3.8115391e-04
   1.9750000e+03   3.4462916e-04
   2.0000000e+03   3.1163654e-04
   2.0250000e+03   2.8183077e-04
   2.0500000e+03   2.5490078e-04
   2.0750000e+03   2.3056624e-04
   2.1000000e+03   2.0857447e-04
   2.1250000e+03   1.8869768e-04
   2.1500000e+03   1.7073052e-04
   2.1750000e+03   1.5448776e-04
   2.2000000e+03   1.3980237e-04
   2.2250000e+03   1.2652365e-04
   2.2500000e+03   1.1451567e-04
   2.2750000e+03   1.0365575e-04
   2.3000000e+03   9.3833186e-05
   2.3250000e+03   8.4948045e-05
   2.3500000e+03   7.6910127e-05
   2.3750000e+03   6.9637990e-05
   2.4000000e+03   6.3058096e-05
   2.4250000e+03   5.7104035e-05
   2.4500000e+03   5.1715825e-05
   2.4750000e+03   4.6839285e-05
   2.5000000e+03   4.2425467e-05
   2.5250000e+03   3.8430145e-05
   2.5500000e+03   3.4813357e-05
   2.5750000e+03   3.1538987e-05
   2.6000000e+03   2.8574395e-05
   2.6250000e+03   2.5890074e-05
   2.6500000e+03   2.3459352e-05
   2.6750000e+03   2.1258114e-05
   2.7000000e+03   1.9264555e-05
   2.7250000e+03   1.7458958e-05
   2.7500000e+03   1.5823491e-05
   2.7750000e+03   1.4342026e-05
   2.8000000e+03   1.2999975e-05
   2.8250000e+03   1.1784140e-05
   2.8500000e+03   1.0682582e-05
   2.8750000e+03   9.6844999e-06
   2.9000000e+03   8.7801178e-06
   2.9250000e+03   7.9605909e-06
   2.9500000e+03   7.2179142e-06
   2.9750000e+03   6.5448427e-06
   3.0000000e+03   5.9348183e-06
   3.0250000e+03   5.3819048e-06
   3.0500000e+03   4.8807281e-06
   3.0750000e+03   4.4264229e-06
   3.1000000e+03   4.0145839e-06
   3.1250000e+03   3.6412221e-06
   3.1500000e+03   3.3027256e-06
   3.1750000e+03   2.9958231e-06
   3.2000000e+03   2.7175521e-06
   3.2250000e+03   2.4652292e-06
   3.2500000e+03   2.2364239e-06
   3.2750000e+03   2.0289345e-06
   3.3000000e+03   1.8407664e-06
   3.3250000e+03   1.6701127e-06
   3.3500000e+03   1.5153363e-06
   3.3750000e+03   1.3749537e-06
   3.4000000e+03   1.2476209e-06
   3.4250000e+03   1.1321198e-06
   3.4500000e+03   1.0273466e-06
   3.4750000e+03   9.3230099e-07
   3.5000000e+03   8.4607623e-07
   3.5250000e+03   7.6785058e-07
   3.5500000e+03   6.9687914e-07
   3.5750000e+03   6.3248670e-07
   3.6000000e+03   5.7406114e-07
   3.6250000e+03   5.2104756e-07
   3.6500000e+03   4.7294284e-07
   3.6750000e+03   4.2929086e-07
   3.7000000e+03   3.8967802e-07
   3.7250000e+03   3.5372932e-07
   3.7500000e+03   3.2110467e-07
   3.7750000e+03   2.9149572e-07
   3.8000000e+03   2.6462279e-07
   3.8250000e+03   2.4023225e-07
   3.8500000e+03   2.1809407e-07
   3.8750000e+03   1.9799962e-07
   3.9000000e+03   1.7975964e-07
   3.9250000e+03   1.6320249e-07
   3.9500000e+03   1.4817244e-07
   3.9750000e+03   1.3452826e-07
   4.0000000e+03   1.2214179e-07
