  0.0000000e+000  1.0000000e+000
  5.0000000e+000  9.2764784e-001
  1.0000000e+001  8.6004461e-001
  1.5000000e+001  7.9690163e-001
  2.0000000e+001  7.3794707e-001
  2.5000000e+001  6.8292498e-001
  3.0000000e+001  6.3159437e-001
  3.5000000e+001  5.8372841e-001
  4.0000000e+001  5.3911357e-001
  4.5000000e+001  4.9754890e-001
  5.0000000e+001  4.5884529e-001
  5.5000000e+001  4.2282483e-001
  6.0000000e+001  3.8932011e-001
  6.5000000e+001  3.5817365e-001
  7.0000000e+001  3.2923737e-001
  7.5000000e+001  3.0237196e-001
  8.0000000e+001  2.7744646e-001
  8.5000000e+001  2.5433775e-001
  9.0000000e+001  2.3293006e-001
  9.5000000e+001  2.1311461e-001
  1.0000000e+002  1.9478916e-001
  1.0500000e+002  1.7785764e-001
  1.1000000e+002  1.6222981e-001
  1.1500000e+002  1.4782090e-001
  1.2000000e+002  1.3455129e-001
  1.2500000e+002  1.2234623e-001
  1.3000000e+002  1.1113554e-001
  1.3500000e+002  1.0085334e-001
  1.4000000e+002  9.1437813e-002
  1.4500000e+002  8.2830946e-002
  1.5000000e+002  7.4978322e-002
  1.5500000e+002  6.7828899e-002
  1.6000000e+002  6.1334817e-002
  1.6500000e+002  5.5451201e-002
  1.7000000e+002  5.0135992e-002
  1.7500000e+002  4.5349775e-002
  1.8000000e+002  4.1055623e-002
  1.8500000e+002  3.6764097e-002
  1.9000000e+002  3.2932989e-002
  1.9500000e+002  2.9511245e-002
  2.0000000e+002  2.6453711e-002
  2.0500000e+002  2.3720418e-002
  2.1000000e+002  2.1275956e-002
  2.1500000e+002  1.9088927e-002
  2.2000000e+002  1.7131471e-002
  2.2500000e+002  1.5378848e-002
  2.3000000e+002  1.3809073e-002
  2.3500000e+002  1.2402596e-002
  2.4000000e+002  1.1142023e-002
  2.4500000e+002  1.0011870e-002
  2.5000000e+002  8.9983409e-003
  2.5500000e+002  8.0891413e-003
  2.6000000e+002  7.2733074e-003
  2.6500000e+002  6.5410575e-003
  2.7000000e+002  5.8836605e-003
  2.7500000e+002  5.2933195e-003
  2.8000000e+002  4.7630689e-003
  2.8500000e+002  4.2866829e-003
  2.9000000e+002  3.8585953e-003
  2.9500000e+002  3.4738272e-003
  3.0000000e+002  3.1279233e-003
  3.0500000e+002  2.8168962e-003
  3.1000000e+002  2.5371751e-003
  3.1500000e+002  2.2855620e-003
  3.2000000e+002  2.0591913e-003
  3.2500000e+002  1.8554949e-003
  3.3000000e+002  1.6721705e-003
  3.3500000e+002  1.5071534e-003
  3.4000000e+002  1.3585916e-003
  3.4500000e+002  1.2248234e-003
  3.5000000e+002  1.1043574e-003
  3.5500000e+002  9.9585505e-004
  3.6000000e+002  8.9811419e-004
  3.6500000e+002  8.1005533e-004
  3.7000000e+002  7.3070869e-004
  3.7500000e+002  6.5920297e-004
  3.8000000e+002  5.9475512e-004
  3.8500000e+002  5.3666130e-004
  3.9000000e+002  4.8428874e-004
  3.9500000e+002  4.3706843e-004
  4.0000000e+002  3.9448864e-004
  4.0500000e+002  3.5608904e-004
  4.1000000e+002  3.2145548e-004
  4.1500000e+002  2.9021529e-004
  4.2000000e+002  2.6203308e-004
  4.2500000e+002  2.3660695e-004
  4.3000000e+002  2.1366511e-004
  4.3500000e+002  1.9296284e-004
  4.4000000e+002  1.7427976e-004
  4.4500000e+002  1.5741738e-004
  4.5000000e+002  1.4219692e-004
  4.5500000e+002  1.2845729e-004
  4.6000000e+002  1.1605337e-004
  4.6500000e+002  1.0485436e-004
  4.7000000e+002  9.4742402e-005
  4.7500000e+002  8.5611244e-005
  4.8000000e+002  7.7365113e-005
  4.8500000e+002  6.9917660e-005
  4.9000000e+002  6.3191027e-005
  4.9500000e+002  5.7115004e-005
  5.0000000e+002  5.1626270e-005
  5.0500000e+002  4.6667713e-005
  5.1000000e+002  4.2187814e-005
  5.1500000e+002  3.8140096e-005
  5.2000000e+002  3.4482625e-005
  5.2500000e+002  3.1177565e-005
  5.3000000e+002  2.8190770e-005
  5.3500000e+002  2.5491426e-005
  5.4000000e+002  2.3051720e-005
  5.4500000e+002  2.0846549e-005
  5.5000000e+002  1.8853249e-005
  5.5500000e+002  1.7051362e-005
  5.6000000e+002  1.5422415e-005
  5.6500000e+002  1.3949729e-005
  5.7000000e+002  1.2618243e-005
  5.7500000e+002  1.1414354e-005
  5.8000000e+002  1.0325779e-005
  5.8500000e+002  9.3414222e-006
  5.9000000e+002  8.4512613e-006
  5.9500000e+002  7.6462430e-006
  6.0000000e+002  6.9181885e-006
  6.0500000e+002  6.2597085e-006
  6.1000000e+002  5.6641267e-006
  6.1500000e+002  5.1254104e-006
  6.2000000e+002  4.6381084e-006
  6.2500000e+002  4.1972943e-006
  6.3000000e+002  3.7985160e-006
  6.3500000e+002  3.4377497e-006
  6.4000000e+002  3.1113583e-006
  6.4500000e+002  2.8160544e-006
  6.5000000e+002  2.5488663e-006
  6.5500000e+002  2.3071074e-006
  6.6000000e+002  2.0883491e-006
  6.6500000e+002  1.8903954e-006
  6.7000000e+002  1.7112612e-006
  6.7500000e+002  1.5491510e-006
  6.8000000e+002  1.4024418e-006
  6.8500000e+002  1.2696656e-006
  6.9000000e+002  1.1494950e-006
  6.9500000e+002  1.0407294e-006
  7.0000000e+002  9.4228299e-007
  7.0500000e+002  8.5317379e-007
  7.1000000e+002  7.7251351e-007
  7.1500000e+002  6.9949868e-007
  7.2000000e+002  6.3340250e-007
  7.2500000e+002  5.7356749e-007
  7.3000000e+002  5.1939885e-007
  7.3500000e+002  4.7035848e-007
  7.4000000e+002  4.2595952e-007
  7.4500000e+002  3.8576151e-007
  7.5000000e+002  3.4936587e-007
  7.5500000e+002  3.1641201e-007
  7.6000000e+002  2.8657358e-007
  7.6500000e+002  2.5955532e-007
  7.7000000e+002  2.3508998e-007
  7.7500000e+002  2.1293576e-007
  7.8000000e+002  1.9287378e-007
  7.8500000e+002  1.7470599e-007
  7.9000000e+002  1.5825310e-007
  7.9500000e+002  1.4335287e-007
  8.0000000e+002  1.2985842e-007
  8.0500000e+002  1.1763683e-007
  8.1000000e+002  1.0656776e-007
  8.1500000e+002  9.6542272e-008
  8.2000000e+002  8.7461773e-008
  8.2500000e+002  7.9236992e-008
  8.3000000e+002  7.1787115e-008
  8.3500000e+002  6.5038981e-008
  8.4000000e+002  5.8926349e-008
  8.4500000e+002  5.3389249e-008
  8.5000000e+002  4.8373381e-008
  8.5500000e+002  4.3829580e-008
  8.6000000e+002  3.9713330e-008
  8.6500000e+002  3.5984321e-008
  8.7000000e+002  3.2606053e-008
  8.7500000e+002  2.9545474e-008
  8.8000000e+002  2.6772651e-008
  8.8500000e+002  2.4260479e-008
  8.9000000e+002  2.1984413e-008
  8.9500000e+002  1.9922220e-008
  9.0000000e+002  1.8053769e-008
