 -4.0000000e-001  1.0000000e+000
 -3.9000000e-001  8.9636000e-001
 -3.8000000e-001  8.0207849e-001
 -3.7000000e-001  7.1642894e-001
 -3.6000000e-001  6.3873805e-001
 -3.5000000e-001  5.6838199e-001
 -3.4000000e-001  5.0478292e-001
 -3.3000000e-001  4.4740570e-001
 -3.2000000e-001  3.9575485e-001
 -3.1000000e-001  3.4937179e-001
 -3.0000000e-001  3.0783215e-001
 -2.9000000e-001  2.7074334e-001
 -2.8000000e-001  2.3774229e-001
 -2.7000000e-001  2.0849332e-001
 -2.6000000e-001  1.8268617e-001
 -2.5000000e-001  1.6003415e-001
 -2.4000000e-001  1.4027249e-001
 -2.3000000e-001  1.2315667e-001
 -2.2000000e-001  1.0846103e-001
 -2.1000000e-001  9.5977330e-002
 -2.0000000e-001  8.4283524e-002
 -1.9000000e-001  7.4077717e-002
 -1.8000000e-001  6.5157571e-002
 -1.7000000e-001  5.7350735e-002
 -1.6000000e-001  5.0509915e-002
 -1.5000000e-001  4.4508856e-002
 -1.4000000e-001  3.9239041e-002
 -1.3000000e-001  3.4606970e-002
 -1.2000000e-001  3.0531898e-002
 -1.1000000e-001  2.6943952e-002
 -1.0000000e-001  2.3782548e-002
 -9.0000000e-002  2.0995069e-002
 -8.0000000e-002  1.8535739e-002
 -7.0000000e-002  1.6364675e-002
 -6.0000000e-002  1.4447078e-002
 -5.0000000e-002  1.2752546e-002
 -4.0000000e-002  1.1254488e-002
 -3.0000000e-002  9.9296158e-003
 -2.0000000e-002  8.7575137e-003
 -1.0000000e-002  7.7202670e-003
  0.0000000e+000  6.8021395e-003
  1.0000000e-002  5.9892969e-003
  2.0000000e-002  5.2695663e-003
  3.0000000e-002  4.6322285e-003
  4.0000000e-002  4.0678369e-003
  5.0000000e-002  3.5680609e-003
  6.0000000e-002  3.1255488e-003
  7.0000000e-002  2.7338089e-003
  8.0000000e-002  2.3871049e-003
  9.0000000e-002  2.0803657e-003
  1.0000000e-001  1.8091052e-003
  1.1000000e-001  1.5693531e-003
  1.2000000e-001  1.3575938e-003
  1.3000000e-001  1.1707126e-003
  1.4000000e-001  1.0059489e-003
  1.5000000e-001  8.6085484e-004
  1.6000000e-001  7.3325898e-004
  1.7000000e-001  6.2123422e-004
  1.8000000e-001  5.2306975e-004
  1.9000000e-001  4.3724613e-004
  2.0000000e-001  3.6241346e-004
  2.1000000e-001  2.9737201e-004
  2.2000000e-001  2.4105521e-004
  2.3000000e-001  1.9251452e-004
  2.4000000e-001  1.5090615e-004
  2.5000000e-001  1.1547924e-004
  2.6000000e-001  8.5565481e-005
  2.7000000e-001  6.0569826e-005
  2.8000000e-001  3.9962353e-005
  2.9000000e-001  2.3271006e-005
  3.0000000e-001             NaN
  3.1000000e-001             NaN
  3.2000000e-001             NaN
  3.3000000e-001             NaN
  3.4000000e-001             NaN
  3.5000000e-001             NaN
  3.6000000e-001             NaN
  3.7000000e-001             NaN
  3.8000000e-001             NaN
  3.9000000e-001             NaN
  4.0000000e-001             NaN
  4.1000000e-001             NaN
  4.2000000e-001             NaN
  4.3000000e-001             NaN
  4.4000000e-001             NaN
  4.5000000e-001             NaN
  4.6000000e-001             NaN
  4.7000000e-001             NaN
  4.8000000e-001             NaN
  4.9000000e-001             NaN
  5.0000000e-001             NaN
  5.1000000e-001             NaN
  5.2000000e-001             NaN
  5.3000000e-001             NaN
  5.4000000e-001             NaN
  5.5000000e-001             NaN
  5.6000000e-001             NaN
  5.7000000e-001             NaN
  5.8000000e-001             NaN
  5.9000000e-001             NaN
  6.0000000e-001             NaN
  6.1000000e-001             NaN
  6.2000000e-001             NaN
  6.3000000e-001             NaN
  6.4000000e-001             NaN
  6.5000000e-001             NaN
  6.6000000e-001             NaN
  6.7000000e-001             NaN
  6.8000000e-001             NaN
  6.9000000e-001             NaN
  7.0000000e-001             NaN
  7.1000000e-001             NaN
  7.2000000e-001             NaN
  7.3000000e-001             NaN
  7.4000000e-001             NaN
  7.5000000e-001             NaN
  7.6000000e-001             NaN
  7.7000000e-001             NaN
  7.8000000e-001             NaN
  7.9000000e-001             NaN
  8.0000000e-001             NaN
  8.1000000e-001             NaN
  8.2000000e-001             NaN
  8.3000000e-001             NaN
  8.4000000e-001             NaN
  8.5000000e-001             NaN
  8.6000000e-001             NaN
  8.7000000e-001             NaN
  8.8000000e-001             NaN
  8.9000000e-001             NaN
  9.0000000e-001             NaN
  9.1000000e-001             NaN
  9.2000000e-001             NaN
  9.3000000e-001             NaN
  9.4000000e-001             NaN
  9.5000000e-001             NaN
  9.6000000e-001             NaN
  9.7000000e-001             NaN
  9.8000000e-001             NaN
  9.9000000e-001             NaN
  1.0000000e+000             NaN
  1.0100000e+000             NaN
  1.0200000e+000             NaN
  1.0300000e+000             NaN
  1.0400000e+000             NaN
  1.0500000e+000             NaN
  1.0600000e+000             NaN
  1.0700000e+000             NaN
  1.0800000e+000             NaN
  1.0900000e+000             NaN
  1.1000000e+000             NaN
  1.1100000e+000             NaN
  1.1200000e+000             NaN
  1.1300000e+000             NaN
  1.1400000e+000             NaN
  1.1500000e+000             NaN
  1.1600000e+000             NaN
  1.1700000e+000             NaN
  1.1800000e+000             NaN
  1.1900000e+000             NaN
  1.2000000e+000             NaN
  1.2100000e+000             NaN
  1.2200000e+000             NaN
  1.2300000e+000             NaN
  1.2400000e+000             NaN
  1.2500000e+000             NaN
  1.2600000e+000             NaN
  1.2700000e+000             NaN
  1.2800000e+000             NaN
  1.2900000e+000             NaN
  1.3000000e+000             NaN
  1.3100000e+000             NaN
  1.3200000e+000             NaN
  1.3300000e+000             NaN
  1.3400000e+000             NaN
  1.3500000e+000             NaN
  1.3600000e+000             NaN
  1.3700000e+000             NaN
  1.3800000e+000             NaN
  1.3900000e+000             NaN
  1.4000000e+000             NaN
  1.4100000e+000             NaN
  1.4200000e+000             NaN
  1.4300000e+000             NaN
  1.4400000e+000             NaN
  1.4500000e+000             NaN
  1.4600000e+000             NaN
  1.4700000e+000             NaN
  1.4800000e+000             NaN
  1.4900000e+000             NaN
  1.5000000e+000             NaN
  1.5100000e+000             NaN
  1.5200000e+000             NaN
  1.5300000e+000             NaN
  1.5400000e+000             NaN
  1.5500000e+000             NaN
  1.5600000e+000             NaN
  1.5700000e+000             NaN
  1.5800000e+000             NaN
  1.5900000e+000             NaN
  1.6000000e+000             NaN
  1.6100000e+000             NaN
  1.6200000e+000             NaN
  1.6300000e+000             NaN
  1.6400000e+000             NaN
  1.6500000e+000             NaN
  1.6600000e+000             NaN
  1.6700000e+000             NaN
  1.6800000e+000             NaN
  1.6900000e+000             NaN
  1.7000000e+000             NaN
  1.7100000e+000             NaN
  1.7200000e+000             NaN
  1.7300000e+000             NaN
  1.7400000e+000             NaN
  1.7500000e+000             NaN
  1.7600000e+000             NaN
  1.7700000e+000             NaN
  1.7800000e+000             NaN
  1.7900000e+000             NaN
  1.8000000e+000             NaN
