   7.5000000e+02   1.0000000e+00
   1.0000000e+03   9.2613000e-01
   1.2500000e+03   8.0143370e-01
   1.5000000e+03   6.9210806e-01
   1.7500000e+03   5.8099712e-01
   2.0000000e+03   4.8670371e-01
   2.2500000e+03   4.0684574e-01
   2.5000000e+03   3.3936692e-01
   2.7500000e+03   2.8249330e-01
   3.0000000e+03   2.3469549e-01
   3.2500000e+03   1.9465585e-01
   3.5000000e+03   1.6123999e-01
   3.7500000e+03   1.3885820e-01
   4.0000000e+03   1.1922229e-01
   4.2500000e+03   1.0205514e-01
   4.5000000e+03   8.7105665e-02
   4.7500000e+03   7.5583814e-02
   5.0000000e+03   6.5166049e-02
   5.2500000e+03   5.5775642e-02
   5.5000000e+03   4.7340715e-02
   5.7500000e+03   3.9793949e-02
   6.0000000e+03   3.2960986e-02
   6.2500000e+03   2.7288297e-02
   6.5000000e+03   2.2589196e-02
   6.7500000e+03   1.8690188e-02
   7.0000000e+03   1.5449941e-02
   7.2500000e+03   1.2755484e-02
   7.5000000e+03   1.0536590e-02
   7.7500000e+03   8.7083061e-03
   8.0000000e+03   7.2002925e-03
   8.2500000e+03   5.9552118e-03
   8.5000000e+03   4.9262478e-03
   8.7500000e+03   4.0751170e-03
   9.0000000e+03   3.3704693e-03
   9.2500000e+03   2.7865989e-03
   9.5000000e+03   2.3024020e-03
   9.7500000e+03   1.9005333e-03
   1.0000000e+04   1.5667211e-03
   1.0250000e+04   1.2892109e-03
   1.0500000e+04   1.0583122e-03
   1.0750000e+04   8.6602901e-04
   1.1000000e+04   7.0503121e-04
   1.1250000e+04   5.7321713e-04
   1.1500000e+04   4.6622588e-04
   1.1750000e+04   3.7934352e-04
   1.2000000e+04   3.0876000e-04
   1.2250000e+04   2.5139390e-04
   1.2500000e+04   2.0475158e-04
   1.2750000e+04   1.6681391e-04
   1.3000000e+04   1.3594509e-04
   1.3250000e+04   1.1081917e-04
   1.3500000e+04   9.0360832e-05
   1.3750000e+04   7.3697583e-05
   1.4000000e+04   6.0121196e-05
   1.4250000e+04   4.9056521e-05
   1.4500000e+04   4.0036282e-05
   1.4750000e+04   3.2680696e-05
   1.5000000e+04   2.6680966e-05
   1.5250000e+04   2.1785923e-05
   1.5500000e+04   1.7791198e-05
   1.5750000e+04   1.4530443e-05
   1.6000000e+04   1.1868212e-05
   1.6250000e+04   9.6941890e-06
   1.6500000e+04   7.9184922e-06
   1.6750000e+04   6.4678711e-06
   1.7000000e+04   5.2826106e-06
   1.7250000e+04   4.3140163e-06
   1.7500000e+04   3.5223700e-06
   1.7750000e+04   2.8752666e-06
   1.8000000e+04   2.3462612e-06
   1.8250000e+04   1.9137670e-06
   1.8500000e+04   1.5601592e-06
   1.8750000e+04   1.2710444e-06
   1.9000000e+04   1.0346654e-06
   1.9250000e+04   8.4141635e-07
   1.9500000e+04   6.8344765e-07
   1.9750000e+04   5.5434326e-07
   2.0000000e+04   4.4885805e-07
   2.0250000e+04   3.6270321e-07
   2.0500000e+04   2.9237130e-07
   2.0750000e+04   2.3499330e-07
   2.1000000e+04   1.8822206e-07
   2.1250000e+04   1.5013700e-07
   2.1500000e+04   1.1916636e-07
   2.1750000e+04   9.4023585e-08
   2.2000000e+04   7.3655473e-08
