 -4.0000000e-001             NaN
 -3.9000000e-001             NaN
 -3.8000000e-001             NaN
 -3.7000000e-001             NaN
 -3.6000000e-001             NaN
 -3.5000000e-001             NaN
 -3.4000000e-001             NaN
 -3.3000000e-001             NaN
 -3.2000000e-001             NaN
 -3.1000000e-001             NaN
 -3.0000000e-001             NaN
 -2.9000000e-001             NaN
 -2.8000000e-001             NaN
 -2.7000000e-001             NaN
 -2.6000000e-001             NaN
 -2.5000000e-001  1.0000000e+000
 -2.4000000e-001  8.6608727e-001
 -2.3000000e-001  7.4880840e-001
 -2.2000000e-001  6.4622306e-001
 -2.1000000e-001  5.5660926e-001
 -2.0000000e-001  4.7843943e-001
 -1.9000000e-001  4.1035902e-001
 -1.8000000e-001  3.5116743e-001
 -1.7000000e-001  2.9980097e-001
 -1.6000000e-001  2.5531775e-001
 -1.5000000e-001  2.1688410e-001
 -1.4000000e-001  1.8376253e-001
 -1.3000000e-001  1.5530100e-001
 -1.2000000e-001  1.3092335e-001
 -1.1000000e-001  1.1012075e-001
 -1.0000000e-001  9.2444139e-002
 -9.0000000e-002  7.7497450e-002
 -8.0000000e-002  6.4931614e-002
 -7.0000000e-002  5.4439197e-002
 -6.0000000e-002  4.4926808e-002
 -5.0000000e-002  3.7612240e-002
 -4.0000000e-002  3.2110515e-002
 -3.0000000e-002  2.7426713e-002
 -2.0000000e-002  2.3432967e-002
 -1.0000000e-002  2.0022521e-002
  0.0000000e+000  1.7106000e-002
  1.0000000e-002  1.4608396e-002
  2.0000000e-002  1.2466612e-002
  3.0000000e-002  1.0627464e-002
  4.0000000e-002  9.0460407e-003
  5.0000000e-002  7.6843455e-003
  6.0000000e-002  6.5101859e-003
  7.0000000e-002  5.4962448e-003
  8.0000000e-002  4.6193108e-003
  9.0000000e-002  3.8596365e-003
  1.0000000e-001  3.2004020e-003
  1.1000000e-001  2.5159478e-003
  1.2000000e-001  1.9786105e-003
  1.3000000e-001  1.5565810e-003
  1.4000000e-001  1.2249760e-003
  1.5000000e-001  9.6431801e-004
  1.6000000e-001  7.5935127e-004
  1.7000000e-001  5.9812002e-004
  1.8000000e-001  4.7124959e-004
  1.9000000e-001  3.7138549e-004
  2.0000000e-001  2.9275536e-004
  2.1000000e-001  2.3082654e-004
  2.2000000e-001  1.8203837e-004
  2.3000000e-001  1.4359259e-004
  2.4000000e-001  1.1328931e-004
  2.5000000e-001  8.9398401e-005
  2.6000000e-001  7.0558748e-005
  2.7000000e-001  5.5699186e-005
  2.8000000e-001  4.3976481e-005
  2.9000000e-001  3.4726635e-005
  3.0000000e-001  2.7426642e-005
  3.1000000e-001  2.1664446e-005
  3.2000000e-001  1.7115318e-005
  3.3000000e-001  1.3523289e-005
  3.4000000e-001  1.0686547e-005
  3.5000000e-001  8.4459398e-006
  3.6000000e-001  6.6759332e-006
  3.7000000e-001  5.2774902e-006
  3.8000000e-001  4.1724628e-006
  3.9000000e-001  3.2991747e-006
  4.0000000e-001  2.6089410e-006
  4.1000000e-001  2.0633253e-006
  4.2000000e-001  1.6319772e-006
  4.3000000e-001  1.2909278e-006
  4.4000000e-001  1.0212448e-006
  4.5000000e-001  8.0797247e-007
  4.6000000e-001  6.3929412e-007
  4.7000000e-001  5.0587254e-007
  4.8000000e-001  4.0032856e-007
  4.9000000e-001  3.1682978e-007
  5.0000000e-001  2.5076581e-007
  5.1000000e-001  1.9849177e-007
  5.2000000e-001  1.5712582e-007
  5.3000000e-001  1.2438917e-007
  5.4000000e-001  9.8479674e-008
  5.5000000e-001  7.7972025e-008
  5.6000000e-001  6.1738825e-008
  5.7000000e-001  4.8888246e-008
  5.8000000e-001  3.8714737e-008
  5.9000000e-001  3.0660075e-008
  6.0000000e-001  2.4282558e-008
  6.1000000e-001  1.9232657e-008
  6.2000000e-001  1.5233761e-008
  6.3000000e-001  1.2066945e-008
  6.4000000e-001  9.5589296e-009
  6.5000000e-001  7.5725536e-009
  6.6000000e-001  5.9992372e-009
  6.7000000e-001  4.7530212e-009
  6.8000000e-001  3.7658497e-009
  6.9000000e-001  2.9838379e-009
  7.0000000e-001  2.3643185e-009
  7.1000000e-001  1.8735047e-009
  7.2000000e-001  1.4846400e-009
  7.3000000e-001  1.1765346e-009
  7.4000000e-001  9.3240574e-010
  7.5000000e-001  7.3896095e-010
  7.6000000e-001  5.8567129e-010
  7.7000000e-001  4.6419655e-010
  7.8000000e-001  3.6792985e-010
  7.9000000e-001  2.9163720e-010
  8.0000000e-001  2.3117201e-010
  8.1000000e-001  1.8324902e-010
  8.2000000e-001  1.4526529e-010
  8.3000000e-001  1.1515837e-010
  8.4000000e-001  9.1294006e-011
  8.5000000e-001  7.2377216e-011
  8.6000000e-001  5.7381782e-011
  8.7000000e-001  4.5494455e-011
  8.8000000e-001  3.6070726e-011
  8.9000000e-001  2.8599803e-011
  9.0000000e-001  2.2676847e-011
  9.1000000e-001  1.7980987e-011
  9.2000000e-001  1.4257893e-011
  9.3000000e-001  1.1305973e-011
  9.4000000e-001  8.9654280e-012
  9.5000000e-001  7.1095878e-012
  9.6000000e-001  5.6380367e-012
  9.7000000e-001  4.4711706e-012
  9.8000000e-001  3.5458818e-012
  9.9000000e-001  2.8121387e-012
  1.0000000e+000  2.2302754e-012
