%	
% Momentane overschrijdingskans van de Maasafvoer bij Lith
%
% Overgenomen uit bijlage C-2 (Eerste kolom zonder aanpassingen en tweede kolom 
% gedeeld door 182.0) van H.J. Kalk, I.B.M. Lammers en C.P.M. Geerse; Uitbreiding 
% afvoerstatistiek - Borgharen, Lith, Lobith en Olst; december 2001
%
% Afvoer     overschrijdingskans	
% (m3/s)      (1/dag)	
%
% N.B.: toch kleine aanpassing eerste kolom: q = 1315.091 is verwijderd (daarna equidistante
% afvoeren.
%
%
       0.0    1.00000E+00
      25.0    9.96321E-01
      50.0    9.76005E-01
      75.0    9.41692E-01
     100.0    9.01939E-01
     125.0    8.62272E-01
     150.0    8.21808E-01
     175.0    7.83787E-01
     200.0    7.47161E-01
     225.0    7.10042E-01
     250.0    6.71922E-01
     275.0    6.33858E-01
     300.0    5.97645E-01
     325.0    5.63203E-01
     350.0    5.29863E-01
     375.0    4.98069E-01
     400.0    4.66235E-01
     425.0    4.36148E-01
     450.0    4.07613E-01
     475.0    3.79583E-01
     500.0    3.54306E-01
     525.0    3.31727E-01
     550.0    3.09869E-01
     575.0    2.87234E-01
     600.0    2.67534E-01
     625.0    2.51011E-01
     650.0    2.35344E-01
     675.0    2.21073E-01
     700.0    2.07168E-01
     725.0    1.93238E-01
     750.0    1.80289E-01
     775.0    1.68460E-01
     800.0    1.57662E-01
     825.0    1.47346E-01
     850.0    1.38469E-01
     875.0    1.27981E-01
     900.0    1.18575E-01
     925.0    1.11205E-01
     950.0    1.03264E-01
     975.0    9.44217E-02
    1000.0    8.79289E-02
    1025.0    8.20780E-02
    1050.0    7.60651E-02
    1075.0    7.00782E-02
    1100.0    6.50759E-02
    1125.0    6.01931E-02
    1150.0    5.52454E-02
    1175.0    5.04881E-02
    1200.0    4.62942E-02
    1225.0    4.25575E-02
    1250.0    3.89042E-02
    1275.0    3.57509E-02
    1300.0    3.27041E-02
    1325.0    2.99946E-02
    1350.0    2.74126E-02
    1375.0    2.50461E-02
    1400.0    2.28768E-02
    1425.0    2.08910E-02
    1450.0    1.90750E-02
    1475.0    1.74118E-02
    1500.0    1.58884E-02
    1525.0    1.44838E-02
    1550.0    1.31804E-02
    1575.0    1.19770E-02
    1600.0    1.08703E-02
    1625.0    9.86835E-03
    1650.0    8.95960E-03
    1675.0    8.14372E-03
    1700.0    7.41327E-03
    1725.0    6.75644E-03
    1750.0    6.16474E-03
    1775.0    5.63019E-03
    1800.0    5.14653E-03
    1825.0    4.70769E-03
    1850.0    4.30874E-03
    1875.0    3.94602E-03
    1900.0    3.61595E-03
    1925.0    3.31577E-03
    1950.0    3.04272E-03
    1975.0    2.79422E-03
    2000.0    2.56779E-03
    2025.0    2.36133E-03
    2050.0    2.17280E-03
    2075.0    2.00055E-03
    2100.0    1.84267E-03
    2125.0    1.69783E-03
    2150.0    1.56494E-03
    2175.0    1.44295E-03
    2200.0    1.33096E-03
    2225.0    1.22811E-03
    2250.0    1.13365E-03
    2275.0    1.04692E-03
    2300.0    9.67009E-04
    2325.0    8.93563E-04
    2350.0    8.25960E-04
    2375.0    7.63704E-04
    2400.0    7.06387E-04
    2425.0    6.53473E-04
    2450.0    6.04910E-04
    2475.0    5.60001E-04
    2500.0    5.18509E-04
    2525.0    4.80145E-04
    2550.0    4.44623E-04
    2575.0    4.11698E-04
    2600.0    3.81131E-04
    2625.0    3.52707E-04
    2650.0    3.26220E-04
    2675.0    3.01512E-04
    2700.0    2.78467E-04
    2725.0    2.56991E-04
    2750.0    2.36931E-04
    2775.0    2.18261E-04
    2800.0    2.00875E-04
    2825.0    1.84699E-04
    2850.0    1.69653E-04
    2875.0    1.55701E-04
    2900.0    1.42794E-04
    2925.0    1.30905E-04
    2950.0    1.19989E-04
    2975.0    1.09972E-04
    3000.0    1.00797E-04
    3025.0    9.23633E-05
    3050.0    8.46326E-05
    3075.0    7.75649E-05
    3100.0    7.11166E-05
    3125.0    6.52447E-05
    3150.0    5.98995E-05
    3175.0    5.50309E-05
    3200.0    5.05932E-05
    3225.0    4.65446E-05
    3250.0    4.28425E-05
    3275.0    3.94551E-05
    3300.0    3.63530E-05
    3325.0    3.35108E-05
    3350.0    3.09048E-05
    3375.0    2.85142E-05
    3400.0    2.63203E-05
    3425.0    2.43062E-05
    3450.0    2.24558E-05
    3475.0    2.07540E-05
    3500.0    1.91874E-05
    3525.0    1.77445E-05
    3550.0    1.64143E-05
    3575.0    1.51872E-05
    3600.0    1.40533E-05
    3625.0    1.30045E-05
    3650.0    1.20336E-05
    3675.0    1.11341E-05
    3700.0    1.03000E-05
    3725.0    9.52614E-06
    3750.0    8.80826E-06
    3775.0    8.14230E-06
    3800.0    7.52421E-06
    3825.0    6.94949E-06
    3850.0    6.41464E-06
    3875.0    5.91736E-06
    3900.0    5.45415E-06
    3925.0    5.02181E-06
    3950.0    4.61987E-06
    3975.0    4.24815E-06
    4000.0    3.90860E-06
    4025.0    3.59861E-06
    4050.0    3.31615E-06
    4075.0    3.05823E-06
    4100.0    2.82213E-06
    4125.0    2.60524E-06
    4150.0    2.40569E-06
    4175.0    2.22185E-06
    4200.0    2.05238E-06
    4225.0    1.89589E-06
    4250.0    1.75137E-06
    4275.0    1.61757E-06
    4300.0    1.49369E-06
    4325.0    1.37892E-06
    4350.0    1.27244E-06
    4375.0    1.17417E-06
    4400.0    1.08367E-06
    4425.0    9.99878E-07
    4450.0    9.22735E-07
    4475.0    8.51590E-07
    4500.0    7.85976E-07
    4525.0    7.25465E-07
    4550.0    6.69645E-07
    4575.0    6.18155E-07
    4600.0    5.70649E-07
    4625.0    5.26814E-07
    4650.0    4.86356E-07
    4675.0    4.49017E-07
    4700.0    4.14550E-07
    4725.0    3.82737E-07
    4750.0    3.53384E-07
    4775.0    3.26264E-07
    4800.0    3.01299E-07
    4825.0    2.78234E-07
    4850.0    2.56952E-07
    4875.0    2.37319E-07
    4900.0    2.19174E-07
    4925.0    2.02423E-07
    4950.0    1.86955E-07
    4975.0    1.72670E-07
    5000.0    1.59476E-07
    5025.0    1.47290E-07
    5050.0    1.36034E-07
    5075.0    1.25640E-07
    5100.0    1.16038E-07
    5125.0    1.07165E-07
    5150.0    9.89719E-08
    5175.0    9.14086E-08
    5200.0    8.44241E-08
    5225.0    7.79676E-08
    5250.0    7.20115E-08
    5275.0    6.65050E-08
    5300.0    6.14183E-08
    5325.0    5.67206E-08
    5350.0    5.23789E-08
    5375.0    4.83687E-08
    5400.0    4.46662E-08
    5425.0    4.12445E-08
    5450.0    3.80844E-08
    5475.0    3.51641E-08
    5500.0    3.24671E-08
    5525.0    2.99757E-08
    5550.0    2.76742E-08
    5575.0    2.55481E-08
    5600.0    2.35832E-08
    5625.0    2.17694E-08
    5650.0    2.00933E-08
    5675.0    1.85449E-08
    5700.0    1.71144E-08
    5725.0    1.57931E-08
    5750.0    1.45726E-08
    5775.0    1.34450E-08
    5800.0    1.24030E-08
    5825.0    1.14414E-08
    5850.0    1.05534E-08
    5875.0    9.73195E-09
    5900.0    8.97323E-09
    5925.0    8.27283E-09
    5950.0    7.62582E-09
    5975.0    7.02828E-09
    6000.0    6.47610E-09