  8.0500000e+002 -2.1000000e-001
  1.0450000e+003  1.0000000e-001
  8.3000000e+002 -1.1000000e-001
  9.4000000e+002  9.0000000e-002
  1.1670000e+003  0.0000000e+000
  9.8900000e+002 -1.5000000e-001
  5.5800000e+002 -2.7000000e-001
  4.2500000e+002 -1.6000000e-001
  9.7900000e+002 -1.0000000e-002
  8.8400000e+002  8.0000000e-002
  5.4900000e+002 -3.0000000e-001
  2.7400000e+002 -1.7000000e-001
  3.9300000e+002 -2.1000000e-001
  7.7200000e+002  2.3000000e-001
  1.4690000e+003  1.3000000e-001
  6.8100000e+002 -1.3000000e-001
  4.4300000e+002 -2.9000000e-001
  6.5000000e+002 -9.0000000e-002
  3.3900000e+002 -3.1000000e-001
  3.0700000e+002 -1.5000000e-001
  4.3200000e+002 -2.0000000e-001
  1.0860000e+003  3.4000000e-001
  5.6600000e+002 -1.2000000e-001
  1.1840000e+003  2.2000000e-001
  9.4200000e+002 -2.4000000e-001
  5.2300000e+002 -1.4000000e-001
  6.0000000e+002  0.0000000e+000
  6.5600000e+002  1.0000000e-001
  6.2300000e+002  1.0000000e-001
  8.0900000e+002  2.2000000e-001
  7.6800000e+002 -2.0000000e-002
  5.9900000e+002 -2.1000000e-001
  2.9900000e+002 -3.0000000e-001
  6.4400000e+002 -1.0000000e-002
  4.7600000e+002 -2.0000000e-001
  9.4000000e+002  1.2000000e-001
  5.9500000e+002 -2.0000000e-002
  1.0070000e+003  2.5000000e-001
  3.3100000e+002 -2.9000000e-001
  4.0700000e+002 -1.5000000e-001
  7.3700000e+002 -1.1000000e-001
  3.9200000e+002 -2.3000000e-001
  7.4200000e+002  1.8000000e-001
  7.7400000e+002  2.1000000e-001
  5.8500000e+002 -2.0000000e-002
  4.4600000e+002 -2.3000000e-001
  1.7090000e+003  2.7000000e-001
  9.4200000e+002  2.2000000e-001
  4.3100000e+002  0.0000000e+000
  4.0500000e+002 -5.0000000e-002
  7.3600000e+002  1.9000000e-001
  1.8920000e+003  2.5000000e-001
  3.3400000e+002 -2.8000000e-001
  5.7200000e+002 -3.4000000e-001
  4.2300000e+002 -1.4000000e-001
  6.6900000e+002 -9.0000000e-002
  9.3200000e+002 -1.0000000e-001
  2.8900000e+002 -1.4000000e-001
  2.5400000e+002 -3.3000000e-001
  6.0100000e+002  6.0000000e-002
  5.9100000e+002 -3.0000000e-002
  1.5870000e+003  5.0000000e-001
  6.7800000e+002 -6.0000000e-002
  5.7900000e+002 -9.0000000e-002
  1.0860000e+003  7.0000000e-002
  3.1000000e+002 -3.4000000e-001
  9.6400000e+002  2.0000000e-002
  8.8900000e+002  1.9000000e-001
  3.9300000e+002 -2.1000000e-001
  4.8100000e+002 -1.0000000e-001
  4.8800000e+002 -4.0000000e-002
  7.0000000e+002 -1.1000000e-001
  8.4700000e+002 -1.5000000e-001
  4.7600000e+002 -2.2000000e-001
  6.9400000e+002 -1.8000000e-001
  6.9600000e+002 -1.0000000e-002
  8.6000000e+002  1.6000000e-001
  1.1470000e+003  4.3000000e-001
  9.2300000e+002 -5.0000000e-002
  1.4230000e+003  8.0000000e-002
  6.8000000e+002 -2.0000000e-002
  4.7500000e+002 -2.7000000e-001
  2.4100000e+002 -3.4000000e-001
  3.9000000e+002 -2.3000000e-001
  1.0020000e+003  1.1000000e-001
  3.6900000e+002 -2.6000000e-001
  4.4000000e+002 -1.9000000e-001
  4.3400000e+002 -1.8000000e-001
  5.8200000e+002 -1.7000000e-001
  7.5300000e+002 -1.8000000e-001
