   9.7000000e+01  -5.0000000e-02
   1.1600000e+02  -2.0000000e-01
   1.0000000e+01  -2.2000000e-01
   2.3000000e+01  -2.2000000e-01
   8.2000000e+01  -2.6000000e-01
   1.2200000e+02   1.4000000e-01
   1.0400000e+02  -7.0000000e-02
   4.1000000e+01  -3.3000000e-01
   2.3000000e+01  -2.0000000e-01
   1.3000000e+02  -1.0000000e-02
   9.5000000e+01  -2.7000000e-01
   2.0400000e+02  -8.0000000e-02
   1.9000000e+01  -2.4000000e-01
   3.5000000e+01  -1.3000000e-01
   1.3300000e+02   4.0000000e-02
   9.8000000e+01  -6.0000000e-02
   1.7000000e+02  -1.0000000e-01
   5.7000000e+01  -2.9000000e-01
   3.1000000e+01  -2.7000000e-01
   7.9000000e+01  -1.1000000e-01
   1.6900000e+02   6.0000000e-02
   9.0000000e+01  -2.1000000e-01
   3.1100000e+02   1.0000000e-01
   4.7000000e+01  -1.1000000e-01
   1.4900000e+02   9.0000000e-02
   1.6400000e+02   0.0000000e+00
   1.4500000e+02  -1.5000000e-01
   1.2200000e+02  -2.0000000e-01
   2.4000000e+01  -2.4000000e-01
   5.1000000e+01  -1.6000000e-01
   9.0000000e+01  -5.0000000e-02
   1.2800000e+02   1.6000000e-01
   1.5500000e+02   1.6000000e-01
   5.3000000e+01  -2.8000000e-01
   2.7000000e+01  -1.7000000e-01
   9.0000000e+01  -2.1000000e-01
   1.1500000e+02  -2.3000000e-01
   2.1300000e+02   2.7000000e-01
   2.2100000e+02   2.3000000e-01
   3.8300000e+02   5.0000000e-01
   1.6600000e+02  -6.0000000e-02
   1.3000000e+02  -8.0000000e-02
   1.9600000e+02   7.0000000e-02
   2.0900000e+02  -1.5000000e-01
