  5.1600000e+002  5.0000000e+001
  5.4000000e+002  1.3900000e+002
  5.6680000e+002  1.6000000e+002
  7.5600000e+002  2.6600000e+002
  6.1168000e+002  1.4200000e+002
  8.9576000e+002  2.1600000e+002
  7.9232000e+002  2.8700000e+002
  7.3520000e+002  2.0000000e+002
  8.6752000e+002  1.9500000e+002
  8.3152000e+002  2.2200000e+002
  4.8240000e+002  6.6000000e+001
  6.6480000e+002  1.8300000e+002
  1.1692800e+003  2.8300000e+002
  1.0475200e+003  2.6400000e+002
  1.1544000e+003  2.3600000e+002
  1.0515200e+003  2.1600000e+002
  6.9576000e+002  1.0200000e+002
  6.5424000e+002  1.3000000e+002
  1.0148800e+003  1.6900000e+002
  1.1540000e+003  2.6700000e+002
  6.5976000e+002  5.9000000e+001
  4.9496000e+002  7.1000000e+001
  1.5561600e+003  2.0800000e+002
  5.0432000e+002  1.0800000e+002
  5.7984000e+002  1.0900000e+002
  7.8680000e+002  9.7000000e+001
  4.6576000e+002  7.7000000e+001
  5.4992000e+002  1.4100000e+002
  5.1168000e+002  1.2400000e+002
  6.3216000e+002  9.8000000e+001
  6.4272000e+002  1.3900000e+002
  9.3872000e+002  1.9700000e+002
  7.3728000e+002  1.7800000e+002
  5.4728000e+002  9.7000000e+001
  4.1376000e+002  2.3000000e+001
  9.9344000e+002  8.2000000e+001
  5.6184000e+002  1.2200000e+002
  5.6120000e+002  1.0400000e+002
  5.0808000e+002  6.0000000e+001
  7.8216000e+002  6.0000000e+001
  8.4008000e+002  1.3000000e+002
  1.0567200e+003  1.9200000e+002
  5.6712000e+002  3.5000000e+001
  9.0120000e+002  1.3300000e+002
  1.4010400e+003  1.7000000e+002
  7.2600000e+002  1.5700000e+002
  7.4000000e+002  1.6900000e+002
  8.0500000e+002  9.0000000e+001
  1.0450000e+003  3.1100000e+002
  8.3000000e+002  4.7000000e+001
  9.4000000e+002  1.4900000e+002
  1.1670000e+003  1.6400000e+002
  9.8900000e+002  1.4500000e+002
  5.5800000e+002  2.4000000e+001
  4.2500000e+002  5.1000000e+001
  9.7900000e+002  1.2800000e+002
  8.8400000e+002  1.5500000e+002
  5.4900000e+002  5.3000000e+001
  5.8500000e+002  2.1500000e+002
  4.4600000e+002  1.1500000e+002
  1.7090000e+003  2.1300000e+002
  9.4200000e+002  2.2100000e+002
  1.5870000e+003  3.8300000e+002
  6.7800000e+002  1.6600000e+002
  5.7900000e+002  1.2500000e+002
  1.0860000e+003  1.9600000e+002
  8.4700000e+002  2.0900000e+002
