  9.7000000e+001 -5.0000000e-002
  1.1600000e+002 -2.0000000e-001
  2.6000000e+001 -2.1000000e-001
  8.0000000e+000 -1.4000000e-001
  3.1000000e+001 -1.7000000e-001
  3.0000000e+000 -1.1000000e-001
  1.0000000e+001 -2.7000000e-001
  1.0000000e+001 -2.2000000e-001
  2.3000000e+001 -2.2000000e-001
  8.2000000e+001 -2.6000000e-001
  5.8000000e+001 -4.0000000e-002
  4.2000000e+001 -7.0000000e-002
  3.3000000e+001 -9.0000000e-002
  4.2000000e+001 -7.0000000e-002
  2.4000000e+001 -1.2000000e-001
  1.2200000e+002  1.4000000e-001
  1.0400000e+002 -7.0000000e-002
  4.1000000e+001 -3.3000000e-001
  8.8000000e+001 -1.8000000e-001
  3.0000000e+001 -1.4000000e-001
  7.0000000e+000 -1.2000000e-001
  3.6000000e+001 -1.1000000e-001
  3.1000000e+001 -1.5000000e-001
  2.3000000e+001 -2.0000000e-001
  1.3000000e+002 -1.0000000e-002
  9.5000000e+001 -2.7000000e-001
  2.0400000e+002 -8.0000000e-002
  7.5000000e+001 -1.4000000e-001
  1.3900000e+002 -5.0000000e-002
  6.0000000e+001 -1.0000000e-001
  1.7000000e+001 -1.3000000e-001
  1.9000000e+001 -1.4000000e-001
  2.1000000e+001 -1.3000000e-001
  1.9000000e+001 -2.4000000e-001
  3.5000000e+001 -1.3000000e-001
  1.3300000e+002  4.0000000e-002
  9.8000000e+001 -6.0000000e-002
  1.7000000e+002 -1.0000000e-001
  5.7000000e+001 -2.9000000e-001
  1.3100000e+002 -1.4000000e-001
  1.4000000e+001 -9.0000000e-002
  1.3300000e+002 -1.0000000e-002
  2.9000000e+001 -1.4000000e-001
  2.4000000e+001 -1.5000000e-001
  3.1000000e+001 -2.7000000e-001
  7.9000000e+001 -1.1000000e-001
  1.6900000e+002  6.0000000e-002
  9.0000000e+001 -2.1000000e-001
  3.1100000e+002  1.0000000e-001
  6.9000000e+001 -1.7000000e-001
  1.4000000e+001 -1.2000000e-001
  1.1900000e+002 -1.2000000e-001
  4.7000000e+001 -1.1000000e-001
  1.4900000e+002  9.0000000e-002
  1.6400000e+002  0.0000000e+000
  1.4500000e+002 -1.5000000e-001
  1.2200000e+002 -2.0000000e-001
  3.9000000e+001 -1.2000000e-001
  2.7000000e+001 -1.1000000e-001
  1.7000000e+001 -1.4000000e-001
  2.7000000e+001 -1.2000000e-001
  9.0000000e+000 -1.5000000e-001
  2.4000000e+001 -2.4000000e-001
  5.1000000e+001 -1.6000000e-001
  9.0000000e+001 -5.0000000e-002
  1.2800000e+002  1.6000000e-001
  1.5500000e+002  1.6000000e-001
  5.3000000e+001 -2.8000000e-001
  1.4800000e+002 -6.0000000e-002
  6.0000000e+001 -5.0000000e-002
  1.7200000e+002  0.0000000e+000
  2.5000000e+001 -1.0000000e-001
  2.5000000e+001 -1.0000000e-001
  2.7000000e+001 -1.7000000e-001
  9.0000000e+001 -2.1000000e-001
  2.1500000e+002 -2.0000000e-002
  1.1500000e+002 -2.3000000e-001
  2.1300000e+002  2.7000000e-001
  2.2100000e+002  2.3000000e-001
  3.8300000e+002  5.0000000e-001
  1.6600000e+002 -6.0000000e-002
  1.3000000e+002 -8.0000000e-002
  1.9600000e+002  7.0000000e-002
  1.3400000e+002 -1.8000000e-001
  1.2800000e+002 -1.8000000e-001
  1.2800000e+002 -4.0000000e-002
  1.6800000e+002 -1.1000000e-001
  2.0900000e+002 -1.5000000e-001
