  8.9576000e+002  2.1600000e+002
  8.6752000e+002  1.9500000e+002
  8.3152000e+002  2.2200000e+002
  1.1692800e+003  2.8300000e+002
  1.0475200e+003  2.6400000e+002
  1.1544000e+003  2.3600000e+002
  1.0515200e+003  2.1600000e+002
  1.0148800e+003  1.6900000e+002
  1.1540000e+003  2.6700000e+002
  1.5561600e+003  2.0800000e+002
  9.3872000e+002  1.9700000e+002
  9.9344000e+002  8.2000000e+001
  8.4008000e+002  1.3000000e+002
  1.0567200e+003  1.9200000e+002
  9.0120000e+002  1.3300000e+002
  1.4010400e+003  1.7000000e+002
  1.0450000e+003  3.1100000e+002
  9.4000000e+002  1.4900000e+002
  1.1670000e+003  1.6400000e+002
  9.8900000e+002  1.4500000e+002
  9.7900000e+002  1.2800000e+002
  8.8400000e+002  1.5500000e+002
  1.7090000e+003  2.1300000e+002
  9.4200000e+002  2.2100000e+002
  1.5870000e+003  3.8300000e+002
  1.0860000e+003  1.9600000e+002
  8.4700000e+002  2.0900000e+002
