  3.6000000e+001  3.9160000e+002
  5.0000000e+001  5.1600000e+002
  2.6600000e+002  7.5600000e+002
  1.4200000e+002  6.1168000e+002
  2.1600000e+002  8.9576000e+002
  1.7100000e+002  8.5392000e+002
  1.2700000e+002  2.8688000e+002
  2.8700000e+002  7.9232000e+002
  2.0000000e+002  7.3520000e+002
  1.9500000e+002  8.6752000e+002
  7.3000000e+001  5.5208000e+002
  2.3000000e+001  1.4992000e+002
  1.9000000e+001  1.4056000e+002
  1.2500000e+002  3.7920000e+002
  2.9000000e+001  1.4800000e+002
  1.7200000e+002  5.7640000e+002
  2.2200000e+002  8.3152000e+002
  6.2000000e+001  2.4736000e+002
  7.3000000e+001  2.9616000e+002
  2.7000000e+001  2.0864000e+002
  3.4000000e+001  4.8240000e+002
  8.1000000e+001  3.4616000e+002
  1.8300000e+002  6.6480000e+002
  1.2000000e+001  3.9128000e+002
  3.6000000e+001  2.4584000e+002
  2.8700000e+002  1.1417600e+003
  2.6400000e+002  1.0475200e+003
  5.9000000e+001  3.6264000e+002
  2.3600000e+002  1.1544000e+003
  2.1600000e+002  1.0836800e+003
  1.0200000e+002  6.9576000e+002
  1.3000000e+002  6.5424000e+002
  5.9000000e+001  3.1456000e+002
  1.5300000e+002  3.7912000e+002
  1.6900000e+002  1.0148800e+003
  2.6700000e+002  1.1540000e+003
  1.2500000e+002  5.4144000e+002
  7.9000000e+001  3.4736000e+002
  9.1000000e+001  3.7872000e+002
  7.1000000e+001  4.9496000e+002
  1.2400000e+002  5.9552000e+002
  3.2000000e+001  2.5848000e+002
  4.0000000e+001  2.7200000e+002
  5.4000000e+001  2.8480000e+002
  2.0800000e+002  1.5561600e+003
  1.5300000e+002  3.5008000e+002
  1.0800000e+002  5.0432000e+002
  1.0900000e+002  5.7984000e+002
  6.6000000e+001  3.2152000e+002
  6.0000000e+000  1.5848000e+002
  1.2000000e+001  2.3240000e+002
  1.7000000e+001  2.2000000e+002
  2.1000000e+001  1.8056000e+002
  2.5000000e+001  2.4960000e+002
  9.7000000e+001  7.8680000e+002
  9.5000000e+001  3.8536000e+002
  4.3000000e+001  3.0440000e+002
  4.9000000e+001  4.6576000e+002
  1.4100000e+002  5.4992000e+002
  1.2400000e+002  5.1168000e+002
  9.8000000e+001  6.3216000e+002
  1.9700000e+002  9.3872000e+002
  1.7800000e+002  7.3728000e+002
  7.6000000e+001  3.4264000e+002
  6.0000000e+000  2.3208000e+002
  2.7000000e+001  3.8496000e+002
  9.7000000e+001  5.4728000e+002
  1.1600000e+002  5.1544000e+002
  1.0000000e+001  1.7824000e+002
  2.3000000e+001  4.1376000e+002
  8.2000000e+001  9.9344000e+002
  1.2200000e+002  5.6184000e+002
  1.0400000e+002  5.6120000e+002
  4.1000000e+001  7.8216000e+002
  2.3000000e+001  2.9896000e+002
  1.3000000e+002  8.4008000e+002
  9.5000000e+001  1.0567200e+003
  2.0400000e+002  1.1091200e+003
  1.9000000e+001  2.2328000e+002
  3.5000000e+001  5.6712000e+002
  1.3300000e+002  9.0120000e+002
  9.8000000e+001  9.0120000e+002
  1.7000000e+002  1.4010400e+003
  5.7000000e+001  3.8752000e+002
  3.1000000e+001  3.4696000e+002
  7.9000000e+001  3.7024000e+002
  1.6900000e+002  7.4000000e+002
  9.0000000e+001  8.0500000e+002
  3.1100000e+002  1.0450000e+003
  4.7000000e+001  8.3000000e+002
  1.4900000e+002  9.4000000e+002
  1.6400000e+002  1.1670000e+003
  1.4500000e+002  9.8900000e+002
  1.2200000e+002  4.9600000e+002
  2.4000000e+001  5.5800000e+002
  5.1000000e+001  4.2500000e+002
  9.0000000e+001  9.7900000e+002
  1.2800000e+002  9.7900000e+002
  1.5500000e+002  8.8400000e+002
  5.3000000e+001  5.4900000e+002
  2.7000000e+001  2.7400000e+002
  9.0000000e+001  3.9300000e+002
  1.1500000e+002  4.4600000e+002
  2.1300000e+002  1.7090000e+003
  2.2100000e+002  9.6300000e+002
  3.8300000e+002  1.5870000e+003
  1.6600000e+002  6.7800000e+002
  1.3000000e+002  5.5500000e+002
  1.9600000e+002  1.0860000e+003
  2.0900000e+002  8.4700000e+002
