           0  1.0450e+001  1.5240e+003
  2.2500e+001  1.0380e+001  1.5150e+003
  4.5000e+001  1.0350e+001  1.6020e+003
  6.7500e+001  1.0330e+001  1.6350e+003
  9.0000e+001  1.0330e+001  1.6250e+003
  1.1250e+002  1.0350e+001  1.5440e+003
  1.3500e+002  1.0420e+001  1.5620e+003
  1.5750e+002  1.0540e+001  1.7240e+003
  1.8000e+002  1.0650e+001  1.9390e+003
  2.0250e+002  1.0740e+001  2.0620e+003
  2.2500e+002  1.0800e+001  2.0220e+003
  2.4750e+002  1.0810e+001  1.9040e+003
  2.7000e+002  1.0780e+001  1.9920e+003
  2.9250e+002  1.0740e+001  1.9720e+003
  3.1500e+002  1.0650e+001  1.7550e+003
  3.3750e+002  1.0540e+001  1.6550e+003



            0  1.0450e+001  1.3520e+003
  2.2500e+001  1.0380e+001  1.3340e+003
  4.5000e+001  1.0350e+001  1.3640e+003
  6.7500e+001  1.0330e+001  1.3150e+003
  9.0000e+001  1.0330e+001  1.3420e+003
  1.1250e+002  1.0350e+001  1.3330e+003
  1.3500e+002  1.0420e+001  1.3170e+003
  1.5750e+002  1.0540e+001  1.3570e+003
  1.8000e+002  1.0650e+001  1.3820e+003
  2.0250e+002  1.0740e+001  1.4290e+003
  2.2500e+002  1.0800e+001  1.3900e+003
  2.4750e+002  1.0810e+001  1.3440e+003
  2.7000e+002  1.0780e+001  1.3710e+003
  2.9250e+002  1.0740e+001  1.4150e+003
  3.1500e+002  1.0650e+001  1.3980e+003
  3.3750e+002  1.0540e+001  1.3500e+003


              0  1.0450e+001  1.3510e+003
    2.2500e+001  1.0380e+001  1.3070e+003
    4.5000e+001  1.0350e+001  1.3020e+003
    6.7500e+001  1.0330e+001  1.2690e+003
    9.0000e+001  1.0330e+001  1.3030e+003
    1.1250e+002  1.0350e+001  1.3450e+003
    1.3500e+002  1.0420e+001  1.3620e+003
    1.5750e+002  1.0540e+001  1.4530e+003
    1.8000e+002  1.0650e+001  1.5740e+003
    2.0250e+002  1.0740e+001  1.5910e+003
    2.2500e+002  1.0800e+001  1.6580e+003
    2.4750e+002  1.0810e+001  1.6360e+003
    2.7000e+002  1.0780e+001  1.5540e+003
    2.9250e+002  1.0740e+001  1.6200e+003
    3.1500e+002  1.0650e+001  1.4990e+003
    3.3750e+002  1.0540e+001  1.3930e+003


	            0  1.0450e+001  1.2260e+003
	  2.2500e+001  1.0380e+001  1.2160e+003
	  4.5000e+001  1.0350e+001  1.2570e+003
	  6.7500e+001  1.0330e+001  1.2650e+003
	  9.0000e+001  1.0330e+001  1.3040e+003
	  1.1250e+002  1.0350e+001  1.3440e+003
	  1.3500e+002  1.0420e+001  1.3600e+003
	  1.5750e+002  1.0540e+001  1.4080e+003
	  1.8000e+002  1.0650e+001  1.4540e+003
	  2.0250e+002  1.0740e+001  1.4320e+003
	  2.2500e+002  1.0800e+001  1.4310e+003
	  2.4750e+002  1.0810e+001  1.3770e+003
	  2.7000e+002  1.0780e+001  1.3010e+003
	  2.9250e+002  1.0740e+001  1.3570e+003
	  3.1500e+002  1.0650e+001  1.3270e+003
	  3.3750e+002  1.0540e+001  1.1880e+003

===============================================
Windfactor 0.93
Berekening afv golven 12-windreeks

            0  1.0450e+001  1.6760e+003
  2.2500e+001  1.0380e+001  1.6060e+003
  4.5000e+001  1.0350e+001  1.6150e+003
  6.7500e+001  1.0330e+001  1.5540e+003
  9.0000e+001  1.0330e+001  1.5590e+003
  1.1250e+002  1.0350e+001  1.5620e+003
  1.3500e+002  1.0420e+001  1.5870e+003
  1.5750e+002  1.0540e+001  1.7090e+003
  1.8000e+002  1.0650e+001  1.8450e+003
  2.0250e+002  1.0740e+001  1.9920e+003
  2.2500e+002  1.0800e+001  2.0070e+003
  2.4750e+002  1.0810e+001  2.0010e+003
  2.7000e+002  1.0780e+001  2.0100e+003
  2.9250e+002  1.0740e+001  1.9860e+003
  3.1500e+002  1.0650e+001  1.8700e+003
  3.3750e+002  1.0540e+001  1.7810e+003