% richtingen 90 - 180
% pieken zhjaar
14.7
13.8
13.3
13.2
12.0
11.9
11.9
11.8
11.8
11.6
11.6
11.6
11.6
11.6
11.5
11.4
11.4
11.3
11.3
11.0
10.9
10.8
10.8
10.7
10.7
10.6
10.5
10.3
10.3
10.3
10.2
10.1
10.1
10.0
9.9
9.8
9.8
9.8
9.7
9.7
9.7
9.6
9.6
9.6
9.5
9.5
9.5
9.5
9.5
9.4
9.4
9.3
9.3
9.3
9.3
9.3
9.3
9.3
9.2
9.2
9.2
9.2
9.1
9.1
9.1
9.1
9.1
9.0
9.0
9.0
9.0
9.0
8.9
8.9
8.9
8.8
8.7
8.6
8.6
8.6
8.6
8.6
8.6
8.6
8.6
8.6
8.6
8.6
8.5
8.5
8.5
8.5
8.5
8.5
8.5
8.5
8.5
8.4
8.4
8.4
8.4
8.4
8.4
8.4
8.3
8.3
8.3
8.3
8.3
8.3
8.3
8.2
8.2
8.2
8.1
8.1
8.1
8.1
8.1
8.1