%Golf deelrapport 8 voor T = 10 jaar.    
%tijd, dag    SOBEK-golf
-18.2500  65.41584
-18.2083  64.91103
-18.1667  63.4277
-18.1250  61.59289
-18.0833  59.22805
-18.0417  56.41789
-18.0000  52.60029
-17.9583  50.50475
-17.9167  50.26305
-17.8750  49.81539
-17.8333  48.66602
-17.7917  47.51039
-17.7500  47.04618
-17.7083  48.59407
-17.6667  51.34198
-17.6250  54.76152
-17.5833  58.02198
-17.5417  59.73114
-17.5000  60.17442
-17.4583  59.98778
-17.4167  59.09431
-17.3750  58.72585
-17.3333  58.4365
-17.2917  58.64742
-17.2500  59.56268
-17.2083  61.47499
-17.1667  64.77949
-17.1250  68.34626
-17.0833  69.84024
-17.0417  69.30785
-17.0000  73.67604
-16.9583  74.38428
-16.9167  65.31367
-16.8750  67.85706
-16.8333  62.10464
-16.7917  62.06829
-16.7500  60.79691
-16.7083  61.3979
-16.6667  62.4866
-16.6250  62.678
-16.5833  63.25713
-16.5417  63.57044
-16.5000  63.94598
-16.4583  64.18565
-16.4167  64.42918
-16.3750  64.60793
-16.3333  65.78364
-16.2917  67.15455
-16.2500  67.01277
-16.2083  66.21583
-16.1667  66.16427
-16.1250  65.92743
-16.0833  65.78427
-16.0417  65.69476
-16.0000  65.60492
-15.9583  65.58439
-15.9167  65.5202
-15.8750  65.5189
-15.8333  65.48784
-15.7917  65.47305
-15.7500  65.46764
-15.7083  65.44723
-15.6667  65.44931
-15.6250  65.43594
-15.5833  65.43472
-15.5417  65.4295
-15.5000  65.42613
-15.4583  65.42426
-15.4167  65.42167
-15.3750  65.42034
-15.3333  65.41896
-15.2917  65.41799
-15.2500  65.41703
-15.2083  65.41662
-15.1667  65.41575
-15.1250  65.41573
-15.0833  65.41499
-15.0417  65.41509
-15.0000  65.41458
-14.9583  65.41462
-14.9167  65.41435
-14.8750  65.41432
-14.8333  65.41422
-14.7917  65.41412
-14.7500  65.41409
-14.7083  65.41402
-14.6667  65.41402
-14.6250  65.41399
-14.5833  65.41394
-14.5417  65.41396
-14.5000  65.41393
-14.4583  65.41393
-14.4167  65.41391
-14.3750  65.41391
-14.3333  65.4139
-14.2917  65.41389
-14.2500  65.41391
-14.2083  65.41389
-14.1667  65.41391
-14.1250  65.41388
-14.0833  65.4139
-14.0417  65.41389
-14.0000  65.41389
-13.9583  65.41389
-13.9167  65.4139
-13.8750  65.41388
-13.8333  65.41391
-13.7917  65.41387
-13.7500  65.4139
-13.7083  65.41388
-13.6667  65.41389
-13.6250  65.41389
-13.5833  65.41388
-13.5417  65.41388
-13.5000  65.41388
-13.4583  65.41389
-13.4167  65.41389
-13.3750  65.41391
-13.3333  65.41387
-13.2917  65.41389
-13.2500  65.41389
-13.2083  65.41389
-13.1667  65.41389
-13.1250  65.41389
-13.0833  65.41389
-13.0417  65.41389
-13.0000  65.4139
-12.9583  65.41388
-12.9167  65.41392
-12.8750  65.41389
-12.8333  65.41389
-12.7917  65.41389
-12.7500  65.4139
-12.7083  65.41388
-12.6667  65.41391
-12.6250  65.41387
-12.5833  65.4139
-12.5417  65.41388
-12.5000  65.41389
-12.4583  65.41388
-12.4167  65.41391
-12.3750  65.41388
-12.3333  65.41389
-12.2917  65.41389
-12.2500  65.4139
-12.2083  65.41389
-12.1667  65.41389
-12.1250  65.41389
-12.0833  65.41389
-12.0417  65.41389
-12.0000  65.41389
-11.9583  65.41391
-11.9167  65.41389
-11.8750  65.4139
-11.8333  65.41388
-11.7917  65.4139
-11.7500  65.41389
-11.7083  65.41389
-11.6667  65.41389
-11.6250  65.41389
-11.5833  65.41389
-11.5417  65.41389
-11.5000  65.41389
-11.4583  65.41389
-11.4167  65.41389
-11.3750  65.41389
-11.3333  65.41389
-11.2917  65.41389
-11.2500  65.41389
-11.2083  65.4139
-11.1667  65.41393
-11.1250  65.41403
-11.0833  65.41454
-11.0417  65.41606
-11.0000  65.41991
-10.9583  65.4281
-10.9167  65.44329
-10.8750  65.46849
-10.8333  65.50588
-10.7917  65.56799
-10.7500  65.65229
-10.7083  65.79745
-10.6667  66.13291
-10.6250  66.93246
-10.5833  67.96954
-10.5417  68.67629
-10.5000  68.82151
-10.4583  68.82012
-10.4167  68.82225
-10.3750  68.85676
-10.3333  68.86179
-10.2917  68.84767
-10.2500  68.83199
-10.2083  68.80515
-10.1667  68.7899
-10.1250  68.77831
-10.0833  68.77248
-10.0417  68.77225
-10.0000  68.78823
-9.9583  68.81728
-9.9167  68.87469
-9.8750  68.94099
-9.8333  69.01649
-9.7917  69.11772
-9.7500  69.22347
-9.7083  70.49604
-9.6667  73.13766
-9.6250  69.06801
-9.5833  69.8548
-9.5417  71.48461
-9.5000  70.36642
-9.4583  69.94336
-9.4167  71.02682
-9.3750  71.03806
-9.3333  70.78516
-9.2917  71.06409
-9.2500  71.67001
-9.2083  71.28017
-9.1667  71.56914
-9.1250  72.96733
-9.0833  72.51851
-9.0417  73.15181
-9.0000  74.42803
-8.9583  75.98993
-8.9167  78.1656
-8.8750  76.51765
-8.8333  72.84483
-8.7917  74.81587
-8.7500  73.75739
-8.7083  73.77063
-8.6667  75.20905
-8.6250  73.72819
-8.5833  73.17652
-8.5417  74.20434
-8.5000  75.30984
-8.4583  74.4187
-8.4167  75.54231
-8.3750  74.09699
-8.3333  73.96336
-8.2917  76.03549
-8.2500  76.09677
-8.2083  75.54498
-8.1667  75.42347
-8.1250  75.8688
-8.0833  76.7568
-8.0417  78.11962
-8.0000  77.51252
-7.9583  76.41223
-7.9167  76.94868
-7.8750  76.58583
-7.8333  75.92343
-7.7917  76.95027
-7.7500  78.61101
-7.7083  76.5082
-7.6667  77.30535
-7.6250  78.95159
-7.5833  77.50079
-7.5417  77.97228
-7.5000  79.55412
-7.4583  78.33028
-7.4167  78.8148
-7.3750  81.15446
-7.3333  79.93542
-7.2917  80.90755
-7.2500  80.1332
-7.2083  80.62171
-7.1667  80.53573
-7.1250  80.95247
-7.0833  81.19376
-7.0417  81.61503
-7.0000  81.98397
-6.9583  82.65299
-6.9167  83.38028
-6.8750  83.94876
-6.8333  84.46208
-6.7917  85.14152
-6.7500  85.90561
-6.7083  86.43844
-6.6667  86.83691
-6.6250  87.35847
-6.5833  87.8709
-6.5417  88.56906
-6.5000  89.37287
-6.4583  89.82522
-6.4167  90.09642
-6.3750  90.42098
-6.3333  90.84295
-6.2917  91.3344
-6.2500  91.7775
-6.2083  92.09108
-6.1667  92.44765
-6.1250  92.83347
-6.0833  93.30289
-6.0417  93.69334
-6.0000  94.00722
-5.9583  94.36608
-5.9167  94.76862
-5.8750  95.13766
-5.8333  95.48454
-5.7917  95.90189
-5.7500  96.28198
-5.7083  96.65411
-5.6667  97.02512
-5.6250  97.46159
-5.5833  97.87528
-5.5417  98.31823
-5.5000  98.79218
-5.4583  99.3195
-5.4167  99.83873
-5.3750  100.5324
-5.3333  101.5238
-5.2917  102.194
-5.2500  103.2352
-5.2083  104.1075
-5.1667  104.95
-5.1250  105.7161
-5.0833  106.4982
-5.0417  107.2222
-5.0000  108.0194
-4.9583  108.7601
-4.9167  109.4919
-4.8750  110.2166
-4.8333  110.9344
-4.7917  111.5847
-4.7500  112.2563
-4.7083  112.9524
-4.6667  113.6221
-4.6250  114.29
-4.5833  114.9605
-4.5417  115.5462
-4.5000  116.1596
-4.4583  116.7762
-4.4167  117.3613
-4.3750  117.9579
-4.3333  118.5608
-4.2917  119.1786
-4.2500  119.8206
-4.2083  120.4346
-4.1667  121.0806
-4.1250  121.7275
-4.0833  122.4291
-4.0417  123.1125
-4.0000  123.7472
-3.9583  124.4155
-3.9167  125.0764
-3.8750  125.7361
-3.8333  126.391
-3.7917  127.0215
-3.7500  127.6756
-3.7083  128.3218
-3.6667  128.9438
-3.6250  129.5829
-3.5833  130.2202
-3.5417  130.8609
-3.5000  131.4724
-3.4583  132.0942
-3.4167  132.7266
-3.3750  133.3411
-3.3333  133.9633
-3.2917  134.5849
-3.2500  135.178
-3.2083  135.7951
-3.1667  136.44
-3.1250  137.1012
-3.0833  137.8043
-3.0417  138.5527
-3.0000  139.3879
-2.9583  140.1898
-2.9167  141.0937
-2.8750  142.0477
-2.8333  143.0223
-2.7917  144.0441
-2.7500  145.1171
-2.7083  146.229
-2.6667  147.3761
-2.6250  148.5445
-2.5833  149.7475
-2.5417  150.9222
-2.5000  152.0079
-2.4583  153.1433
-2.4167  154.2637
-2.3750  155.5068
-2.3333  156.7671
-2.2917  158.1032
-2.2500  159.7071
-2.2083  161.3656
-2.1667  163.2363
-2.1250  165.3634
-2.0833  167.6613
-2.0417  170.1851
-2.0000  173.307
-1.9583  176.7756
-1.9167  180.4184
-1.8750  184.0033
-1.8333  188.1777
-1.7917  192.3352
-1.7500  196.7149
-1.7083  201.0575
-1.6667  205.9655
-1.6250  210.9561
-1.5833  216.3949
-1.5417  221.0341
-1.5000  226.1354
-1.4583  230.8642
-1.4167  235.6287
-1.3750  240.189
-1.3333  244.5488
-1.2917  248.5634
-1.2500  252.3762
-1.2083  256.4659
-1.1667  259.8951
-1.1250  263.3339
-1.0833  266.5732
-1.0417  269.791
-1.0000  272.8592
-0.9583  275.8428
-0.9167  278.6801
-0.8750  281.1794
-0.8333  283.7456
-0.7917  286.1095
-0.7500  288.1073
-0.7083  290.2053
-0.6667  292.0938
-0.6250  293.8192
-0.5833  295.3955
-0.5417  296.8424
-0.5000  298.1743
-0.4583  299.3698
-0.4167  300.4431
-0.3750  301.2576
-0.3333  302.0124
-0.2917  302.6296
-0.2500  303.1819
-0.2083  303.6006
-0.1667  303.966
-0.1250  304.2324
-0.0833  304.4456
-0.0417  304.5664
0.0000  304.6214
0.0417  304.5929
0.0833  304.5013
0.1250  304.3381
0.1667  304.1144
0.2083  303.8248
0.2500  303.4712
0.2917  303.0389
0.3333  302.5102
0.3750  301.8377
0.4167  301.2
0.4583  300.4492
0.5000  299.6537
0.5417  298.6715
0.5833  297.6828
0.6250  296.6299
0.6667  295.5585
0.7083  294.407
0.7500  293.2122
0.7917  291.9312
0.8333  290.5956
0.8750  289.1818
0.9167  287.7104
0.9583  286.1733
1.0000  284.5833
1.0417  282.9415
1.0833  281.2549
1.1250  279.5283
1.1667  277.7653
1.2083  275.9698
1.2500  274.1444
1.2917  272.2916
1.3333  270.4086
1.3750  268.4866
1.4167  266.5449
1.4583  264.6572
1.5000  262.8694
1.5417  261.1665
1.5833  259.5323
1.6250  257.9571
1.6667  256.4278
1.7083  254.943
1.7500  253.4988
1.7917  252.0892
1.8333  250.715
1.8750  249.3734
1.9167  248.1287
1.9583  246.8772
2.0000  245.6562
2.0417  244.429
2.0833  243.2263
2.1250  242.0167
2.1667  240.8206
2.2083  239.6142
2.2500  238.4117
2.2917  237.2013
2.3333  235.9913
2.3750  234.7784
2.4167  233.5716
2.4583  232.3723
2.5000  231.1737
2.5417  229.9701
2.5833  228.7613
2.6250  227.5567
2.6667  226.2727
2.7083  225.1156
2.7500  224.0178
2.7917  222.8169
2.8333  221.6419
2.8750  220.4625
2.9167  219.283
2.9583  218.1025
3.0000  216.9192
3.0417  215.7301
3.0833  214.5402
3.1250  213.3559
3.1667  212.182
3.2083  211.0206
3.2500  209.8699
3.2917  208.728
3.3333  207.6016
3.3750  206.4978
3.4167  205.4165
3.4583  204.3529
3.5000  203.3118
3.5417  202.2933
3.5833  201.2941
3.6250  200.1575
3.6667  199.4433
3.7083  198.5099
3.7500  197.6492
3.7917  196.7601
3.8333  195.8744
3.8750  194.9216
3.9167  194.0807
3.9583  193.1533
4.0000  192.254
4.0417  191.348
4.0833  190.4524
4.1250  189.5609
4.1667  188.6787
4.2083  187.8045
4.2500  186.9395
4.2917  186.083
4.3333  185.2357
4.3750  184.3012
4.4167  183.5026
4.4583  182.7728
4.5000  181.9467
4.5417  181.1595
4.5833  180.3705
4.6250  179.5989
4.6667  178.7625
4.7083  178.1029
4.7500  177.2875
4.7917  176.607
4.8333  175.8461
4.8750  175.1237
4.9167  174.4001
4.9583  173.6892
5.0000  172.9826
5.0417  172.2865
5.0833  171.6009
5.1250  170.9233
5.1667  170.2606
5.2083  169.6181
5.2500  169.0545
5.2917  168.4812
5.3333  167.867
5.3750  167.2547
5.4167  166.6699
5.4583  166.0427
5.5000  165.438
5.5417  164.7909
5.5833  164.1588
5.6250  163.4895
5.6667  162.8211
5.7083  162.1356
5.7500  161.4518
5.7917  160.7187
5.8333  159.9996
5.8750  159.2865
5.9167  158.5102
5.9583  157.7575
6.0000  156.9847
6.0417  156.165
6.0833  155.3371
6.1250  154.4361
6.1667  153.5707
6.2083  152.6181
6.2500  151.6328
6.2917  150.5968
6.3333  149.4835
6.3750  148.1881
6.4167  147.0633
6.4583  145.8082
6.5000  144.624
6.5417  143.4253
6.5833  142.1349
6.6250  140.9563
6.6667  139.8084
6.7083  138.6536
6.7500  137.4641
6.7917  136.2698
6.8333  135.083
6.8750  133.9052
6.9167  132.7248
6.9583  131.6219
7.0000  130.4798
7.0417  129.4421
7.0833  128.4121
7.1250  127.3791
7.1667  126.2996
7.2083  125.2765
7.2500  124.2017
7.2917  123.1701
7.3333  122.095
7.3750  121.0028
7.4167  119.9179
7.4583  118.833
7.5000  117.7774
7.5417  116.718
7.5833  115.666
7.6250  114.6352
7.6667  113.564
7.7083  112.5481
7.7500  111.4784
7.7917  110.4754
7.8333  109.524
7.8750  108.6771
7.9167  107.8403
7.9583  107.073
8.0000  106.3193
8.0417  105.633
8.0833  104.9631
8.1250  104.3638
8.1667  103.7767
8.2083  103.1752
8.2500  102.6327
8.2917  102.1161
8.3333  101.6105
8.3750  101.15
8.4167  100.7252
8.4583  100.3208
8.5000  99.94872
8.5417  99.69568
8.5833  99.3661
8.6250  99.08421
8.6667  98.72321
8.7083  98.39396
8.7500  98.00436
8.7917  97.64617
8.8333  97.24615
8.8750  96.86285
8.9167  96.45111
8.9583  96.02785
9.0000  95.58518
9.0417  95.14043
9.0833  94.66661
9.1250  94.17203
9.1667  93.6643
9.2083  93.13353
9.2500  92.58437
9.2917  91.97524
9.3333  91.31395
9.3750  90.57351
9.4167  89.79621
9.4583  88.92662
9.5000  88.10345
9.5417  87.29667
9.5833  86.53992
9.6250  85.82257
9.6667  85.17205
9.7083  84.45219
9.7500  83.72614
9.7917  82.9648
9.8333  81.93768
9.8750  80.02885
9.9167  75.2351
9.9583  74.08986
10.0000  74.18273
10.0417  74.30525
10.0833  74.59611
10.1250  72.89433
10.1667  74.07021
10.2083  73.68896
10.2500  72.54936
10.2917  72.97938
10.3333  72.45436
10.3750  71.04814
10.4167  69.22671
10.4583  69.62579
10.5000  69.57529
10.5417  69.78252
10.5833  69.57178
10.6250  69.51956
10.6667  69.36758
10.7083  69.17097
10.7500  68.13447
10.7917  66.81154
10.8333  66.60666
10.8750  66.59829
10.9167  65.3872
10.9583  64.25842
11.0000  64.58891
11.0417  64.83028
11.0833  64.3739
11.1250  64.3036
11.1667  64.12546
11.2083  62.96953
11.2500  61.92188
11.2917  62.32688
11.3333  63.22628
11.3750  63.39351
11.4167  63.81273
11.4583  64.09612
11.5000  64.33268
11.5417  64.54897
11.5833  64.69131
11.6250  65.87383
11.6667  67.20866
11.7083  67.08421
11.7500  66.26068
11.7917  66.20515
11.8333  65.9593
11.8750  65.8086
11.9167  65.71658
11.9583  65.61897
12.0000  65.59966
12.0417  65.53015
12.0833  65.52933
12.1250  65.4959
12.1667  65.48071
12.2083  65.47399
12.2500  65.45312
12.2917  65.45439
12.3333  65.44061
12.3750  65.43896
12.4167  65.43327
12.4583  65.42983
12.5000  65.42743
12.5417  65.42492
12.5833  65.42327
12.6250  65.42185
12.6667  65.42074
12.7083  65.41972
12.7500  65.41927
12.7917  65.41829
12.8333  65.41829
12.8750  65.41748
12.9167  65.41759
12.9583  65.41702
13.0000  65.41706
13.0417  65.41678
13.0833  65.41671
13.1250  65.41665
13.1667  65.41649
13.2083  65.41653
13.2500  65.41639
13.2917  65.41644
13.3333  65.41632
13.3750  65.41637
13.4167  65.41628
13.4583  65.41633
13.5000  65.41628
13.5417  65.41631
13.5833  65.41625
13.6250  65.41627
13.6667  65.41626
13.7083  65.41625
13.7500  65.41626
13.7917  65.41626
13.8333  65.41625
13.8750  65.41625
13.9167  65.41625
13.9583  65.41625
14.0000  65.41624
14.0417  65.41624
14.0833  65.41624
14.1250  65.41625
14.1667  65.41624
14.2083  65.41624
14.2500  65.41626
14.2917  65.41624
14.3333  65.41626
14.3750  65.41624
14.4167  65.41623
14.4583  65.41626
14.5000  65.41624
14.5417  65.41624
14.5833  65.41625
14.6250  65.41625
14.6667  65.41623
14.7083  65.41627
14.7500  65.41623
14.7917  65.41625
14.8333  65.41624
14.8750  65.41624
14.9167  65.41624
14.9583  65.41625
15.0000  65.41624
15.0417  65.41624
15.0833  65.41623
15.1250  65.41626
15.1667  65.41623
15.2083  65.41626
15.2500  65.41622
15.2917  65.41627
15.3333  65.41624
15.3750  65.41624
15.4167  65.41624
15.4583  65.41624
15.5000  65.41625
15.5417  65.41624
15.5833  65.41626
15.6250  65.41623
15.6667  65.41624
15.7083  65.41625
15.7500  65.41624