%statistiek_Hydra_M_IJsselmeer.txt
%Door: Chris Geerse
%Datum 7 okt 2008.
%
%Bron:
%Overschrijdingsfrequentie OF volgens Hydra-M HR2006 ("Of_mptop.dmm").
%Dagenlijnen volgens Hydra-M HR2006 ("Of_mpdag.dmm").
%
% NB: aan het eind van het bestand geen monotone afname OF en OD meer, door te kleine getallen.
%
%
%m, m+NAP     OF, 1/whjaar	       OD, dag/whjaar        Dwest, dag/whjaar     ODoost, dag/whjaar
-0.40            6.1408041309          92.2420383215         53.1314140732         39.2951083250
-0.39		 5.5359085527	       80.4081849399         46.3151145254         34.2538867844
-0.38		 4.9905977867	       70.0925122967         40.3732870829         29.8594102384
-0.37		 4.4990024729	       61.1002509725         35.1937445601         26.0287069143
-0.36		 4.0558314087	       53.2616187746         30.6786924141         22.6894495980
-0.35		 3.6563145975	       46.4286150930         26.7428822936         19.7785900296
-0.34		 3.2961519078	       40.4722265122         23.3120024711         17.2411684942
-0.33		 2.9714667898	       35.2799909189         20.3212747693         15.0292761315
-0.32		 2.6787645502	       30.7538741132         17.7142314892         13.1011503722
-0.31		 2.4148947383	       26.8084188328         15.4416492477         11.4203864228
-0.30		 2.1770172360	       23.3691312408         13.4606195947          9.9552499086
-0.29		 1.9625716892	       20.3710744134         11.7337388621          8.6780777001
-0.28		 1.7692499497	       17.7576422710         10.2284019481          7.5647556074
-0.27		 1.5949712317	       15.4794908027          8.9161867024          6.5942630820
-0.26		 1.4378597159	       13.4936064064          7.7723172901          5.7482763291
-0.25		 1.2962243591	       11.7624937521          6.7751964012          5.0108223384
-0.24		 1.1685406932	       10.2534678351          5.9059974730          4.3679772977
-0.23		 1.0534344167	        8.9380368535          5.1483092276          3.8076036996
-0.22		 0.9496666027	        7.7913642564          4.4878258117          3.3191211732
-0.21		 0.8561203641	        6.7917998069          3.9120766888          2.8933067177
-0.20		 0.7717888317	        5.9204708058          3.4101911841          2.5221205633
-0.19		 0.6957643174	        5.1609257573          2.9726932362          2.1985543726
-0.18		 0.6272285442	        4.4988237501          2.5913224800          1.9164989175
-0.17		 0.5654438390	        3.9216636871          2.2588782838          1.6706287307
-0.16		 0.5097451926	        3.4185482537          1.9690837941          1.4563015561
-0.15		 0.4595331021	        2.9799781663          1.7164674238          1.2694706988
-0.14		 0.4142671181	        2.5976728168          1.4962595425          1.1066086199
-0.13		 0.3734600279	        2.2644139274          1.3043024222          0.9646403331
-0.12		 0.3366726114	        1.9739092627          1.1369717353          0.8408853459
-0.11		 0.3035089133	        1.7206738266          0.9911081241          0.7330070501
-0.10		 0.2736119820	        1.4999263003          0.8639575489          0.6389686039
-0.09		 0.2466600267	        1.3074987667          0.7531192896          0.5569944746
-0.08		 0.2223629548	        1.1397580166          0.6565006176          0.4855369151
-0.07		 0.2004592489	        0.9935369497          0.5722772830          0.4232467406
-0.06		 0.1807131520	        0.8660747773          0.4988590717          0.3689478551
-0.05		 0.1629121305	        0.7549648959          0.4348597801          0.3216150457
-0.04		 0.1468645860	        0.6581094486          0.3790710424          0.2803546251
-0.03		 0.1323977936	        0.5736797150          0.3304395158          0.2443875586
-0.02		 0.1193560423	        0.5000815838          0.2880469923          0.2130347547
-0.01		 0.1075989596	        0.4359254545          0.2510930618          0.1857042436
0.00		 0.0970000000	        0.3800000000          0.2188800000          0.1618800000
0.01		 0.0874450834	        0.3312492962          0.1907995946          0.1411122002
0.02		 0.0788313672	        0.2887528849          0.1663216617          0.1230087290
0.03		 0.0710661390	        0.2517083945          0.1449840352          0.1072277760
0.04		 0.0640658191	        0.2194163909          0.1263838411          0.0934713825
0.05		 0.0577550608	        0.1912671712          0.1101698906          0.0814798149
0.06		 0.0520659393	        0.1667292522          0.0960360493          0.0710266615
0.07		 0.0469372207	        0.1453393354          0.0837154572          0.0619145569
0.08		 0.0423137029	        0.1266935594          0.0729754902          0.0539714563
0.09		 0.0381456214	        0.1104398747          0.0636133678          0.0470473866
0.10		 0.0343881139	        0.0962713968          0.0554523245          0.0410116150
0.11		 0.0310007370	        0.0839206117          0.0483382723          0.0357501806
0.12		 0.0279470313	        0.0731543251          0.0421368913          0.0311637425
0.13		 0.0251941287	        0.0637692598          0.0367310936          0.0271657047
0.14		 0.0227123988	        0.0555882169          0.0320188129          0.0236805804
0.15		 0.0204751300	        0.0484567309          0.0279110770          0.0206425674
0.16		 0.0184582418	        0.0422401526          0.0243303279          0.0179943050
0.17		 0.0166400257	        0.0368211074          0.0212089579          0.0156857918
0.18		 0.0150009117	        0.0320972788          0.0184880326          0.0136734408
0.19		 0.0135232575	        0.0279794763          0.0161161784          0.0119192569
0.20		 0.0121911585	        0.0243899522          0.0140486125          0.0103901196
0.21		 0.0109902771	        0.0212609329          0.0122462974          0.0090571574
0.22		 0.0099076876	        0.0185333396          0.0106752036          0.0078952027
0.23		 0.0089317378	        0.0161556729          0.0093056676          0.0068823167
0.24		 0.0080519233	        0.0140830402          0.0081118312          0.0059993751
0.25		 0.0072587743	        0.0122763083          0.0070711536          0.0052297073
0.26		 0.0065437538	        0.0107013645          0.0061639859          0.0045587813
0.27		 0.0058991660	        0.0093284722          0.0053732000          0.0039739292
0.28		 0.0053180728	        0.0081317102          0.0046838650          0.0034641085
0.29		 0.0047942198	        0.0070884823          0.0040829658          0.0030196935
0.30		 0.0043219685	        0.0061790915          0.0035591567          0.0026322930
0.31		 0.0038962361	        0.0053863677          0.0031025478          0.0022945926
0.32		 0.0035124401	        0.0046953434          0.0027045178          0.0020002163
0.33		 0.0031664497	        0.0040929716          0.0023575516          0.0017436059
0.34		 0.0028545408	        0.0035678788          0.0020550982          0.0015199164
0.35		 0.0025733562	        0.0031101509          0.0017914469          0.0013249243
0.36		 0.0023198696	        0.0027111455          0.0015616198          0.0011549480
0.37		 0.0020913525	        0.0023633291          0.0013612776          0.0010067782
0.38		 0.0018853453	        0.0020601345          0.0011866374          0.0008776173
0.39		 0.0016996307	        0.0017958371          0.0010344022          0.0007650266
0.40		 0.0015322098	        0.0015654468          0.0009016973          0.0006668803
0.41		 0.0013812805	        0.0013646135          0.0007860174          0.0005813254
0.42		 0.0012452185	        0.0011895454          0.0006851782          0.0005067464
0.43		 0.0011225591	        0.0010369371          0.0005972758          0.0004417352
0.44		 0.0010119822	        0.0009039070          0.0005206505          0.0003850644
0.45		 0.0009122976	        0.0007879436          0.0004538555          0.0003356640
0.46		 0.0008224324	        0.0006868573          0.0003956298          0.0002926012
0.47		 0.0007414193	        0.0005987395          0.0003448739          0.0002550630
0.48		 0.0006683863	        0.0005219264          0.0003006296          0.0002223406
0.49		 0.0006025474	        0.0004549677          0.0002620614          0.0001938163
0.50		 0.0005431939	        0.0003965993          0.0002284412          0.0001689513
0.51		 0.0004896869	        0.0003457191          0.0001991342          0.0001472763
0.52		 0.0004414507	        0.0003013663          0.0001735870          0.0001283821
0.53		 0.0003979659	        0.0002627036          0.0001513173          0.0001119117
0.54		 0.0003587645	        0.0002290010          0.0001319046          0.0000975544
0.55		 0.0003234247	        0.0001996222          0.0001149824          0.0000850391
0.56		 0.0002915660	        0.0001740124          0.0001002311          0.0000741293
0.57		 0.0002628455	        0.0001516881          0.0000873724          0.0000646191
0.58		 0.0002369541	        0.0001322278          0.0000761632          0.0000563291
0.59		 0.0002136131	        0.0001152642          0.0000663922          0.0000491025
0.60		 0.0001925713	        0.0001004768          0.0000578746          0.0000428031
0.61		 0.0001736022	        0.0000875865          0.0000504498          0.0000373118
0.62		 0.0001565016	        0.0000782508          0.0000450725          0.0000333348
0.63		 0.0001410855	        0.0000705428          0.0000406326          0.0000300512
0.64		 0.0001271880	        0.0000635940          0.0000366301          0.0000270910
0.65		 0.0001146594	        0.0000573297          0.0000330219          0.0000244225
0.66		 0.0001033650	        0.0000516825          0.0000297691          0.0000220167
0.67		 0.0000931831	        0.0000465915          0.0000268367          0.0000198480
0.68		 0.0000840042	        0.0000420021          0.0000241932          0.0000178929
0.69		 0.0000757294	        0.0000378647          0.0000218101          0.0000161304
0.70		 0.0000682697	        0.0000341349          0.0000196617          0.0000145414
0.71		 0.0000615449	        0.0000307724          0.0000177249          0.0000131091
0.72		 0.0000554824	        0.0000277412          0.0000159789          0.0000118178
0.73		 0.0000500172	        0.0000250086          0.0000144049          0.0000106537
0.74		 0.0000450903	        0.0000225451          0.0000129860          0.0000096042
0.75		 0.0000406487	        0.0000203243          0.0000117068          0.0000086582
0.76		 0.0000366446	        0.0000183223          0.0000105536          0.0000078053
0.77		 0.0000330350	        0.0000165175          0.0000095141          0.0000070364
0.78		 0.0000297809	        0.0000148904          0.0000085769          0.0000063433
0.79		 0.0000268473	        0.0000134237          0.0000077320          0.0000057185
0.80		 0.0000242027	        0.0000121014          0.0000069704          0.0000051552
0.81		 0.0000218187	        0.0000109093          0.0000062838          0.0000046474
0.82		 0.0000196694	        0.0000098347          0.0000056648          0.0000041896
0.83		 0.0000177319	        0.0000088660          0.0000051068          0.0000037769
0.84		 0.0000159852	        0.0000079926          0.0000046038          0.0000034049
0.85		 0.0000144106	        0.0000072053          0.0000041503          0.0000030695
0.86		 0.0000129911	        0.0000064956          0.0000037414          0.0000027671
0.87		 0.0000117114	        0.0000058557          0.0000033729          0.0000024945
0.88		 0.0000105578	        0.0000052789          0.0000030407          0.0000022488
0.89		 0.0000095178	        0.0000047589          0.0000027411          0.0000020273
0.90		 0.0000085803	        0.0000042901          0.0000024711          0.0000018276
0.91		 0.0000077351	        0.0000038675          0.0000022277          0.0000016476
0.92		 0.0000069731	        0.0000034866          0.0000020083          0.0000014853
0.93		 0.0000062863	        0.0000031431          0.0000018104          0.0000013390
0.94		 0.0000056670	        0.0000028335          0.0000016321          0.0000012071
0.95		 0.0000051088	        0.0000025544          0.0000014713          0.0000010882
0.96		 0.0000046056	        0.0000023028          0.0000013264          0.0000009810
0.97		 0.0000041519	        0.0000020760          0.0000011957          0.0000008844
0.98		 0.0000037429	        0.0000018715          0.0000010780          0.0000007972
0.99		 0.0000033742	        0.0000016871          0.0000009718          0.0000007187
1.00		 0.0000030419	        0.0000015209          0.0000008761          0.0000006479
1.01		 0.0000027422	        0.0000013711          0.0000007898          0.0000005841
1.02		 0.0000024721	        0.0000012360          0.0000007120          0.0000005266
1.03		 0.0000022286	        0.0000011143          0.0000006418          0.0000004747
1.04		 0.0000020091	        0.0000010045          0.0000005786          0.0000004279
1.05		 0.0000018112	        0.0000009056          0.0000005216          0.0000003858
1.06		 0.0000016328	        0.0000008164          0.0000004702          0.0000003478
1.07		 0.0000014719	        0.0000007360          0.0000004239          0.0000003135
1.08		 0.0000013269	        0.0000006635          0.0000003822          0.0000002826
1.09		 0.0000011962	        0.0000005981          0.0000003445          0.0000002548
1.10		 0.0000010784	        0.0000005392          0.0000003106          0.0000002297
1.11		 0.0000009722	        0.0000004861          0.0000002800          0.0000002071
1.12		 0.0000008764	        0.0000004382          0.0000002524          0.0000001867
1.13		 0.0000007901	        0.0000003950          0.0000002275          0.0000001683
1.14		 0.0000007122	        0.0000003561          0.0000002051          0.0000001517
1.15		 0.0000006421	        0.0000003210          0.0000001849          0.0000001368
1.16		 0.0000005788	        0.0000002894          0.0000001667          0.0000001233
1.17		 0.0000005218	        0.0000002609          0.0000001503          0.0000001111
1.18		 0.0000004704	        0.0000002352          0.0000001355          0.0000001002
1.19		 0.0000004241	        0.0000002120          0.0000001221          0.0000000903
1.20		 0.0000003823	        0.0000001912          0.0000001101          0.0000000814
1.21		 0.0000003446	        0.0000001723          0.0000000993          0.0000000734
1.22		 0.0000003107	        0.0000001553          0.0000000895          0.0000000662
1.23		 0.0000002801	        0.0000001400          0.0000000807          0.0000000597
1.24		 0.0000002525	        0.0000001263          0.0000000727          0.0000000538
1.25		 0.0000002276	        0.0000001138          0.0000000656          0.0000000485
1.26		 0.0000002052	        0.0000001026          0.0000000591          0.0000000437
1.27		 0.0000001850	        0.0000000925          0.0000000533          0.0000000394
1.28		 0.0000001668	        0.0000000834          0.0000000480          0.0000000355
1.29		 0.0000001503	        0.0000000752          0.0000000433          0.0000000320
1.30		 0.0000001355	        0.0000000678          0.0000000390          0.0000000289
1.31		 0.0000001222	        0.0000000611          0.0000000352          0.0000000260
1.32		 0.0000001101	        0.0000000551          0.0000000317          0.0000000235
1.33		 0.0000000993	        0.0000000496          0.0000000286          0.0000000212
1.34		 0.0000000895	        0.0000000448          0.0000000258          0.0000000191
1.35		 0.0000000807	        0.0000000403          0.0000000232          0.0000000172
1.36		 0.0000000727	        0.0000000364          0.0000000210          0.0000000155
1.37		 0.0000000656	        0.0000000328          0.0000000189          0.0000000140
1.38		 0.0000000591	        0.0000000296          0.0000000170          0.0000000126
1.39		 0.0000000533	        0.0000000266          0.0000000154          0.0000000114
1.40		 0.0000000480	        0.0000000240          0.0000000138          0.0000000102
1.41		 0.0000000433	        0.0000000217          0.0000000125          0.0000000092
1.42		 0.0000000390	        0.0000000195          0.0000000112          0.0000000083
1.43		 0.0000000352	        0.0000000176          0.0000000101          0.0000000075
1.44		 0.0000000317	        0.0000000159          0.0000000091          0.0000000068
1.45		 0.0000000286	        0.0000000143          0.0000000082          0.0000000061
1.46		 0.0000000258	        0.0000000129          0.0000000074          0.0000000055
1.47		 0.0000000233	        0.0000000116          0.0000000067          0.0000000050
1.48		 0.0000000210	        0.0000000105          0.0000000060          0.0000000045
1.49		 0.0000000189	        0.0000000094          0.0000000054          0.0000000040
1.50		 0.0000000170	        0.0000000085          0.0000000049          0.0000000036
1.51		 0.0000000154	        0.0000000077          0.0000000044          0.0000000033
1.52		 0.0000000138	        0.0000000069          0.0000000040          0.0000000029
1.53		 0.0000000125	        0.0000000062          0.0000000036          0.0000000027
1.54		 0.0000000113	        0.0000000056          0.0000000032          0.0000000024
1.55		 0.0000000101	        0.0000000051          0.0000000029          0.0000000022
1.56		 0.0000000091	        0.0000000046          0.0000000026          0.0000000019
1.57		 0.0000000082	        0.0000000041          0.0000000024          0.0000000018
1.58		 0.0000000074	        0.0000000037          0.0000000021          0.0000000016
1.59		 0.0000000067	        0.0000000033          0.0000000019          0.0000000014
1.60		 0.0000000060	        0.0000000030          0.0000000017          0.0000000013
1.61		 0.0000000054	        0.0000000027          0.0000000016          0.0000000012
1.62		 0.0000000049	        0.0000000025          0.0000000014          0.0000000010
1.63		 0.0000000044	        0.0000000022          0.0000000013          0.0000000009
1.64		 0.0000000040	        0.0000000020          0.0000000011          0.0000000008
1.65		 0.0000000036	        0.0000000018          0.0000000010          0.0000000008
1.66		 0.0000000032	        0.0000000016          0.0000000009          0.0000000007
1.67		 0.0000000029	        0.0000000015          0.0000000008          0.0000000006
1.68		 0.0000000026	        0.0000000013          0.0000000008          0.0000000006
1.69		 0.0000000024	        0.0000000012          0.0000000007          0.0000000005
1.70		 0.0000000021	        0.0000000011          0.0000000006          0.0000000005
1.71		 0.0000000019	        0.0000000010          0.0000000006          0.0000000004
1.72		 0.0000000017	        0.0000000009          0.0000000005          0.0000000004
1.73		 0.0000000016	        0.0000000008          0.0000000005          0.0000000003
1.74		 0.0000000014	        0.0000000007          0.0000000004          0.0000000003
1.75		 0.0000000013	        0.0000000006          0.0000000004          0.0000000003
1.76		 0.0000000011	        0.0000000006          0.0000000003          0.0000000002
1.77		 0.0000000010	        0.0000000005          0.0000000003          0.0000000002
1.78		 0.0000000009	        0.0000000005          0.0000000003          0.0000000002
1.79		 0.0000000008	        0.0000000004          0.0000000002          0.0000000002
1.80		 0.0000000008	        0.0000000004          0.0000000002          0.0000000002