%statistiek_Hydra_M_IJsselmeer.txt
%Door: Chris Geerse
%Datum 18 jan 2006.
%
%Bron:
%Overschrijdingsfrequentie OF uit bijlage 8 van [Blaakman et al, 1999].
%Dagenlijnen (omni, west en oost) uit bijlage 9 van [Blaakman et al, 1999].
%
%[Blaakman et al, 1999]:
%Achtergronden Hydraulische Belastingen Dijken IJsselmeergebied. 
%Deelrapport 2: Meerpeilstatistiek. E.J. Blaakman, H. Buiteveld, H.C. van Twuiver,
%A. van Agthoven. RIZA rapport 99.039. RIZA Lelystad, 25 maart 1999.
%
%
%m, m+NAP     OF, 1/whjaar		 OD, dag/whjaar           ODwest, dag/whjaar    ODoost, dag/whjaar
-0.40        6.3289473750        181.9183140049			  131.5766395080		50.3416744969
-0.39		 6.8421052500		 167.9948944138			  121.9844809506		46.0104134631
-0.38		 7.3486841250		 152.2272567810			  110.9658790497		41.2613777313
-0.37		 7.7105262500		 138.8038333551			  101.5709770330		37.2328563222
-0.36		 7.8289472500		 129.4409758381			  95.0809642391			34.3600115990
-0.35		 7.6644736250		 122.4516544817			  90.2865186819			32.1651357998
-0.34		 7.3618420000		 116.4167645361			  86.1574927564			30.2592717797
-0.33		 7.0789472500		 110.5780228212			  82.1388635787			28.4391592426
-0.32		 6.8355262500		 105.0398230022			  78.3103723091			26.7294506931
-0.31		 6.6447367500		 99.8772872669			  74.7309727030			25.1463145639
-0.30		 6.4342105000		 94.9525397432			  71.3004737368			23.6520660064
-0.29		 6.2631578750		 90.3589701100			  68.0914413372			22.2675287728
-0.28		 6.1710527500		 86.1208208961			  65.1251139972			20.9957068988
-0.27		 6.2105263750		 81.8526415698			  62.1120312388			19.7406103311
-0.26		 6.2236842500		 77.3412573984			  58.8899009126			18.4513564858
-0.25		 6.1973685000		 72.8912017509			  55.6897275360			17.2014742149
-0.24		 6.0986842500		 68.5133049665			  52.5205637150			15.9927412515
-0.23		 6.0065790000		 64.1755664340			  49.3586020966			14.8169643375
-0.22		 5.8618421250		 60.0686409917			  46.3515257125			13.7171152793
-0.21		 5.7105263750		 56.1221966345			  43.4468467404			12.6753498941
-0.20		 5.5460526250		 52.3572325037			  40.6623303591			11.6949021446
-0.19		 5.3223685000		 48.7342006406			  37.9687239694			10.7654766712
-0.18		 5.0789475000		 45.3188136741			  35.4186519308			9.9001617432
-0.17		 4.7894738750		 42.1529977318			  33.0467150902			9.1062826416
-0.16		 4.5263160000		 39.2067794552			  30.8313365452			8.3754429100
-0.15		 4.2434212500		 36.4757595090			  28.7708081411			7.7049513680
-0.14		 3.9539476250		 34.0987454693			  26.9766306526			7.1221148167
-0.13		 3.6710528750		 31.7658499682			  25.2055922129			6.5602577553
-0.12		 3.3552633750		 29.5473719777			  23.5140757512			6.0332962264
-0.11		 3.1250002500		 27.3564865635			  21.8337122389			5.5227743246
-0.10		 2.9473686250		 25.4024122841			  20.3322829730			5.0701293110
-0.09		 2.7960527500		 23.6837201643			  19.0103994955			4.6733206687
-0.08		 2.6513158750		 22.1711981659			  17.8462221955			4.3249759703
-0.07		 2.5460527500		 20.8317717748			  16.8145553013			4.0172164736
-0.06		 2.5065790000		 19.5624391443			  15.8332574380			3.7291817063
-0.05		 2.4407895000		 18.3227016778			  14.8700124074			3.4526892704
-0.04		 2.3684211250		 17.0939018381			  13.9099024083			3.1839994298
-0.03		 2.2171052500		 16.1070202169			  13.1415230518			2.9654971651
-0.02		 2.0657895000		 15.1633855550			  12.4039801478			2.7594054072
-0.01		 1.9407895000		 14.2980145853			  11.7263198184			2.5716947669
0.00		 1.8552631250		 13.4265624264			  11.0397456494			2.3868167770
0.01		 1.7828947500		 12.5315437602			  10.3298497108			2.2016940495
0.02		 1.6842105000		 11.6258735026			  9.6072135022			2.0186600004
0.03		 1.6052631250		 10.7976017524			  8.9447642498			1.8528375026
0.04		 1.5394736250		 10.0364443508			  8.3344816016			1.7019627493
0.05		 1.5131578750		 9.2579727411			  7.7065382133			1.5514345278
0.06		 1.4736841250		 8.4771284554			  7.0733410784			1.4037873770
0.07		 1.4276315000		 7.7300892107			  6.4651773270			1.2649118837
0.08		 1.3750000000		 7.0211453125			  5.8858867943			1.1352585182
0.09		 1.2960526250		 6.3811150992			  5.3616282052			1.0194868940
0.10		 1.2171052500		 5.8028231281			  4.8867891423			0.9160339858
0.11		 1.1447367500		 5.2723283587			  4.4499914811			0.8223368776
0.12		 1.0986841250		 4.7697723261			  4.0347363324			0.7350359936
0.13		 1.0460525000		 4.2888283257			  3.6358454282			0.6529828975
0.14		 1.0065788750		 3.8511204468			  3.2718374359			0.5792830109
0.15		 0.9736841250		 3.4107181215			  2.9038695185			0.5068486029
0.16		 0.9144736250		 2.9773775210			  2.5402727805			0.4371047406
0.17		 0.8684210000		 2.5538633321			  2.1834763816			0.3703869505
0.18		 0.8355263750		 2.1102986536			  1.8079572969			0.3023413566
0.19		 0.7697370000		 1.7315998244			  1.4865320617			0.2450677627
0.20		 0.6776317500		 1.3649615787			  1.1741371202			0.1908244585
0.21		 0.5855265000		 1.0617666297			  0.9151420006			0.1466246291
0.22		 0.4868422500		 0.7990709684			  0.6900734149			0.1089975535
0.23		 0.3947370000		 0.5896456298			  0.5102007968			0.0794448330
0.24		 0.3157896250		 0.4316569092			  0.3742128282			0.0574440810
0.25		 0.2368422500		 0.2978618744			  0.2587107211			0.0391511533
0.26		 0.1578948750		 0.1836823326			  0.1598367077			0.0238456249
0.27		 0.1118422500		 0.1209858367			  0.1054734399			0.0155123967
0.28		 0.0890075720		 0.0899940135			  0.0785980748			0.0113959387
0.29		 0.0821485960		 0.0780196153			  0.0682624697			0.0097571457
0.30		 0.0757410210		 0.0678937150			  0.0595083779			0.0083853372
0.31		 0.0697647870		 0.0592947652			  0.0520625650			0.0072322002
0.32		 0.0641996250		 0.0519616061			  0.0457027863			0.0062588198
0.33		 0.0590252100		 0.0456816414			  0.0402479150			0.0054337264
0.34		 0.0542212840		 0.0402813719			  0.0355499335			0.0047314384
0.35		 0.0497677790		 0.0356188288			  0.0314874469			0.0041313819
0.36		 0.0456449240		 0.0315775094			  0.0279608255			0.0036166839
0.37		 0.0418333380		 0.0280615114			  0.0248879123			0.0031735991
0.38		 0.0383141190		 0.0249916323			  0.0222007990			0.0027908333
0.39		 0.0350689120		 0.0223022287			  0.0198431155			0.0024591132
0.40		 0.0320799710		 0.0199386927			  0.0177679478			0.0021707449
0.41		 0.0293302100		 0.0178554190			  0.0159360646			0.0019193545
0.42		 0.0268032400		 0.0160141640			  0.0143145327			0.0016996313
0.43		 0.0244834000		 0.0143827221			  0.0128756055			0.0015071166
0.44		 0.0223557780		 0.0129338560			  0.0115957709			0.0013380852
0.45		 0.0204062220		 0.0116444286			  0.0104550685			0.0011893601
0.46		 0.0186213430		 0.0104946986			  0.0094364291			0.0010582696
0.47		 0.0169885180		 0.0094677518			  0.0085252156			0.0009425362
0.48		 0.0154958750		 0.0085490311			  0.0077088303			0.0008402007
0.49		 0.0141322830		 0.0077259582			  0.0069763658			0.0007495924
0.50		 0.0128873330		 0.0069876211			  0.0063183475			0.0006692736
0.51		 0.0117513150		 0.0063245172			  0.0057265291			0.0005979881
0.52		 0.0107151930		 0.0057283422			  0.0051936772			0.0005346649
0.53		 0.0097705800		 0.0051918160			  0.0047134637			0.0004783523
0.54		 0.0089097050		 0.0047085360			  0.0042802981			0.0004282379
0.55		 0.0081253840		 0.0042728557			  0.0038892546			0.0003836011
0.56		 0.0074109890		 0.0038797836			  0.0035359689			0.0003438147
0.57		 0.0067604160		 0.0035248971			  0.0032165701			0.0003083270
0.58		 0.0061680490		 0.0032042673			  0.0029276137			0.0002766537
0.59		 0.0056287370		 0.0029144019			  0.0026660369			0.0002483650
0.60		 0.0051377540		 0.0026521870			  0.0024291010			0.0002230860
0.61		 0.0046907770		 0.0024148459			  0.0022143620			0.0002004840
0.62		 0.0042838510		 0.0021998967			  0.0020196338			0.0001802629
0.63		 0.0039133640		 0.0020051192			  0.0018429565			0.0001621628
0.64		 0.0035760200		 0.0018285256			  0.0016825730			0.0001459525
0.65		 0.0032688170		 0.0016683351			  0.0015369068			0.0001314283
0.66		 0.0029890170		 0.0015229489			  0.0014045415			0.0001184074
0.67		 0.0027341290		 0.0013909321			  0.0012842033			0.0001067288
0.68		 0.0025018880		 0.0012709960			  0.0011747477			0.0000962483
0.69		 0.0022902340		 0.0011619819			  0.0010751420			0.0000868398
0.70		 0.0020972930		 0.0010628463			  0.0009844575			0.0000783889
0.71		 0.0019213650		 0.0009726515			  0.0009018574			0.0000707941
0.72		 0.0017609050		 0.0008905521			  0.0008265859			0.0000639662
0.73		 0.0016145080		 0.0008157855			  0.0007579606			0.0000578249
0.74		 0.0014809020		 0.0007476656			  0.0006953684			0.0000522972
0.75		 0.0013589290		 0.0006855721			  0.0006382503			0.0000473218
0.76		 0.0012475390		 0.0006289455			  0.0005861056			0.0000428399
0.77		 0.0011457790		 0.0005772807			  0.0005384795			0.0000388012
0.78		 0.0010527820		 0.0005301203			  0.0004949603			0.0000351600
0.79		 0.0009677630		 0.0004870520			  0.0004551763			0.0000318758
0.80		 0.0008900090		 0.0004477028			  0.0004187907			0.0000289121
0.81		 0.0008188700		 0.0004117339			  0.0003854973			0.0000262366
0.82		 0.0007537580		 0.0003788396			  0.0003550196			0.0000238200
0.83		 0.0006941380		 0.0003487428			  0.0003271066			0.0000216362
0.84		 0.0006395250		 0.0003211929			  0.0003015310			0.0000196619
0.85		 0.0005894760		 0.0002959616			  0.0002780854			0.0000178762
0.86		 0.0005435900		 0.0002728428			  0.0002565826			0.0000162602
0.87		 0.0005015030		 0.0002516497			  0.0002368524			0.0000147973
0.88		 0.0004628820		 0.0002322116			  0.0002187396			0.0000134721
0.89		 0.0004274250		 0.0002143744			  0.0002021033			0.0000122711
0.90		 0.0003948590		 0.0001979985			  0.0001868163			0.0000111822
0.91		 0.0003649340		 0.0001829566			  0.0001727622			0.0000101944
0.92		 0.0003374220		 0.0001691327			  0.0001598348			0.0000092979
0.93		 0.0003121170		 0.0001564220			  0.0001479381			0.0000084840
0.94		 0.0002888300		 0.0001447287			  0.0001369842			0.0000077445
0.95		 0.0002673900		 0.0001339659			  0.0001268936			0.0000070723
0.96		 0.0002476400		 0.0001240542			  0.0001175930			0.0000064612
0.97		 0.0002294390		 0.0001149221			  0.0001090170			0.0000059051
0.98		 0.0002126570		 0.0001065039			  0.0001011050			0.0000053989
0.99		 0.0001971760		 0.0000987400			  0.0000938021			0.0000049380
1.00		 0.0001828870		 0.0000915754			  0.0000870574			0.0000045180
1.01		 0.0001696940		 0.0000849614			  0.0000808263			0.0000041352
1.02		 0.0001575050		 0.0000788519			  0.0000750659			0.0000037860
1.03		 0.0001462390		 0.0000732059			  0.0000697384			0.0000034675
1.04		 0.0001358220		 0.0000679862			  0.0000648094			0.0000031768
1.05		 0.0001261850		 0.0000631580			  0.0000602466			0.0000029113
1.06		 0.0001172650		 0.0000586895			  0.0000560208			0.0000026688
1.07		 0.0001090060		 0.0000545527			  0.0000521057			0.0000024470
1.08		 0.0001013560		 0.0000507214			  0.0000484770			0.0000022443
1.09		 0.0000942660		 0.0000471709			  0.0000451118			0.0000020590
1.10		 0.0000876930		 0.0000438796			  0.0000419902			0.0000018894
1.11		 0.0000815970		 0.0000408274			  0.0000390934			0.0000017341
1.12		 0.0000759420		 0.0000379963			  0.0000364043			0.0000015920
1.13		 0.0000706920		 0.0000353681			  0.0000339065			0.0000014617
1.14		 0.0000658190		 0.0000329289			  0.0000315865			0.0000013424
1.15		 0.0000612920		 0.0000306630			  0.0000294299			0.0000012330
1.16		 0.0000570870		 0.0000285584			  0.0000274256			0.0000011328
1.17		 0.0000531780		 0.0000266021			  0.0000255612			0.0000010408
1.18		 0.0000495450		 0.0000247840			  0.0000238275			0.0000009564
1.19		 0.0000461660		 0.0000230931			  0.0000222140			0.0000008790
1.20		 0.0000430240		 0.0000215208			  0.0000207128			0.0000008081
1.21		 0.0000401000		 0.0000200578			  0.0000193149			0.0000007428
1.22		 0.0000373800		 0.0000186968			  0.0000180138			0.0000006830
1.23		 0.0000348470		 0.0000174295			  0.0000168015			0.0000006280
1.24		 0.0000324900		 0.0000162503			  0.0000156728			0.0000005775
1.25		 0.0000302950		 0.0000151521			  0.0000146210			0.0000005311
1.26		 0.0000282500		 0.0000141291			  0.0000136406			0.0000004885
1.27		 0.0000263460		 0.0000131766			  0.0000127273			0.0000004493
1.28		 0.0000245720		 0.0000122892			  0.0000118758			0.0000004133
1.29		 0.0000229190		 0.0000114623			  0.0000110821			0.0000003802
1.30		 0.0000213780		 0.0000106915			  0.0000103417			0.0000003498
1.31		 0.0000199420		 0.0000099732			  0.0000096514			0.0000003218
1.32		 0.0000186030		 0.0000093034			  0.0000090073			0.0000002961
1.33		 0.0000173560		 0.0000086797			  0.0000084073			0.0000002724
1.34		 0.0000161920		 0.0000080975			  0.0000078468			0.0000002507
1.35		 0.0000151070		 0.0000075548			  0.0000073241			0.0000002307
1.36		 0.0000140960		 0.0000070492			  0.0000068369			0.0000002123
1.37		 0.0000131520		 0.0000065770			  0.0000063817			0.0000001953
1.38		 0.0000122720		 0.0000061369			  0.0000059571			0.0000001798
1.39		 0.0000114520		 0.0000057268			  0.0000055614			0.0000001654
1.40		 0.0000106860		 0.0000053437			  0.0000051914			0.0000001523
1.41		 0.0000099720		 0.0000049866			  0.0000048465			0.0000001401
1.42		 0.0000093060		 0.0000046536			  0.0000045247			0.0000001289
1.43		 0.0000086840		 0.0000043425			  0.0000042238			0.0000001187
1.44		 0.0000081040		 0.0000040524			  0.0000039432			0.0000001092
1.45		 0.0000075630		 0.0000037819			  0.0000036814			0.0000001005
1.46		 0.0000070580		 0.0000035293			  0.0000034368			0.0000000925
1.47		 0.0000065870		 0.0000032938			  0.0000032087			0.0000000851
1.48		 0.0000061480		 0.0000030743			  0.0000029959			0.0000000784
1.49		 0.0000057380		 0.0000028692			  0.0000027971			0.0000000722
1.50		 0.0000053550		 0.0000026777			  0.0000026113			0.0000000664
1.51		 0.0000049978		 0.0000024991			  0.0000024379			0.0000000611
1.52		 0.0000046644		 0.0000023324			  0.0000022761			0.0000000563
1.53		 0.0000043534		 0.0000021769			  0.0000021251			0.0000000518
1.54		 0.0000040631		 0.0000020317			  0.0000019840			0.0000000476
1.55		 0.0000037922		 0.0000018962			  0.0000018523			0.0000000439
1.56		 0.0000035393		 0.0000017698			  0.0000017293			0.0000000404
1.57		 0.0000033034		 0.0000016518			  0.0000016147			0.0000000371
1.58		 0.0000030831		 0.0000015416			  0.0000015075			0.0000000342
1.59		 0.0000028776		 0.0000014389			  0.0000014074			0.0000000314
1.60		 0.0000026858		 0.0000013430			  0.0000013140			0.0000000290
1.61		 0.0000025068		 0.0000012535			  0.0000012268			0.0000000266
1.62		 0.0000023397		 0.0000011699			  0.0000011454			0.0000000245
1.63		 0.0000021837		 0.0000010919			  0.0000010693			0.0000000226
1.64		 0.0000020382		 0.0000010191			  0.0000009983			0.0000000208
1.65		 0.0000019023		 0.0000009512			  0.0000009321			0.0000000191
1.66		 0.0000017755		 0.0000008878			  0.0000008702			0.0000000176
1.67		 0.0000016572		 0.0000008286			  0.0000008125			0.0000000162
1.68		 0.0000015467		 0.0000007734			  0.0000007585			0.0000000149
1.69		 0.0000014437		 0.0000007219			  0.0000007081			0.0000000138
1.70		 0.0000013474		 0.0000006737			  0.0000006611			0.0000000126
1.71		 0.0000012576		 0.0000006288			  0.0000006171			0.0000000117
1.72		 0.0000011738		 0.0000005869			  0.0000005762			0.0000000107
1.73		 0.0000010956		 0.0000005478			  0.0000005380			0.0000000099
1.74		 0.0000010226		 0.0000005113			  0.0000005022			0.0000000091
1.75		 0.0000009544		 0.0000004772			  0.0000004689			0.0000000083
1.76		 0.0000008908		 0.0000004454			  0.0000004378			0.0000000076
1.77		 0.0000008315		 0.0000004157			  0.0000004087			0.0000000071
1.78		 0.0000007761		 0.0000003880			  0.0000003815			0.0000000065
1.79		 0.0000007243		 0.0000003622			  0.0000003562			0.0000000060
1.80		 0.0000006761		 0.0000003380			  0.0000003325			0.0000000055