zondag 2 okt 2005
Chris Geerse

golfkenmerken =
           1        1998          10          30         383           1
           2        1999           3           4         196           2
golven =
   -15   119    97
   -14   106   105
   -13    94    93
   -12    85   113
   -11    80   103
   -10    76   108
    -9    85   128
    -8    93   123
    -7    89   104
    -6   124    93
    -5   151    88
    -4   176    84
    -3   126    81
    -2   212   174
    -1   297   193
     0   383   196
     1   378   183
     2   372   171
     3   367   130
     4   341    97
     5   316    95
     6   285    97
     7   253    94
     8   227    85
     9   201    80
    10   175    79
    11   192    72
    12   208    68
    13   189    66
    14   173    65
    15   145    73
    
    [v,tvoor,tachter]
         0         0  -14.6000  -14.6000         0   14.6000   14.6000
    0.1000    0.1000  -14.5660  -14.5806    0.1000   14.5759   14.5716
    0.2000    0.2000  -13.5320  -14.5612    0.2000   14.5518   14.5432
    0.3000    0.3000   -6.2290  -14.5418    0.3000   14.5277   14.5148
    0.4000    0.4000   -3.8962  -14.5224    0.4000   14.5036    9.7750
    0.5000    0.5000   -2.2368   -9.5655    0.5000   11.2805    4.3857
    0.6000    0.6000   -1.7889   -4.1903    0.6000    7.8923    3.3892
    0.7000    0.7000   -1.3409   -2.3268    0.7000    6.5310    2.8595
    0.8000    0.8000   -0.8930   -1.9768    0.8000    5.2893    2.2623
    0.9000    0.9000   -0.5000   -1.6268    0.9000    3.8647    1.5226
    1.0000    1.0000   -0.5000   -0.5000    1.0000    0.5000    0.5000


	index_DG (voor golf maart 1999)=
	
	     2
	     3
	     4
	     5
	     7
	    13
	    16
	    21
	    22
        30
		
[golf_aangepast(:,1),golf_aangepast(:,2)+ref_niv]. maart 1999
  -14.5000  101.0000
  -14.5000  105.0000
  -13.5001  105.0000
  -13.5000   99.0000
  -13.5000   93.0000
  -12.5001   93.0000
  -12.5000  103.0000
  -12.5000  113.0000
  -11.5001  113.0000
  -11.5000  108.0000
  -11.5000  103.0000
  -10.5001  103.0000
  -10.5000  105.5000
   -9.5000  118.0000
   -9.5000  128.0000
   -8.5000  128.0000
   -8.5000  125.5000
   -7.5000  113.5000
   -6.5000   98.5000
   -5.5000   90.5000
   -4.5000   86.0000
   -3.5000   82.5000
   -3.5000   81.0000
   -2.5000   81.0000
   -2.5000  127.5000
   -1.5000  183.5000
   -0.5000  194.5000
   -0.5000  196.0000
    0.5000  196.0000
    0.5000  189.5000
    1.5000  177.0000
    2.5000  150.5000
    3.5000  113.5000
    4.5000   96.0000
    4.5000   95.0000
    5.5000   95.0000
    5.5000   96.0000
    5.5000   97.0000
    6.5000   97.0000
    6.5000   95.5000
    7.5000   89.5000
    8.5000   82.5000
    9.5000   79.5000
   10.5000   75.5000
   11.5000   70.0000
   12.5000   67.0000
   13.5000   65.5000
   13.5001   65.0000
   14.5000   65.0000
   14.5000   69.0000


 [[golf_op_index;golf_neer_index],golf_aangepast(:,1)]

ans =

    1.0000  -14.5000
    2.0000  -14.5000
    3.0000  -13.5001
    4.0000  -13.5000
    5.0000  -13.5000
    6.0000  -12.5001
    7.0000  -12.5000
    8.0000  -12.5000
    9.0000  -11.5001
   10.0000  -11.5000
   11.0000  -11.5000
   12.0000  -10.5001
   13.0000  -10.5000
   14.0000   -9.5000
   15.0000   -9.5000
   16.0000   -8.5000
   17.0000   -8.5000
   18.0000   -7.5000
   19.0000   -6.5000
   20.0000   -5.5000
   21.0000   -4.5000
   22.0000   -3.5000
   23.0000   -3.5000
   24.0000   -2.5000
   25.0000   -2.5000
   26.0000   -1.5000
   27.0000   -0.5000
   28.0000   -0.5000 28 is laatste getal uit golf_op_index
   
   29.0000    0.5000
   30.0000    0.5000
   31.0000    1.5000
   32.0000    2.5000
   33.0000    3.5000
   34.0000    4.5000
   35.0000    4.5000
   36.0000    5.5000
   37.0000    5.5000
   38.0000    5.5000
   39.0000    6.5000
   40.0000    6.5000
   41.0000    7.5000
   42.0000    8.5000
   43.0000    9.5000
   44.0000   10.5000
   45.0000   11.5000
   46.0000   12.5000
   47.0000   13.5000
   48.0000   13.5001
   49.0000   14.5000
   50.0000   14.5000