topduur_inv = ...
    [0, 720;        %eerste kolom moet toenemend zijn, voor tweede geldt dat niet
    300, 408;
    1000, 48]



[by, fy_piek(:,2), Gy_piek(:,2), fy_mom(:,2), Gy_mom(:,2)]


         0  720.0000    0.0078    1.0000    0.0087    1.0000
   50.0000  668.0000    0.0048    0.6079    0.0049    0.5650
  100.0000  616.0000    0.0029    0.3696    0.0028    0.3177
  150.0000  564.0000    0.0018    0.2247    0.0016    0.1777
  200.0000  512.0000    0.0017    0.1134    0.0013    0.0989
  250.0000  460.0000    0.0007    0.0432    0.0004    0.0341
  300.0000  408.0000    0.0002    0.0165    0.0002    0.0118
  350.0000  382.2857    0.0001    0.0063    0.0001    0.0042
  400.0000  356.5714    0.0000    0.0024    0.0000    0.0015
  450.0000  330.8571    0.0000    0.0009    0.0000    0.0005
  500.0000  305.1429    0.0000    0.0003    0.0000    0.0002
  550.0000  279.4286    0.0000    0.0001    0.0000    0.0001
  600.0000  253.7143    0.0000    0.0001    0.0000    0.0000
  
  versie nu met structure
  [berekeningen_trap.y,berekeningen_trap.by, berekeningen_trap.fy_piek, ...
  berekeningen_trap.Gy_piek, berekeningen_trap.fy_mom, berekeningen_trap.Gy_mom]
  
  
           0  720.0000    0.0078    1.0000    0.0087    1.0000
     50.0000  668.0000    0.0048    0.6079    0.0049    0.5650
    100.0000  616.0000    0.0029    0.3696    0.0028    0.3177
    150.0000  564.0000    0.0018    0.2247    0.0016    0.1777
    200.0000  512.0000    0.0017    0.1134    0.0013    0.0989
    250.0000  460.0000    0.0007    0.0432    0.0004    0.0341
    300.0000  408.0000    0.0002    0.0165    0.0002    0.0118
    350.0000  382.2857    0.0001    0.0063    0.0001    0.0042
    400.0000  356.5714    0.0000    0.0024    0.0000    0.0015
    450.0000  330.8571    0.0000    0.0009    0.0000    0.0005
    500.0000  305.1429    0.0000    0.0003    0.0000    0.0002
    550.0000  279.4286    0.0000    0.0001    0.0000    0.0001
    600.0000  253.7143    0.0000    0.0001    0.0000    0.0000

Na aanroep uit hoofdprogramma
        0  720.0000    0.0078    1.0000    0.0087    1.0000
   50.0000  668.0000    0.0048    0.6079    0.0049    0.5650
  100.0000  616.0000    0.0029    0.3696    0.0028    0.3177
  150.0000  564.0000    0.0018    0.2247    0.0016    0.1777
  200.0000  512.0000    0.0017    0.1134    0.0013    0.0989
  250.0000  460.0000    0.0007    0.0432    0.0004    0.0341
  300.0000  408.0000    0.0002    0.0165    0.0002    0.0118
  350.0000  382.2857    0.0001    0.0063    0.0001    0.0042
  400.0000  356.5714    0.0000    0.0024    0.0000    0.0015
  450.0000  330.8571    0.0000    0.0009    0.0000    0.0005
  500.0000  305.1429    0.0000    0.0003    0.0000    0.0002
  550.0000  279.4286    0.0000    0.0001    0.0000    0.0001
  600.0000  253.7143    0.0000    0.0001    0.0000    0.0000