 0  1.000000E+00  1.000000E+00  1.000000E+00  1.000000E+00  1.000000E+00  1.000000E+00  1.000000E+00  1.000000E+00  1.000000E+00  1.000000E+00  1.000000E+00  1.000000E+00
 1  1.000000E+00  1.000000E+00  1.000000E+00  1.000000E+00  1.000000E+00  1.000000E+00  1.000000E+00  1.000000E+00  1.000000E+00  1.000000E+00  1.000000E+00  1.000000E+00
 2  1.000000E+00  1.000000E+00  1.000000E+00  1.000000E+00  1.000000E+00  1.000000E+00  1.000000E+00  1.000000E+00  1.000000E+00  1.000000E+00  1.000000E+00  1.000000E+00
 3  1.000000E+00  1.000000E+00  1.000000E+00  1.000000E+00  1.000000E+00  1.000000E+00  1.000000E+00  1.000000E+00  1.000000E+00  1.000000E+00  1.000000E+00  1.000000E+00
 4  9.999997E-01  9.999999E-01  9.999964E-01  9.999958E-01  1.000000E+00  1.000000E+00  1.000000E+00  1.000000E+00  1.000000E+00  9.999996E-01  9.999998E-01  9.999975E-01
 5  9.999801E-01  9.999905E-01  9.998908E-01  9.998494E-01  9.999992E-01  1.000000E+00  1.000000E+00  1.000000E+00  1.000000E+00  9.999895E-01  9.999906E-01  9.999170E-01
 6  9.995590E-01  9.997967E-01  9.986890E-01  9.980275E-01  9.999566E-01  9.999999E-01  1.000000E+00  1.000000E+00  1.000000E+00  9.998854E-01  9.998576E-01  9.989781E-01
 7  9.956668E-01  9.979691E-01  9.915559E-01  9.868356E-01  9.991359E-01  9.999942E-01  1.000000E+00  9.999999E-01  9.999992E-01  9.992861E-01  9.989028E-01  9.933448E-01
 8  9.763080E-01  9.882220E-01  9.653700E-01  9.463006E-01  9.918197E-01  9.998743E-01  9.999988E-01  9.999982E-01  9.999877E-01  9.969823E-01  9.946894E-01  9.722894E-01
 9  9.171966E-01  9.549405E-01  8.997708E-01  8.503074E-01  9.568390E-01  9.985853E-01  9.999748E-01  9.999730E-01  9.998854E-01  9.903582E-01  9.816520E-01  9.177872E-01
10  7.965141E-01  8.763548E-01  7.803158E-01  6.911469E-01  8.583488E-01  9.905853E-01  9.997102E-01  9.997495E-01  9.992855E-01  9.750778E-01  9.509692E-01  8.140546E-01
11  6.209218E-01  7.410647E-01  6.147453E-01  4.963904E-01  6.824338E-01  9.596573E-01  9.979084E-01  9.984467E-01  9.967708E-01  9.455257E-01  8.931407E-01  6.632427E-01
12  4.287143E-01  5.642304E-01  4.336384E-01  3.124062E-01  4.683198E-01  8.807915E-01  9.897838E-01  9.931036E-01  9.888015E-01  8.962648E-01  8.028580E-01  4.904234E-01
13  2.625417E-01  3.825539E-01  2.725724E-01  1.727529E-01  2.774819E-01  7.410666E-01  9.642500E-01  9.769439E-01  9.689426E-01  8.242251E-01  6.833458E-01  3.292640E-01
14  1.440405E-01  2.310039E-01  1.530200E-01  8.457065E-02  1.441906E-01  5.597893E-01  9.058528E-01  9.395333E-01  9.288611E-01  7.306615E-01  5.468253E-01  2.027109E-01
15  7.170517E-02  1.251108E-01  7.717593E-02  3.692928E-02  6.694062E-02  3.781480E-01  8.046929E-01  8.710871E-01  8.617588E-01  6.216838E-01  4.102319E-01  1.160828E-01
16  3.277179E-02  6.134494E-02  3.519254E-02  1.445502E-02  2.817243E-02  2.302598E-01  6.666819E-01  7.691730E-01  7.666144E-01  5.067986E-01  2.888345E-01  6.271551E-02
17  1.388001E-02  2.746263E-02  1.458228E-02  5.081124E-03  1.084578E-02  1.279697E-01  5.126475E-01  6.421740E-01  6.501196E-01  3.961133E-01  1.916471E-01  3.232701E-02
18  5.484845E-03  1.129490E-02  5.507854E-03  1.603084E-03  3.836531E-03  6.568194E-02  3.668740E-01  5.061283E-01  5.246262E-01  2.976368E-01  1.205747E-01  1.601043E-02
19  2.031305E-03  4.284779E-03  1.899827E-03  4.531002E-04  1.248876E-03  3.140883E-02  2.460747E-01  3.776557E-01  4.035214E-01  2.158461E-01  7.244597E-02  7.642324E-03
20  7.067675E-04  1.502803E-03  5.992188E-04  1.144676E-04  3.740772E-04  1.407017E-02  1.559884E-01  2.682388E-01  2.970198E-01  1.517427E-01  4.187340E-02  3.516450E-03
21  2.311531E-04  4.879652E-04  1.730788E-04  2.579447E-05  1.030097E-04  5.920918E-03  9.418052E-02  1.825080E-01  2.103155E-01  1.038518E-01  2.343849E-02  1.557532E-03
22  7.098738E-05  1.467978E-04  4.587613E-05  5.177319E-06  2.604461E-05  2.342699E-03  5.450210E-02  1.196760E-01  1.440490E-01  6.944164E-02  1.277498E-02  6.628952E-04
23  2.042606E-05  4.093243E-05  1.118834E-05  9.250531E-07  6.037211E-06  8.713510E-04  3.037287E-02  7.602413E-02  9.592688E-02  4.548798E-02  6.805819E-03  2.706899E-04
24  5.492548E-06  1.058047E-05  2.517834E-06  1.472911E-07  1.280929E-06  3.044222E-04  1.635292E-02  4.697921E-02  6.238828E-02  2.924263E-02  3.551074E-03  1.059460E-04
25  1.376741E-06  2.535434E-06  5.241745E-07  2.102460E-08  2.483050E-07  9.979540E-05  8.524623E-03  2.832784E-02  3.977257E-02  1.846744E-02  1.815454E-03  3.972296E-05
26  3.210098E-07  5.632822E-07  1.010664E-07  2.193869E-09  4.394491E-08  3.066246E-05  4.308346E-03  1.670472E-02  2.492354E-02  1.146151E-02  9.088291E-04  1.426485E-05
27  6.952648E-08  1.161914E-07  1.824575E-08  2.249452E-10  6.901174E-09  8.820266E-06  2.112758E-03  9.648296E-03  1.538451E-02  6.991055E-03  4.450065E-04  4.905732E-06
28  1.396853E-08  2.225720E-08  3.417115E-09  0.000000E+00  1.054143E-09  2.372866E-06  1.005732E-03  5.463826E-03  9.367696E-03  4.190465E-03  2.128885E-04  1.615579E-06
29  2.586961E-09  3.922071E-09  0.000000E+00  0.000000E+00  0.000000E+00  5.963955E-07  4.648259E-04  3.035790E-03  5.632025E-03  2.467982E-03  9.941811E-05  5.095619E-07
30  4.246630E-10  1.437858E-10  0.000000E+00  0.000000E+00  0.000000E+00  1.398485E-07  2.085837E-04  1.655622E-03  3.345188E-03  1.428057E-03  4.526507E-05  1.538424E-07
31  4.231249E-11  0.000000E+00  0.000000E+00  0.000000E+00  0.000000E+00  3.062338E-08  9.086576E-05  8.864936E-04  1.963464E-03  8.118369E-04  2.010962E-05  4.422422E-08
32  0.000000E+00  0.000000E+00  0.000000E+00  0.000000E+00  0.000000E+00  6.020096E-09  3.841946E-05  4.660921E-04  1.138970E-03  4.534591E-04  8.707934E-06  1.264561E-08
33  0.000000E+00  0.000000E+00  0.000000E+00  0.000000E+00  0.000000E+00  7.484284E-10  1.576141E-05  2.406384E-04  6.529393E-04  2.488875E-04  3.674970E-06  1.535763E-09
34  0.000000E+00  0.000000E+00  0.000000E+00  0.000000E+00  0.000000E+00  0.000000E+00  6.271352E-06  1.219936E-04  3.698734E-04  1.342541E-04  1.511371E-06  1.929812E-11
35  0.000000E+00  0.000000E+00  0.000000E+00  0.000000E+00  0.000000E+00  0.000000E+00  2.419138E-06  6.072164E-05  2.070026E-04  7.118745E-05  6.056434E-07  0.000000E+00
36  0.000000E+00  0.000000E+00  0.000000E+00  0.000000E+00  0.000000E+00  0.000000E+00  9.041755E-07  2.966993E-05  1.144315E-04  3.711045E-05  2.364826E-07  0.000000E+00
37  0.000000E+00  0.000000E+00  0.000000E+00  0.000000E+00  0.000000E+00  0.000000E+00  3.272293E-07  1.422889E-05  6.246726E-05  1.902353E-05  8.974434E-08  0.000000E+00
38  0.000000E+00  0.000000E+00  0.000000E+00  0.000000E+00  0.000000E+00  0.000000E+00  1.149797E-07  6.695900E-06  3.366490E-05  9.590960E-06  3.268224E-08  0.000000E+00
39  0.000000E+00  0.000000E+00  0.000000E+00  0.000000E+00  0.000000E+00  0.000000E+00  3.860287E-08  3.091182E-06  1.790696E-05  4.756619E-06  1.179772E-08  0.000000E+00
40  0.000000E+00  0.000000E+00  0.000000E+00  0.000000E+00  0.000000E+00  0.000000E+00  1.250820E-08  1.399578E-06  9.398297E-06  2.320979E-06  0.000000E+00  0.000000E+00
41  0.000000E+00  0.000000E+00  0.000000E+00  0.000000E+00  0.000000E+00  0.000000E+00  4.190577E-09  6.212990E-07  4.865720E-06  1.114238E-06  0.000000E+00  0.000000E+00
42  0.000000E+00  0.000000E+00  0.000000E+00  0.000000E+00  0.000000E+00  0.000000E+00  2.142551E-09  2.702919E-07  2.484352E-06  5.266858E-07  0.000000E+00  0.000000E+00
