-75                       0.99
-74.83333333                       1.05
-74.66666667                       1.09
-74.5                       1.11
-74.33333333                       1.09
-74.16666667                       1.06
-74                       1.03
-73.83333333                       1
-73.66666667                       0.96
-73.5                       0.93
-73.33333333                       0.9
-73.16666667                       0.87
-73                       0.84
-72.83333333                       0.81
-72.66666667                       0.77
-72.5                       0.73
-72.33333333                       0.67
-72.16666667                       0.61
-72                       0.54
-71.83333333                       0.47
-71.66666667                       0.39
-71.5                       0.3
-71.33333333                       0.23
-71.16666667                       0.14
-71                       0.05
-70.83333333                       -0.03
-70.66666667                       -0.12
-70.5                       -0.2
-70.33333333                       -0.29
-70.16666667                       -0.36
-70                       -0.43
-69.83333333                       -0.49
-69.66666667                       -0.55
-69.5                       -0.59
-69.33333333                       -0.61
-69.16666667                       -0.63
-69                       -0.63
-68.83333333                       -0.63
-68.66666667                       -0.62
-68.5                       -0.61
-68.33333333                       -0.61
-68.16666667                       -0.6
-68                       -0.59
-67.83333333                       -0.59
-67.66666667                       -0.6
-67.5                       -0.6
-67.33333333                       -0.61
-67.16666667                       -0.61
-67                       -0.62
-66.83333333                       -0.62
-66.66666667                       -0.62
-66.5                       -0.62
-66.33333333                       -0.62
-66.16666667                       -0.62
-66                       -0.61
-65.83333333                       -0.6
-65.66666667                       -0.58
-65.5                       -0.55
-65.33333333                       -0.52
-65.16666667                       -0.47
-65                       -0.43
-64.83333333                       -0.38
-64.66666667                       -0.33
-64.5                       -0.27
-64.33333333                       -0.2
-64.16666667                       -0.11
-64                       -0.02
-63.83333333                       0.09
-63.66666667                       0.22
-63.5                       0.36
-63.33333333                       0.5
-63.16666667                       0.64
-63                       0.77
-62.83333333                       0.89
-62.66666667                       0.99
-62.5                       1.05
-62.33333333                       1.09
-62.16666667                       1.11
-62                       1.1
-61.83333333                       1.08
-61.66666667                       1.05
-61.5                       1.02
-61.33333333                       0.98
-61.16666667                       0.94
-61                       0.91
-60.83333333                       0.88
-60.66666667                       0.86
-60.5                       0.83
-60.33333333                       0.79
-60.16666667                       0.75
-60                       0.71
-59.83333333                       0.64
-59.66666667                       0.58
-59.5                       0.51
-59.33333333                       0.43
-59.16666667                       0.34
-59                       0.26
-58.83333333                       0.18
-58.66666667                       0.09
-58.5                       0.01
-58.33333333                       -0.08
-58.16666667                       -0.16
-58                       -0.25
-57.83333333                       -0.32
-57.66666667                       -0.4
-57.5                       -0.46
-57.33333333                       -0.52
-57.16666667                       -0.57
-57                       -0.6
-56.83333333                       -0.62
-56.66666667                       -0.63
-56.5                       -0.63
-56.33333333                       -0.63
-56.16666667                       -0.62
-56                       -0.61
-55.83333333                       -0.6
-55.66666667                       -0.6
-55.5                       -0.59
-55.33333333                       -0.6
-55.16666667                       -0.6
-55                       -0.6
-54.83333333                       -0.61
-54.66666667                       -0.61
-54.5                       -0.62
-54.33333333                       -0.62
-54.16666667                       -0.62
-54                       -0.62
-53.83333333                       -0.62
-53.66666667                       -0.62
-53.5                       -0.61
-53.33333333                       -0.59
-53.16666667                       -0.56
-53                       -0.54
-52.83333333                       -0.5
-52.66666667                       -0.45
-52.5                       -0.41
-52.33333333                       -0.36
-52.16666667                       -0.3
-52                       -0.24
-51.83333333                       -0.15
-51.66666667                       -0.06
-51.5                       0.04
-51.33333333                       0.16
-51.16666667                       0.29
-51                       0.43
-50.83333333                       0.57
-50.66666667                       0.71
-50.5                       0.83
-50.33333333                       0.94
-50.16666667                       1.03
-50                       1.08
-49.83333333                       1.1
-49.66666667                       1.11
-49.5                       1.09
-49.33333333                       1.06
-49.16666667                       1.03
-49                       1
-48.83333333                       0.96
-48.66666667                       0.93
-48.5                       0.9
-48.33333333                       0.87
-48.16666667                       0.84
-48                       0.81
-47.83333333                       0.77
-47.66666667                       0.73
-47.5                       0.67
-47.33333333                       0.61
-47.16666667                       0.54
-47                       0.47
-46.83333333                       0.39
-46.66666667                       0.3
-46.5                       0.23
-46.33333333                       0.14
-46.16666667                       0.05
-46                       -0.03
-45.83333333                       -0.12
-45.66666667                       -0.2
-45.5                       -0.29
-45.33333333                       -0.36
-45.16666667                       -0.43
-45                       -0.49
-44.83333333                       -0.55
-44.66666667                       -0.59
-44.5                       -0.61
-44.33333333                       -0.63
-44.16666667                       -0.63
-44                       -0.63
-43.83333333                       -0.62
-43.66666667                       -0.61
-43.5                       -0.61
-43.33333333                       -0.6
-43.16666667                       -0.59
-43                       -0.59
-42.83333333                       -0.6
-42.66666667                       -0.6
-42.5                       -0.61
-42.33333333                       -0.61
-42.16666667                       -0.62
-42                       -0.62
-41.83333333                       -0.62
-41.66666667                       -0.62
-41.5                       -0.62
-41.33333333                       -0.62
-41.16666667                       -0.61
-41                       -0.6
-40.83333333                       -0.58
-40.66666667                       -0.55
-40.5                       -0.52
-40.33333333                       -0.47
-40.16666667                       -0.43
-40                       -0.38
-39.83333333                       -0.33
-39.66666667                       -0.27
-39.5                       -0.2
-39.33333333                       -0.11
-39.16666667                       -0.02
-39                       0.09
-38.83333333                       0.22
-38.66666667                       0.36
-38.5                       0.5
-38.33333333                       0.64
-38.16666667                       0.77
-38                       0.89
-37.83333333                       0.99
-37.66666667                       1.05
-37.5                       1.09
-37.33333333                       1.11
-37.16666667                       1.1
-37                       1.08
-36.83333333                       1.05
-36.66666667                       1.02
-36.5                       0.98
-36.33333333                       0.94
-36.16666667                       0.91
-36                       0.88
-35.83333333                       0.86
-35.66666667                       0.83
-35.5                       0.79
-35.33333333                       0.75
-35.16666667                       0.71
-35                       0.64
-34.83333333                       0.58
-34.66666667                       0.51
-34.5                       0.43
-34.33333333                       0.34
-34.16666667                       0.26
-34                       0.18
-33.83333333                       0.09
-33.66666667                       0.01
-33.5                       -0.08
-33.33333333                       -0.16
-33.16666667                       -0.25
-33                       -0.32
-32.83333333                       -0.4
-32.66666667                       -0.46
-32.5                       -0.52
-32.33333333                       -0.57
-32.16666667                       -0.6
-32                       -0.62
-31.83333333                       -0.63
-31.66666667                       -0.63
-31.5                       -0.63
-31.33333333                       -0.62
-31.16666667                       -0.61
-31                       -0.6
-30.83333333                       -0.6
-30.66666667                       -0.59
-30.5                       -0.6
-30.33333333                       -0.6
-30.16666667                       -0.6
-30                       -0.61
-29.83333333                       -0.61
-29.66666667                       -0.62
-29.5                       -0.62
-29.33333333                       -0.62
-29.16666667                       -0.62
-29                       -0.62
-28.83333333                       -0.62
-28.66666667                       -0.61
-28.5                       -0.59
-28.33333333                       -0.56
-28.16666667                       -0.54
-28                       -0.5
-27.83333333                       -0.45
-27.66666667                       -0.41
-27.5                       -0.36
-27.33333333                       -0.3
-27.16666667                       -0.24
-27                       -0.15
-26.83333333                       -0.06
-26.66666667                       0.04
-26.5                       0.16
-26.33333333                       0.29
-26.16666667                       0.43
-26                       0.57
-25.83333333                       0.71
-25.66666667                       0.83
-25.5                       0.94
-25.33333333                       1.03
-25.16666667                       1.08
-25                       1.1
-24.83333333                       1.11
-24.66666667                       1.09
-24.5                       1.06
-24.33333333                       1.03
-24.16666667                       1
-24                       0.96
-23.83333333                       0.93
-23.66666667                       0.9
-23.5                       0.87
-23.33333333                       0.84
-23.16666667                       0.81
-23                       0.77
-22.83333333                       0.73
-22.66666667                       0.67
-22.5                       0.61
-22.33333333                       0.54
-22.16666667                       0.47
-22                       0.39
-21.83333333                       0.3
-21.66666667                       0.23
-21.5                       0.14
-21.33333333                       0.05
-21.16666667                       -0.03
-21                       -0.12
-20.83333333                       -0.2
-20.66666667                       -0.29
-20.5                       -0.36
-20.33333333                       -0.43
-20.16666667                       -0.49
-20                       -0.55
-19.83333333                       -0.59
-19.66666667                       -0.61
-19.5                       -0.63
-19.33333333                       -0.63
-19.16666667                       -0.63
-19                       -0.62
-18.83333333                       -0.61
-18.66666667                       -0.61
-18.5                       -0.6
-18.33333333                       -0.59
-18.16666667                       -0.59
-18                       -0.6
-17.83333333                       -0.6
-17.66666667                       -0.61
-17.5                       -0.61
-17.33333333                       -0.62
-17.16666667                       -0.62
-17                       -0.62
-16.83333333                       -0.62
-16.66666667                       -0.62
-16.5                       -0.62
-16.33333333                       -0.61
-16.16666667                       -0.6
-16                       -0.58
-15.83333333                       -0.55
-15.66666667                       -0.52
-15.5                       -0.47
-15.33333333                       -0.43
-15.16666667                       -0.38
-15                       -0.33
-14.83333333                       -0.27
-14.66666667                       -0.2
-14.5                       -0.11
-14.33333333                       -0.02
-14.16666667                       0.09
-14                       0.22
-13.83333333                       0.36
-13.66666667                       0.5
-13.5                       0.64
-13.33333333                       0.77
-13.16666667                       0.89
-13                       0.99
-12.83333333                       1.05
-12.66666667                       1.09
-12.5                       1.11
-12.33333333                       1.1
-12.16666667                       1.08
-12                       1.05
-11.83333333                       1.02
-11.66666667                       0.98
-11.5                       0.94
-11.33333333                       0.91
-11.16666667                       0.88
-11                       0.86
-10.83333333                       0.83
-10.66666667                       0.79
-10.5                       0.75
-10.33333333                       0.71
-10.16666667                       0.64
-10                       0.58
-9.833333333                       0.51
-9.666666667                       0.43
-9.5                       0.34
-9.333333333                       0.26
-9.166666667                       0.18
-9                       0.09
-8.833333333                       0.01
-8.666666667                       -0.08
-8.5                       -0.16
-8.333333333                       -0.25
-8.166666667                       -0.32
-8                       -0.4
-7.833333333                       -0.46
-7.666666667                       -0.52
-7.5                       -0.57
-7.333333333                       -0.6
-7.166666667                       -0.62
-7                       -0.63
-6.833333333                       -0.63
-6.666666667                       -0.63
-6.5                       -0.62
-6.333333333                       -0.61
-6.166666667                       -0.6
-6                       -0.6
-5.833333333                       -0.59
-5.666666667                       -0.6
-5.5                       -0.6
-5.333333333                       -0.6
-5.166666667                       -0.61
-5                       -0.61
-4.833333333                       -0.62
-4.666666667                       -0.62
-4.5                       -0.62
-4.333333333                       -0.62
-4.166666667                       -0.62
-4                       -0.62
-3.833333333                       -0.61
-3.666666667                       -0.59
-3.5                       -0.56
-3.333333333                       -0.54
-3.166666667                       -0.5
-3                       -0.45
-2.833333333                       -0.41
-2.666666667                       -0.36
-2.5                       -0.3
-2.333333333                       -0.24
-2.166666667                       -0.15
-2                       -0.06
-1.833333333                       0.04
-1.666666667                       0.16
-1.5                       0.29
-1.333333333                       0.43
-1.166666667                       0.57
-1                       0.71
-0.833333333                       0.83
-0.666666667                       0.94
-0.5                       1.03
-0.333333333                       1.08
-0.166666667                       1.1
0                       1.11
0.166666667                       1.09
0.333333333                       1.06
0.5                       1.03
0.666666667                       1
0.833333333                       0.96
1                       0.93
1.166666667                       0.9
1.333333333                       0.87
1.5                       0.84
1.666666667                       0.81
1.833333333                       0.77
2                       0.73
2.166666667                       0.67
2.333333333                       0.61
2.5                       0.54
2.666666667                       0.47
2.833333333                       0.39
3                       0.3
3.166666667                       0.23
3.333333333                       0.14
3.5                       0.05
3.666666667                       -0.03
3.833333333                       -0.12
4                       -0.2
4.166666667                       -0.29
4.333333333                       -0.36
4.5                       -0.43
4.666666667                       -0.49
4.833333333                       -0.55
5                       -0.59
5.166666667                       -0.61
5.333333333                       -0.63
5.5                       -0.63
5.666666667                       -0.63
5.833333333                       -0.62
6                       -0.61
6.166666667                       -0.61
6.333333333                       -0.6
6.5                       -0.59
6.666666667                       -0.59
6.833333333                       -0.6
7                       -0.6
7.166666667                       -0.61
7.333333333                       -0.61
7.5                       -0.62
7.666666667                       -0.62
7.833333333                       -0.62
8                       -0.62
8.166666667                       -0.62
8.333333333                       -0.62
8.5                       -0.61
8.666666667                       -0.6
8.833333333                       -0.58
9                       -0.55
9.166666667                       -0.52
9.333333333                       -0.47
9.5                       -0.43
9.666666667                       -0.38
9.833333333                       -0.33
10                       -0.27
10.16666667                       -0.2
10.33333333                       -0.11
10.5                       -0.02
10.66666667                       0.09
10.83333333                       0.22
11                       0.36
11.16666667                       0.5
11.33333333                       0.64
11.5                       0.77
11.66666667                       0.89
11.83333333                       0.99
12                       1.05
12.16666667                       1.09
12.33333333                       1.11
12.5                       1.1
12.66666667                       1.08
12.83333333                       1.05
13                       1.02
13.16666667                       0.98
13.33333333                       0.94
13.5                       0.91
13.66666667                       0.88
13.83333333                       0.86
14                       0.83
14.16666667                       0.79
14.33333333                       0.75
14.5                       0.71
14.66666667                       0.64
14.83333333                       0.58
15                       0.51
15.16666667                       0.43
15.33333333                       0.34
15.5                       0.26
15.66666667                       0.18
15.83333333                       0.09
16                       0.01
16.16666667                       -0.08
16.33333333                       -0.16
16.5                       -0.25
16.66666667                       -0.32
16.83333333                       -0.4
17                       -0.46
17.16666667                       -0.52
17.33333333                       -0.57
17.5                       -0.6
17.66666667                       -0.62
17.83333333                       -0.63
18                       -0.63
18.16666667                       -0.63
18.33333333                       -0.62
18.5                       -0.61
18.66666667                       -0.6
18.83333333                       -0.6
19                       -0.59
19.16666667                       -0.6
19.33333333                       -0.6
19.5                       -0.6
19.66666667                       -0.61
19.83333333                       -0.61
20                       -0.62
20.16666667                       -0.62
20.33333333                       -0.62
20.5                       -0.62
20.66666667                       -0.62
20.83333333                       -0.62
21                       -0.61
21.16666667                       -0.59
21.33333333                       -0.56
21.5                       -0.54
21.66666667                       -0.5
21.83333333                       -0.45
22                       -0.41
22.16666667                       -0.36
22.33333333                       -0.3
22.5                       -0.24
22.66666667                       -0.15
22.83333333                       -0.06
23                       0.04
23.16666667                       0.16
23.33333333                       0.29
23.5                       0.43
23.66666667                       0.57
23.83333333                       0.71
24                       0.83
24.16666667                       0.94
24.33333333                       1.03
24.5                       1.08
24.66666667                       1.1
24.83333333                       1.11
25                       1.09
25.16666667                       1.06
25.33333333                       1.03
25.5                       1
25.66666667                       0.96
25.83333333                       0.93
26                       0.9
26.16666667                       0.87
26.33333333                       0.84
26.5                       0.81
26.66666667                       0.77
26.83333333                       0.73
27                       0.67
27.16666667                       0.61
27.33333333                       0.54
27.5                       0.47
27.66666667                       0.39
27.83333333                       0.3
28                       0.23
28.16666667                       0.14
28.33333333                       0.05
28.5                       -0.03
28.66666667                       -0.12
28.83333333                       -0.2
29                       -0.29
29.16666667                       -0.36
29.33333333                       -0.43
29.5                       -0.49
29.66666667                       -0.55
29.83333333                       -0.59
30                       -0.61
30.16666667                       -0.63
30.33333333                       -0.63
30.5                       -0.63
30.66666667                       -0.62
30.83333333                       -0.61
31                       -0.61
31.16666667                       -0.6
31.33333333                       -0.59
31.5                       -0.59
31.66666667                       -0.6
31.83333333                       -0.6
32                       -0.61
32.16666667                       -0.61
32.33333333                       -0.62
32.5                       -0.62
32.66666667                       -0.62
32.83333333                       -0.62
33                       -0.62
33.16666667                       -0.62
33.33333333                       -0.61
33.5                       -0.6
33.66666667                       -0.58
33.83333333                       -0.55
34                       -0.52
34.16666667                       -0.47
34.33333333                       -0.43
34.5                       -0.38
34.66666667                       -0.33
34.83333333                       -0.27
35                       -0.2
35.16666667                       -0.11
35.33333333                       -0.02
35.5                       0.09
35.66666667                       0.22
35.83333333                       0.36
36                       0.5
36.16666667                       0.64
36.33333333                       0.77
36.5                       0.89
36.66666667                       0.99
36.83333333                       1.05
37                       1.09
37.16666667                       1.11
37.33333333                       1.1
37.5                       1.08
37.66666667                       1.05
37.83333333                       1.02
38                       0.98
38.16666667                       0.94
38.33333333                       0.91
38.5                       0.88
38.66666667                       0.86
38.83333333                       0.83
39                       0.79
39.16666667                       0.75
39.33333333                       0.71
39.5                       0.64
39.66666667                       0.58
39.83333333                       0.51
40                       0.43
40.16666667                       0.34
40.33333333                       0.26
40.5                       0.18
40.66666667                       0.09
40.83333333                       0.01
41                       -0.08
41.16666667                       -0.16
41.33333333                       -0.25
41.5                       -0.32
41.66666667                       -0.4
41.83333333                       -0.46
42                       -0.52
42.16666667                       -0.57
42.33333333                       -0.6
42.5                       -0.62
42.66666667                       -0.63
42.83333333                       -0.63
43                       -0.63
43.16666667                       -0.62
43.33333333                       -0.61
43.5                       -0.6
43.66666667                       -0.6
43.83333333                       -0.59
44                       -0.6
44.16666667                       -0.6
44.33333333                       -0.6
44.5                       -0.61
44.66666667                       -0.61
44.83333333                       -0.62
45                       -0.62
45.16666667                       -0.62
45.33333333                       -0.62
45.5                       -0.62
45.66666667                       -0.62
45.83333333                       -0.61
46                       -0.59
46.16666667                       -0.56
46.33333333                       -0.54
46.5                       -0.5
46.66666667                       -0.45
46.83333333                       -0.41
47                       -0.36
47.16666667                       -0.3
47.33333333                       -0.24
47.5                       -0.15
47.66666667                       -0.06
47.83333333                       0.04
48                       0.16
48.16666667                       0.29
48.33333333                       0.43
48.5                       0.57
48.66666667                       0.71
48.83333333                       0.83
49                       0.94
49.16666667                       1.03
49.33333333                       1.08
49.5                       1.1
49.66666667                       1.11
49.83333333                       1.09
50                       1.06
50.16666667                       1.03
50.33333333                       1
50.5                       0.96
50.66666667                       0.93
50.83333333                       0.9
51                       0.87
51.16666667                       0.84
51.33333333                       0.81
51.5                       0.77
51.66666667                       0.73
51.83333333                       0.67
52                       0.61
52.16666667                       0.54
52.33333333                       0.47
52.5                       0.39
52.66666667                       0.3
52.83333333                       0.23
53                       0.14
53.16666667                       0.05
53.33333333                       -0.03
53.5                       -0.12
53.66666667                       -0.2
53.83333333                       -0.29
54                       -0.36
54.16666667                       -0.43
54.33333333                       -0.49
54.5                       -0.55
54.66666667                       -0.59
54.83333333                       -0.61
55                       -0.63
55.16666667                       -0.63
55.33333333                       -0.63
55.5                       -0.62
55.66666667                       -0.61
55.83333333                       -0.61
56                       -0.6
56.16666667                       -0.59
56.33333333                       -0.59
56.5                       -0.6
56.66666667                       -0.6
56.83333333                       -0.61
57                       -0.61
57.16666667                       -0.62
57.33333333                       -0.62
57.5                       -0.62
57.66666667                       -0.62
57.83333333                       -0.62
58                       -0.62
58.16666667                       -0.61
58.33333333                       -0.6
58.5                       -0.58
58.66666667                       -0.55
58.83333333                       -0.52
59                       -0.47
59.16666667                       -0.43
59.33333333                       -0.38
59.5                       -0.33
59.66666667                       -0.27
59.83333333                       -0.2
60                       -0.11
60.16666667                       -0.02
60.33333333                       0.09
60.5                       0.22
60.66666667                       0.36
60.83333333                       0.5
61                       0.64
61.16666667                       0.77
61.33333333                       0.89
61.5                       0.99
61.66666667                       1.05
61.83333333                       1.09
62                       1.11
62.16666667                       1.1
62.33333333                       1.08
62.5                       1.05
62.66666667                       1.02
62.83333333                       0.98
63                       0.94
63.16666667                       0.91
63.33333333                       0.88
63.5                       0.86
63.66666667                       0.83
63.83333333                       0.79
64                       0.75
64.16666667                       0.71
64.33333333                       0.64
64.5                       0.58
64.66666667                       0.51
64.83333333                       0.43
65                       0.34
65.16666667                       0.26
65.33333333                       0.18
65.5                       0.09
65.66666667                       0.01
65.83333333                       -0.08
66                       -0.16
66.16666667                       -0.25
66.33333333                       -0.32
66.5                       -0.4
66.66666667                       -0.46
66.83333333                       -0.52
67                       -0.57
67.16666667                       -0.6
67.33333333                       -0.62
67.5                       -0.63
67.66666667                       -0.63
67.83333333                       -0.63
68                       -0.62
68.16666667                       -0.61
68.33333333                       -0.6
68.5                       -0.6
68.66666667                       -0.59
68.83333333                       -0.6
69                       -0.6
69.16666667                       -0.6
69.33333333                       -0.61
69.5                       -0.61
69.66666667                       -0.62
69.83333333                       -0.62
70                       -0.62
70.16666667                       -0.62
70.33333333                       -0.62
70.5                       -0.62
70.66666667                       -0.61
70.83333333                       -0.59
71                       -0.56
71.16666667                       -0.54
71.33333333                       -0.5
71.5                       -0.45
71.66666667                       -0.41
71.83333333                       -0.36
72                       -0.3
72.16666667                       -0.24
72.33333333                       -0.15
72.5                       -0.06
72.66666667                       0.04
72.83333333                       0.16
73                       0.29
73.16666667                       0.43
73.33333333                       0.57
73.5                       0.71
73.66666667                       0.83
73.83333333                       0.94
74                       1.03
74.16666667                       1.08
74.33333333                       1.1
74.5                       1.11
74.66666667                       1.09
74.83333333                       1.06
75                       1.03