-75	0.93
-74.83333333	0.94
-74.66666667	0.95
-74.5	0.95
-74.33333333	0.95
-74.16666667	0.94
-74	0.93
-73.83333333	0.91
-73.66666667	0.89
-73.5	0.85
-73.33333333	0.82
-73.16666667	0.76
-73	0.72
-72.83333333	0.66
-72.66666667	0.61
-72.5	0.55
-72.33333333	0.49
-72.16666667	0.42
-72	0.36
-71.83333333	0.3
-71.66666667	0.24
-71.5	0.18
-71.33333333	0.12
-71.16666667	0.06
-71	0
-70.83333333	-0.05
-70.66666667	-0.1
-70.5	-0.15
-70.33333333	-0.21
-70.16666667	-0.26
-70	-0.31
-69.83333333	-0.35
-69.66666667	-0.4
-69.5	-0.44
-69.33333333	-0.5
-69.16666667	-0.54
-69	-0.59
-68.83333333	-0.63
-68.66666667	-0.67
-68.5	-0.71
-68.33333333	-0.75
-68.16666667	-0.8
-68	-0.83
-67.83333333	-0.86
-67.66666667	-0.89
-67.5	-0.91
-67.33333333	-0.93
-67.16666667	-0.95
-67	-0.95
-66.83333333	-0.94
-66.66666667	-0.92
-66.5	-0.88
-66.33333333	-0.82
-66.16666667	-0.73
-66	-0.64
-65.83333333	-0.54
-65.66666667	-0.42
-65.5	-0.3
-65.33333333	-0.18
-65.16666667	-0.05
-65	0.06
-64.83333333	0.18
-64.66666667	0.28
-64.5	0.36
-64.33333333	0.44
-64.16666667	0.53
-64	0.59
-63.83333333	0.65
-63.66666667	0.7
-63.5	0.75
-63.33333333	0.8
-63.16666667	0.84
-63	0.87
-62.83333333	0.9
-62.66666667	0.92
-62.5	0.93
-62.33333333	0.94
-62.16666667	0.95
-62	0.95
-61.83333333	0.94
-61.66666667	0.93
-61.5	0.92
-61.33333333	0.9
-61.16666667	0.87
-61	0.83
-60.83333333	0.78
-60.66666667	0.74
-60.5	0.69
-60.33333333	0.63
-60.16666667	0.57
-60	0.51
-59.83333333	0.44
-59.66666667	0.38
-59.5	0.32
-59.33333333	0.26
-59.16666667	0.21
-59	0.14
-58.83333333	0.08
-58.66666667	0.03
-58.5	-0.03
-58.33333333	-0.08
-58.16666667	-0.13
-58	-0.19
-57.83333333	-0.24
-57.66666667	-0.29
-57.5	-0.33
-57.33333333	-0.38
-57.16666667	-0.43
-57	-0.48
-56.83333333	-0.53
-56.66666667	-0.57
-56.5	-0.62
-56.33333333	-0.66
-56.16666667	-0.7
-56	-0.74
-55.83333333	-0.77
-55.66666667	-0.82
-55.5	-0.85
-55.33333333	-0.88
-55.16666667	-0.9
-55	-0.93
-54.83333333	-0.94
-54.66666667	-0.95
-54.5	-0.94
-54.33333333	-0.93
-54.16666667	-0.89
-54	-0.84
-53.83333333	-0.77
-53.66666667	-0.68
-53.5	-0.58
-53.33333333	-0.46
-53.16666667	-0.35
-53	-0.23
-52.83333333	-0.1
-52.66666667	-0.01
-52.5	0.11
-52.33333333	0.22
-52.16666667	0.31
-52	0.4
-51.83333333	0.48
-51.66666667	0.55
-51.5	0.62
-51.33333333	0.67
-51.16666667	0.72
-51	0.77
-50.83333333	0.82
-50.66666667	0.85
-50.5	0.88
-50.33333333	0.91
-50.16666667	0.93
-50	0.94
-49.83333333	0.95
-49.66666667	0.95
-49.5	0.95
-49.33333333	0.94
-49.16666667	0.93
-49	0.91
-48.83333333	0.89
-48.66666667	0.85
-48.5	0.82
-48.33333333	0.76
-48.16666667	0.72
-48	0.66
-47.83333333	0.61
-47.66666667	0.55
-47.5	0.49
-47.33333333	0.42
-47.16666667	0.36
-47	0.3
-46.83333333	0.24
-46.66666667	0.18
-46.5	0.12
-46.33333333	0.06
-46.16666667	0
-46	-0.05
-45.83333333	-0.1
-45.66666667	-0.15
-45.5	-0.21
-45.33333333	-0.26
-45.16666667	-0.31
-45	-0.35
-44.83333333	-0.4
-44.66666667	-0.44
-44.5	-0.5
-44.33333333	-0.54
-44.16666667	-0.59
-44	-0.63
-43.83333333	-0.67
-43.66666667	-0.71
-43.5	-0.75
-43.33333333	-0.8
-43.16666667	-0.83
-43	-0.86
-42.83333333	-0.89
-42.66666667	-0.91
-42.5	-0.93
-42.33333333	-0.95
-42.16666667	-0.95
-42	-0.94
-41.83333333	-0.92
-41.66666667	-0.88
-41.5	-0.82
-41.33333333	-0.73
-41.16666667	-0.64
-41	-0.54
-40.83333333	-0.42
-40.66666667	-0.3
-40.5	-0.18
-40.33333333	-0.05
-40.16666667	0.06
-40	0.18
-39.83333333	0.28
-39.66666667	0.36
-39.5	0.44
-39.33333333	0.53
-39.16666667	0.59
-39	0.65
-38.83333333	0.7
-38.66666667	0.75
-38.5	0.8
-38.33333333	0.84
-38.16666667	0.87
-38	0.9
-37.83333333	0.92
-37.66666667	0.93
-37.5	0.94
-37.33333333	0.95
-37.16666667	0.95
-37	0.94
-36.83333333	0.93
-36.66666667	0.92
-36.5	0.9
-36.33333333	0.87
-36.16666667	0.83
-36	0.78
-35.83333333	0.74
-35.66666667	0.69
-35.5	0.63
-35.33333333	0.57
-35.16666667	0.51
-35	0.44
-34.83333333	0.38
-34.66666667	0.32
-34.5	0.26
-34.33333333	0.21
-34.16666667	0.14
-34	0.08
-33.83333333	0.03
-33.66666667	-0.03
-33.5	-0.08
-33.33333333	-0.13
-33.16666667	-0.19
-33	-0.24
-32.83333333	-0.29
-32.66666667	-0.33
-32.5	-0.38
-32.33333333	-0.43
-32.16666667	-0.48
-32	-0.53
-31.83333333	-0.57
-31.66666667	-0.62
-31.5	-0.66
-31.33333333	-0.7
-31.16666667	-0.74
-31	-0.77
-30.83333333	-0.82
-30.66666667	-0.85
-30.5	-0.88
-30.33333333	-0.9
-30.16666667	-0.93
-30	-0.94
-29.83333333	-0.95
-29.66666667	-0.94
-29.5	-0.93
-29.33333333	-0.89
-29.16666667	-0.84
-29	-0.77
-28.83333333	-0.68
-28.66666667	-0.58
-28.5	-0.46
-28.33333333	-0.35
-28.16666667	-0.23
-28	-0.1
-27.83333333	-0.01
-27.66666667	0.11
-27.5	0.22
-27.33333333	0.31
-27.16666667	0.4
-27	0.48
-26.83333333	0.55
-26.66666667	0.62
-26.5	0.67
-26.33333333	0.72
-26.16666667	0.77
-26	0.82
-25.83333333	0.85
-25.66666667	0.88
-25.5	0.91
-25.33333333	0.93
-25.16666667	0.94
-25	0.95
-24.83333333	0.95
-24.66666667	0.95
-24.5	0.94
-24.33333333	0.93
-24.16666667	0.91
-24	0.89
-23.83333333	0.85
-23.66666667	0.82
-23.5	0.76
-23.33333333	0.72
-23.16666667	0.66
-23	0.61
-22.83333333	0.55
-22.66666667	0.49
-22.5	0.42
-22.33333333	0.36
-22.16666667	0.3
-22	0.24
-21.83333333	0.18
-21.66666667	0.12
-21.5	0.06
-21.33333333	0
-21.16666667	-0.05
-21	-0.1
-20.83333333	-0.15
-20.66666667	-0.21
-20.5	-0.26
-20.33333333	-0.31
-20.16666667	-0.35
-20	-0.4
-19.83333333	-0.44
-19.66666667	-0.5
-19.5	-0.54
-19.33333333	-0.59
-19.16666667	-0.63
-19	-0.67
-18.83333333	-0.71
-18.66666667	-0.75
-18.5	-0.8
-18.33333333	-0.83
-18.16666667	-0.86
-18	-0.89
-17.83333333	-0.91
-17.66666667	-0.93
-17.5	-0.95
-17.33333333	-0.95
-17.16666667	-0.94
-17	-0.92
-16.83333333	-0.88
-16.66666667	-0.82
-16.5	-0.73
-16.33333333	-0.64
-16.16666667	-0.54
-16	-0.42
-15.83333333	-0.3
-15.66666667	-0.18
-15.5	-0.05
-15.33333333	0.06
-15.16666667	0.18
-15	0.28
-14.83333333	0.36
-14.66666667	0.44
-14.5	0.53
-14.33333333	0.59
-14.16666667	0.65
-14	0.7
-13.83333333	0.75
-13.66666667	0.8
-13.5	0.84
-13.33333333	0.87
-13.16666667	0.9
-13	0.92
-12.83333333	0.93
-12.66666667	0.94
-12.5	0.95
-12.33333333	0.95
-12.16666667	0.94
-12	0.93
-11.83333333	0.92
-11.66666667	0.9
-11.5	0.87
-11.33333333	0.83
-11.16666667	0.78
-11	0.74
-10.83333333	0.69
-10.66666667	0.63
-10.5	0.57
-10.33333333	0.51
-10.16666667	0.44
-10	0.38
-9.833333333	0.32
-9.666666667	0.26
-9.5	0.21
-9.333333333	0.14
-9.166666667	0.08
-9	0.03
-8.833333333	-0.03
-8.666666667	-0.08
-8.5	-0.13
-8.333333333	-0.19
-8.166666667	-0.24
-8	-0.29
-7.833333333	-0.33
-7.666666667	-0.38
-7.5	-0.43
-7.333333333	-0.48
-7.166666667	-0.53
-7	-0.57
-6.833333333	-0.62
-6.666666667	-0.66
-6.5	-0.7
-6.333333333	-0.74
-6.166666667	-0.77
-6	-0.82
-5.833333333	-0.85
-5.666666667	-0.88
-5.5	-0.9
-5.333333333	-0.93
-5.166666667	-0.94
-5	-0.95
-4.833333333	-0.94
-4.666666667	-0.93
-4.5	-0.89
-4.333333333	-0.84
-4.166666667	-0.77
-4	-0.68
-3.833333333	-0.58
-3.666666667	-0.46
-3.5	-0.35
-3.333333333	-0.23
-3.166666667	-0.1
-3	-0.01
-2.833333333	0.11
-2.666666667	0.22
-2.5	0.31
-2.333333333	0.4
-2.166666667	0.48
-2	0.55
-1.833333333	0.62
-1.666666667	0.67
-1.5	0.72
-1.333333333	0.77
-1.166666667	0.82
-1	0.85
-0.833333333	0.88
-0.666666667	0.91
-0.5	0.93
-0.333333333	0.94
-0.166666667	0.95
0	0.95
0.166666667	0.95
0.333333333	0.94
0.5	0.93
0.666666667	0.91
0.833333333	0.89
1	0.85
1.166666667	0.82
1.333333333	0.76
1.5	0.72
1.666666667	0.66
1.833333333	0.61
2	0.55
2.166666667	0.49
2.333333333	0.42
2.5	0.36
2.666666667	0.3
2.833333333	0.24
3	0.18
3.166666667	0.12
3.333333333	0.06
3.5	0
3.666666667	-0.05
3.833333333	-0.1
4	-0.15
4.166666667	-0.21
4.333333333	-0.26
4.5	-0.31
4.666666667	-0.35
4.833333333	-0.4
5	-0.44
5.166666667	-0.5
5.333333333	-0.54
5.5	-0.59
5.666666667	-0.63
5.833333333	-0.67
6	-0.71
6.166666667	-0.75
6.333333333	-0.8
6.5	-0.83
6.666666667	-0.86
6.833333333	-0.89
7	-0.91
7.166666667	-0.93
7.333333333	-0.95
7.5	-0.95
7.666666667	-0.94
7.833333333	-0.92
8	-0.88
8.166666667	-0.82
8.333333333	-0.73
8.5	-0.64
8.666666667	-0.54
8.833333333	-0.42
9	-0.3
9.166666667	-0.18
9.333333333	-0.05
9.5	0.06
9.666666667	0.18
9.833333333	0.28
10	0.36
10.16666667	0.44
10.33333333	0.53
10.5	0.59
10.66666667	0.65
10.83333333	0.7
11	0.75
11.16666667	0.8
11.33333333	0.84
11.5	0.87
11.66666667	0.9
11.83333333	0.92
12	0.93
12.16666667	0.94
12.33333333	0.95
12.5	0.95
12.66666667	0.94
12.83333333	0.93
13	0.92
13.16666667	0.9
13.33333333	0.87
13.5	0.83
13.66666667	0.78
13.83333333	0.74
14	0.69
14.16666667	0.63
14.33333333	0.57
14.5	0.51
14.66666667	0.44
14.83333333	0.38
15	0.32
15.16666667	0.26
15.33333333	0.21
15.5	0.14
15.66666667	0.08
15.83333333	0.03
16	-0.03
16.16666667	-0.08
16.33333333	-0.13
16.5	-0.19
16.66666667	-0.24
16.83333333	-0.29
17	-0.33
17.16666667	-0.38
17.33333333	-0.43
17.5	-0.48
17.66666667	-0.53
17.83333333	-0.57
18	-0.62
18.16666667	-0.66
18.33333333	-0.7
18.5	-0.74
18.66666667	-0.77
18.83333333	-0.82
19	-0.85
19.16666667	-0.88
19.33333333	-0.9
19.5	-0.93
19.66666667	-0.94
19.83333333	-0.95
20	-0.94
20.16666667	-0.93
20.33333333	-0.89
20.5	-0.84
20.66666667	-0.77
20.83333333	-0.68
21	-0.58
21.16666667	-0.46
21.33333333	-0.35
21.5	-0.23
21.66666667	-0.1
21.83333333	-0.01
22	0.11
22.16666667	0.22
22.33333333	0.31
22.5	0.4
22.66666667	0.48
22.83333333	0.55
23	0.62
23.16666667	0.67
23.33333333	0.72
23.5	0.77
23.66666667	0.82
23.83333333	0.85
24	0.88
24.16666667	0.91
24.33333333	0.93
24.5	0.94
24.66666667	0.95
24.83333333	0.95
25	0.95
25.16666667	0.94
25.33333333	0.93
25.5	0.91
25.66666667	0.89
25.83333333	0.85
26	0.82
26.16666667	0.76
26.33333333	0.72
26.5	0.66
26.66666667	0.61
26.83333333	0.55
27	0.49
27.16666667	0.42
27.33333333	0.36
27.5	0.3
27.66666667	0.24
27.83333333	0.18
28	0.12
28.16666667	0.06
28.33333333	0
28.5	-0.05
28.66666667	-0.1
28.83333333	-0.15
29	-0.21
29.16666667	-0.26
29.33333333	-0.31
29.5	-0.35
29.66666667	-0.4
29.83333333	-0.44
30	-0.5
30.16666667	-0.54
30.33333333	-0.59
30.5	-0.63
30.66666667	-0.67
30.83333333	-0.71
31	-0.75
31.16666667	-0.8
31.33333333	-0.83
31.5	-0.86
31.66666667	-0.89
31.83333333	-0.91
32	-0.93
32.16666667	-0.95
32.33333333	-0.95
32.5	-0.94
32.66666667	-0.92
32.83333333	-0.88
33	-0.82
33.16666667	-0.73
33.33333333	-0.64
33.5	-0.54
33.66666667	-0.42
33.83333333	-0.3
34	-0.18
34.16666667	-0.05
34.33333333	0.06
34.5	0.18
34.66666667	0.28
34.83333333	0.36
35	0.44
35.16666667	0.53
35.33333333	0.59
35.5	0.65
35.66666667	0.7
35.83333333	0.75
36	0.8
36.16666667	0.84
36.33333333	0.87
36.5	0.9
36.66666667	0.92
36.83333333	0.93
37	0.94
37.16666667	0.95
37.33333333	0.95
37.5	0.94
37.66666667	0.93
37.83333333	0.92
38	0.9
38.16666667	0.87
38.33333333	0.83
38.5	0.78
38.66666667	0.74
38.83333333	0.69
39	0.63
39.16666667	0.57
39.33333333	0.51
39.5	0.44
39.66666667	0.38
39.83333333	0.32
40	0.26
40.16666667	0.21
40.33333333	0.14
40.5	0.08
40.66666667	0.03
40.83333333	-0.03
41	-0.08
41.16666667	-0.13
41.33333333	-0.19
41.5	-0.24
41.66666667	-0.29
41.83333333	-0.33
42	-0.38
42.16666667	-0.43
42.33333333	-0.48
42.5	-0.53
42.66666667	-0.57
42.83333333	-0.62
43	-0.66
43.16666667	-0.7
43.33333333	-0.74
43.5	-0.77
43.66666667	-0.82
43.83333333	-0.85
44	-0.88
44.16666667	-0.9
44.33333333	-0.93
44.5	-0.94
44.66666667	-0.95
44.83333333	-0.94
45	-0.93
45.16666667	-0.89
45.33333333	-0.84
45.5	-0.77
45.66666667	-0.68
45.83333333	-0.58
46	-0.46
46.16666667	-0.35
46.33333333	-0.23
46.5	-0.1
46.66666667	-0.01
46.83333333	0.11
47	0.22
47.16666667	0.31
47.33333333	0.4
47.5	0.48
47.66666667	0.55
47.83333333	0.62
48	0.67
48.16666667	0.72
48.33333333	0.77
48.5	0.82
48.66666667	0.85
48.83333333	0.88
49	0.91
49.16666667	0.93
49.33333333	0.94
49.5	0.95
49.66666667	0.95
49.83333333	0.95
50	0.94
50.16666667	0.93
50.33333333	0.91
50.5	0.89
50.66666667	0.85
50.83333333	0.82
51	0.76
51.16666667	0.72
51.33333333	0.66
51.5	0.61
51.66666667	0.55
51.83333333	0.49
52	0.42
52.16666667	0.36
52.33333333	0.3
52.5	0.24
52.66666667	0.18
52.83333333	0.12
53	0.06
53.16666667	0
53.33333333	-0.05
53.5	-0.1
53.66666667	-0.15
53.83333333	-0.21
54	-0.26
54.16666667	-0.31
54.33333333	-0.35
54.5	-0.4
54.66666667	-0.44
54.83333333	-0.5
55	-0.54
55.16666667	-0.59
55.33333333	-0.63
55.5	-0.67
55.66666667	-0.71
55.83333333	-0.75
56	-0.8
56.16666667	-0.83
56.33333333	-0.86
56.5	-0.89
56.66666667	-0.91
56.83333333	-0.93
57	-0.95
57.16666667	-0.95
57.33333333	-0.94
57.5	-0.92
57.66666667	-0.88
57.83333333	-0.82
58	-0.73
58.16666667	-0.64
58.33333333	-0.54
58.5	-0.42
58.66666667	-0.3
58.83333333	-0.18
59	-0.05
59.16666667	0.06
59.33333333	0.18
59.5	0.28
59.66666667	0.36
59.83333333	0.44
60	0.53
60.16666667	0.59
60.33333333	0.65
60.5	0.7
60.66666667	0.75
60.83333333	0.8
61	0.84
61.16666667	0.87
61.33333333	0.9
61.5	0.92
61.66666667	0.93
61.83333333	0.94
62	0.95
62.16666667	0.95
62.33333333	0.94
62.5	0.93
62.66666667	0.92
62.83333333	0.9
63	0.87
63.16666667	0.83
63.33333333	0.78
63.5	0.74
63.66666667	0.69
63.83333333	0.63
64	0.57
64.16666667	0.51
64.33333333	0.44
64.5	0.38
64.66666667	0.32
64.83333333	0.26
65	0.21
65.16666667	0.14
65.33333333	0.08
65.5	0.03
65.66666667	-0.03
65.83333333	-0.08
66	-0.13
66.16666667	-0.19
66.33333333	-0.24
66.5	-0.29
66.66666667	-0.33
66.83333333	-0.38
67	-0.43
67.16666667	-0.48
67.33333333	-0.53
67.5	-0.57
67.66666667	-0.62
67.83333333	-0.66
68	-0.7
68.16666667	-0.74
68.33333333	-0.77
68.5	-0.82
68.66666667	-0.85
68.83333333	-0.88
69	-0.9
69.16666667	-0.93
69.33333333	-0.94
69.5	-0.95
69.66666667	-0.94
69.83333333	-0.93
70	-0.89
70.16666667	-0.84
70.33333333	-0.77
70.5	-0.68
70.66666667	-0.58
70.83333333	-0.46
71	-0.35
71.16666667	-0.23
71.33333333	-0.1
71.5	-0.01
71.66666667	0.11
71.83333333	0.22
72	0.31
72.16666667	0.4
72.33333333	0.48
72.5	0.55
72.66666667	0.62
72.83333333	0.67
73	0.72
73.16666667	0.77
73.33333333	0.82
73.5	0.85
73.66666667	0.88
73.83333333	0.91
74	0.93
74.16666667	0.94
74.33333333	0.95
74.5	0.95
74.66666667	0.95
74.83333333	0.94
75	0.93