2 5941 6685 7562
3 6900 7840 8879
5 7970 9032 10247
10 9130 10444 11874
20 10250 11694 13337
30 10905 12472 13845
50 11706 13327 14395
100 12773 14004 15076
200 13595 14577 15688
300 14003 14922 16042
500 14400 15328 16538
1000 14835 15795 17033
1250 14974 15945 17191
2000 15268 16261 17524
3000 15520 16533 17812
4000 15700 16727 18015
5000 15839 16877 18174
10000 16271 17343 18664
20000 16704 17808 19156
30000 16956 18081 19443
50000 17275 18424 19805
100000 17707 18890 20296
200000 18139 19356 20787
300000 18392 19628 21074
400000 18572 19822 21278
