   1                          750               750                 750 
   0.083333333               5941              6310                6750 
   0.055555556               6900              7370                7890 
   0.033333333               7970              8500                9110 
   0.016666667               9130              9785               10490 
   0.0083333333             10250             10970               11640 
   0.0055555556             10905             11625               12273 
   0.0033333333             11706             12509               13048 
   0.0016666667             12773             13389               13928 
   0.00083333333            13595             14082               14640 
   0.00055555556            14003             14460               15024 
   0.00033333333            14400             14863               15470 
   0.00016666667            14835             15315               15935 
   0.00013333333            14974             15458               16078 
   8.3333333e-05            15268             15762               16394 
   5.5555556e-05            15520             16028               16666 
   4.1666667e-05            15700             16214               16858 
   3.3333333e-05            15839             16356               17007 
   1.6666667e-05            16271             16809               17466 
   8.3333333e-06            16704             17255               17930 
   5.5555556e-06            16956             17515               18197 
   3.3333333e-06            17275             17850               18537 
   1.6666667e-06            17707             18296               19002 
   8.3333333e-07            18139             18748               19461 
   5.5555556e-07            18392             19008               19733 

