*
* Overschrijdingskansen potentiele windsnelheid Deelen. Zonder statistische onzekerheid.
* WTI2017: 12-uursmaxima, gegeven windrichting
*
* Door: K.A. Wojciechowska van HKV lijn in water
* Project: PR3280.10
*
* u         NNO             NO              ONO             O               OZO             ZO              ZZO             Z               ZZW             ZW              WZW             W               WNW             NW              NNW             N
  0.00      1.000e+00      1.000e+00      1.000e+00      1.000e+00      1.000e+00      1.000e+00      1.000e+00      1.000e+00      1.000e+00      1.000e+00      1.000e+00      1.000e+00      1.000e+00      1.000e+00      1.000e+00      1.000e+00 
  2.00      9.596e-01      9.735e-01      9.808e-01      9.828e-01      9.561e-01      9.783e-01      9.886e-01      9.918e-01      9.941e-01      9.945e-01      9.919e-01      9.870e-01      9.830e-01      9.371e-01      9.241e-01      9.112e-01 
  2.50      9.121e-01      9.363e-01      9.424e-01      9.368e-01      9.015e-01      9.242e-01      9.453e-01      9.696e-01      9.798e-01      9.836e-01      9.774e-01      9.670e-01      9.388e-01      8.525e-01      8.403e-01      8.421e-01 
  3.00      8.836e-01      9.168e-01      9.113e-01      9.057e-01      8.429e-01      8.841e-01      9.248e-01      9.562e-01      9.709e-01      9.757e-01      9.670e-01      9.532e-01      9.218e-01      8.308e-01      8.063e-01      7.961e-01 
  3.50      7.672e-01      8.655e-01      8.297e-01      8.138e-01      7.084e-01      7.497e-01      8.474e-01      9.087e-01      9.360e-01      9.535e-01      9.390e-01      9.009e-01      8.588e-01      7.549e-01      7.120e-01      7.105e-01 
  4.00      7.268e-01      8.389e-01      7.866e-01      7.494e-01      6.365e-01      6.696e-01      8.030e-01      8.740e-01      9.103e-01      9.339e-01      9.228e-01      8.797e-01      8.197e-01      7.245e-01      6.662e-01      6.678e-01 
  4.50      6.271e-01      7.274e-01      6.619e-01      6.241e-01      5.087e-01      5.460e-01      6.856e-01      7.927e-01      8.486e-01      8.744e-01      8.612e-01      8.325e-01      7.687e-01      6.529e-01      5.838e-01      5.362e-01 
  5.00      5.891e-01      6.761e-01      6.007e-01      5.529e-01      4.461e-01      4.875e-01      6.390e-01      7.598e-01      8.200e-01      8.450e-01      8.307e-01      8.031e-01      7.143e-01      5.857e-01      5.366e-01      4.836e-01 
  5.50      4.822e-01      5.522e-01      5.072e-01      4.575e-01      3.622e-01      3.759e-01      5.125e-01      6.530e-01      7.491e-01      7.674e-01      7.822e-01      7.583e-01      6.667e-01      5.076e-01      4.503e-01      3.783e-01 
  6.00      4.466e-01      5.044e-01      4.724e-01      4.057e-01      3.049e-01      3.239e-01      4.624e-01      6.128e-01      7.223e-01      7.395e-01      7.449e-01      6.958e-01      5.935e-01      4.469e-01      4.084e-01      3.257e-01 
  6.50      3.159e-01      3.805e-01      3.717e-01      3.103e-01      1.984e-01      2.221e-01      3.087e-01      4.995e-01      6.126e-01      6.693e-01      6.870e-01      6.356e-01      5.357e-01      3.731e-01      3.168e-01      2.336e-01 
  7.00      2.565e-01      3.115e-01      3.046e-01      2.368e-01      1.358e-01      1.647e-01      2.460e-01      4.447e-01      5.577e-01      6.010e-01      6.030e-01      5.295e-01      4.439e-01      2.863e-01      2.679e-01      1.941e-01 
  7.50      1.900e-01      2.265e-01      2.206e-01      1.690e-01      9.055e-02      1.040e-01      1.686e-01      3.397e-01      4.600e-01      5.266e-01      5.414e-01      4.729e-01      3.878e-01      2.256e-01      2.016e-01      1.490e-01 
  8.00      1.520e-01      1.858e-01      1.775e-01      1.322e-01      6.321e-02      8.342e-02      1.333e-01      2.858e-01      4.063e-01      4.646e-01      4.742e-01      4.009e-01      3.367e-01      1.887e-01      1.571e-01      1.144e-01 
  8.50      1.091e-01      1.027e-01      1.211e-01      9.337e-02      4.413e-02      5.704e-02      8.884e-02      1.963e-01      3.234e-01      3.964e-01      4.244e-01      3.420e-01      2.891e-01      1.453e-01      1.220e-01      8.778e-02 
  9.00      7.834e-02      7.326e-02      8.633e-02      6.596e-02      3.081e-02      3.900e-02      6.834e-02      1.434e-01      2.589e-01      3.178e-01      3.485e-01      2.960e-01      2.415e-01      1.188e-01      9.474e-02      6.738e-02 
  9.50      5.624e-02      5.228e-02      5.868e-02      4.293e-02      2.151e-02      2.667e-02      4.844e-02      9.680e-02      1.914e-01      2.636e-01      2.876e-01      2.618e-01      1.845e-01      9.712e-02      7.358e-02      5.172e-02 
 10.00      4.037e-02      3.731e-02      3.988e-02      2.768e-02      1.501e-02      1.823e-02      3.434e-02      7.123e-02      1.423e-01      2.083e-01      2.373e-01      2.241e-01      1.514e-01      7.939e-02      5.715e-02      3.970e-02 
 10.50      2.898e-02      2.662e-02      2.641e-02      1.786e-02      9.698e-03      1.201e-02      2.434e-02      5.046e-02      1.097e-01      1.757e-01      1.865e-01      1.958e-01      1.310e-01      6.490e-02      4.438e-02      3.048e-02 
 11.00      2.080e-02      1.900e-02      1.749e-02      1.152e-02      6.264e-03      7.911e-03      1.725e-02      3.574e-02      7.600e-02      1.339e-01      1.457e-01      1.557e-01      1.105e-01      5.305e-02      3.447e-02      2.340e-02 
 11.50      1.383e-02      1.324e-02      1.141e-02      7.427e-03      4.046e-03      5.212e-03      1.158e-02      2.532e-02      5.657e-02      1.101e-01      1.139e-01      1.238e-01      8.983e-02      4.337e-02      2.677e-02      1.796e-02 
 12.00      9.192e-03      9.220e-03      7.432e-03      4.790e-03      2.614e-03      3.433e-03      7.777e-03      1.793e-02      3.714e-02      7.494e-02      8.902e-02      1.073e-01      7.299e-02      3.545e-02      2.079e-02      1.199e-02 
 12.50      5.861e-03      5.999e-03      4.841e-03      3.089e-03      1.608e-03      2.125e-03      5.222e-03      1.226e-02      2.641e-02      5.633e-02      6.957e-02      8.019e-02      5.931e-02      2.898e-02      1.615e-02      8.011e-03 
 13.00      3.720e-03      3.875e-03      3.154e-03      1.992e-03      9.857e-04      1.306e-03      3.506e-03      8.379e-03      1.877e-02      3.669e-02      5.437e-02      6.475e-02      4.820e-02      2.369e-02      1.254e-02      5.111e-03 
 13.50      2.362e-03      2.503e-03      2.054e-03      1.285e-03      6.051e-04      8.035e-04      2.258e-03      5.561e-03      1.335e-02      2.649e-02      4.249e-02      5.157e-02      3.916e-02      1.936e-02      9.741e-03      3.244e-03 
 14.00      1.499e-03      1.617e-03      1.338e-03      8.287e-04      3.721e-04      4.943e-04      1.449e-03      3.679e-03      9.488e-03      2.008e-02      3.321e-02      4.106e-02      3.182e-02      1.583e-02      6.846e-03      2.059e-03 
 14.50      9.514e-04      1.045e-03      8.719e-04      5.345e-04      2.292e-04      3.043e-04      9.311e-04      2.433e-03      6.745e-03      1.525e-02      2.596e-02      3.270e-02      2.518e-02      1.294e-02      4.811e-03      1.307e-03 
 15.00      6.039e-04      6.753e-04      5.680e-04      3.447e-04      1.414e-04      1.873e-04      5.988e-04      1.610e-03      4.795e-03      1.161e-02      2.029e-02      2.604e-02      1.993e-02      1.058e-02      3.279e-03      8.296e-04 
 15.50      3.833e-04      4.365e-04      3.700e-04      2.223e-04      8.738e-05      1.154e-04      3.854e-04      1.065e-03      3.409e-03      8.852e-03      1.585e-02      2.055e-02      1.577e-02      8.647e-03      2.227e-03      5.266e-04 
 16.00      2.433e-04      2.822e-04      2.411e-04      1.434e-04      5.409e-05      7.107e-05      2.484e-04      7.044e-04      2.423e-03      6.764e-03      1.239e-02      1.619e-02      1.248e-02      6.915e-03      1.513e-03      3.342e-04 
 16.50      1.544e-04      1.825e-04      1.570e-04      9.247e-05      3.354e-05      4.379e-05      1.602e-04      4.660e-04      1.705e-03      5.178e-03      9.685e-03      1.276e-02      9.682e-03      5.530e-03      1.028e-03      2.122e-04 
 17.00      9.803e-05      1.180e-04      1.023e-04      5.964e-05      2.083e-05      2.699e-05      1.034e-04      3.083e-04      1.199e-03      3.970e-03      7.570e-03      1.006e-02      7.494e-03      4.223e-03      6.982e-04      1.347e-04 
 17.50      6.222e-05      7.633e-05      6.666e-05      3.846e-05      1.296e-05      1.664e-05      6.681e-05      2.039e-04      8.436e-04      3.049e-03      5.916e-03      7.927e-03      5.802e-03      3.212e-03      4.744e-04      8.548e-05 
 18.00      3.949e-05      4.938e-05      4.343e-05      2.481e-05      8.078e-06      1.026e-05      4.321e-05      1.349e-04      5.934e-04      2.345e-03      4.624e-03      6.247e-03      4.493e-03      2.446e-03      3.224e-04      5.425e-05 
 18.50      2.507e-05      3.195e-05      2.829e-05      1.600e-05      5.042e-06      6.333e-06      2.797e-05      8.924e-05      4.159e-04      1.806e-03      3.614e-03      4.924e-03      3.479e-03      1.864e-03      2.192e-04      3.444e-05 
 19.00      1.591e-05      2.067e-05      1.843e-05      1.032e-05      3.152e-06      3.908e-06      1.812e-05      5.903e-05      2.913e-04      1.392e-03      2.825e-03      3.881e-03      2.695e-03      1.421e-03      1.490e-04      2.186e-05 
 19.50      1.010e-05      1.338e-05      1.201e-05      6.655e-06      1.974e-06      2.412e-06      1.175e-05      3.905e-05      2.041e-04      1.075e-03      2.208e-03      3.058e-03      2.088e-03      1.084e-03      1.013e-04      1.387e-05 
 20.00      6.411e-06      8.662e-06      7.825e-06      4.292e-06      1.238e-06      1.489e-06      7.628e-06      2.583e-05      1.430e-04      8.305e-04      1.726e-03      2.410e-03      1.617e-03      8.281e-04      6.885e-05      8.807e-06 
 20.50      4.069e-06      5.608e-06      5.098e-06      2.768e-06      7.776e-07      9.194e-07      4.955e-06      1.709e-05      1.002e-04      6.424e-04      1.349e-03      1.900e-03      1.253e-03      6.327e-04      4.681e-05      5.590e-06 
 21.00      2.583e-06      3.631e-06      3.322e-06      1.785e-06      4.891e-07      5.679e-07      3.221e-06      1.130e-05      7.022e-05      4.973e-04      1.055e-03      1.497e-03      9.715e-04      4.836e-04      3.183e-05      3.548e-06 
 21.50      1.639e-06      2.351e-06      2.164e-06      1.151e-06      3.081e-07      3.508e-07      2.096e-06      7.478e-06      4.921e-05      3.853e-04      8.243e-04      1.180e-03      7.530e-04      3.699e-04      2.165e-05      2.252e-06 
 22.00      1.041e-06      1.523e-06      1.410e-06      7.425e-07      1.943e-07      2.168e-07      1.364e-06      4.947e-06      3.449e-05      2.987e-04      6.443e-04      9.300e-04      5.838e-04      2.830e-04      1.472e-05      1.429e-06 
 22.50      6.605e-07      9.865e-07      9.188e-07      4.789e-07      1.227e-07      1.340e-07      8.890e-07      3.272e-06      2.417e-05      2.318e-04      5.036e-04      7.329e-04      4.527e-04      2.166e-04      1.001e-05      9.073e-07 
 23.00      4.192e-07      6.391e-07      5.987e-07      3.089e-07      7.762e-08      8.282e-08      5.797e-07      2.165e-06      1.694e-05      1.799e-04      3.937e-04      5.777e-04      3.511e-04      1.658e-04      6.810e-06      5.759e-07 
 23.50      2.661e-07      4.141e-07      3.901e-07      1.992e-07      4.915e-08      5.120e-08      3.782e-07      1.432e-06      1.187e-05      1.397e-04      3.077e-04      4.553e-04      2.724e-04      1.270e-04      4.632e-06      3.656e-07 
 24.00      1.689e-07      2.684e-07      2.542e-07      1.285e-07      3.115e-08      3.166e-08      2.469e-07      9.473e-07      8.323e-06      1.086e-04      2.405e-04      3.588e-04      2.113e-04      9.725e-05      3.151e-06      2.320e-07 
 24.50      1.072e-07      1.739e-07      1.656e-07      8.286e-08      1.977e-08      1.958e-08      1.613e-07      6.266e-07      5.834e-06      8.444e-05      1.880e-04      2.828e-04      1.640e-04      7.451e-05      2.144e-06      1.473e-07 
 25.00      6.805e-08      1.127e-07      1.079e-07      5.344e-08      1.256e-08      1.211e-08      1.055e-07      4.145e-07      4.090e-06      6.567e-05      1.470e-04      2.229e-04      1.272e-04      5.710e-05      1.458e-06      9.348e-08 
 25.50      4.319e-08      7.309e-08      7.032e-08      3.446e-08      7.985e-09      7.495e-09      6.899e-08      2.742e-07      2.867e-06      5.110e-05      1.149e-04      1.757e-04      9.877e-05      4.377e-05      9.921e-07      5.934e-08 
 26.00      2.742e-08      4.739e-08      4.582e-08      2.223e-08      5.082e-09      4.638e-09      4.516e-08      1.814e-07      2.010e-06      3.977e-05      8.982e-05      1.384e-04      7.668e-05      3.355e-05      6.750e-07      3.766e-08 
 26.50      1.740e-08      3.073e-08      2.986e-08      1.434e-08      3.237e-09      2.870e-09      2.957e-08      1.200e-07      1.409e-06      3.097e-05      7.022e-05      1.091e-04      5.954e-05      2.572e-05      4.592e-07      2.391e-08 
 27.00      1.105e-08      1.993e-08      1.946e-08      9.245e-09      2.064e-09      1.777e-09      1.937e-08      7.938e-08      9.879e-07      2.412e-05      5.489e-05      8.599e-05      4.624e-05      1.972e-05      3.125e-07      1.517e-08 
 27.50      7.011e-09      1.293e-08      1.268e-08      5.963e-09      1.317e-09      1.100e-09      1.270e-08      5.251e-08      6.926e-07      1.879e-05      4.291e-05      6.777e-05      3.592e-05      1.513e-05      2.126e-07      9.632e-09 
 28.00      4.450e-09      8.386e-09      8.262e-09      3.846e-09      8.409e-10      6.810e-10      8.329e-09      3.474e-08      4.856e-07      1.464e-05      3.355e-05      5.341e-05      2.790e-05      1.160e-05      1.447e-07      6.114e-09 
 28.50      2.825e-09      5.440e-09      5.384e-09      2.480e-09      5.373e-10      4.217e-10      5.465e-09      2.298e-08      3.405e-07      1.141e-05      2.623e-05      4.210e-05      2.168e-05      8.898e-06      9.843e-08      3.881e-09 
 29.00      1.793e-09      3.530e-09      3.508e-09      1.600e-09      3.436e-10      2.612e-10      3.588e-09      1.520e-08      2.387e-07      8.891e-06      2.050e-05      3.318e-05      1.685e-05      6.825e-06      6.698e-08      2.463e-09 
 29.50      1.138e-09      2.291e-09      2.286e-09      1.032e-09      2.198e-10      1.618e-10      2.356e-09      1.006e-08      1.674e-07      6.931e-06      1.603e-05      2.615e-05      1.310e-05      5.236e-06      4.558e-08      1.563e-09 
 30.00      7.224e-10      1.487e-09      1.490e-09      6.653e-10      1.407e-10      1.002e-10      1.548e-09      6.652e-09      1.174e-07      5.404e-06      1.253e-05      2.061e-05      1.018e-05      4.017e-06      3.102e-08      9.924e-10 
 30.50      4.585e-10      9.649e-10      9.709e-10      4.291e-10      9.013e-11      6.208e-11      1.017e-09      4.400e-09      8.231e-08      4.214e-06      9.797e-06      1.624e-05      7.917e-06      3.082e-06      2.111e-08      6.299e-10 
 31.00      2.910e-10      6.264e-10      6.327e-10      2.767e-10      5.776e-11      3.846e-11      6.688e-10      2.911e-09      5.772e-08      3.287e-06      7.659e-06      1.280e-05      6.157e-06      2.364e-06      1.436e-08      3.998e-10 
 31.50      1.847e-10      4.066e-10      4.123e-10      1.785e-10      3.703e-11      2.383e-11      4.398e-10      1.926e-09      4.047e-08      2.564e-06      5.988e-06      1.009e-05      4.789e-06      1.814e-06      9.776e-09      2.538e-10 
 32.00      1.173e-10      2.640e-10      2.687e-10      1.151e-10      2.375e-11      1.477e-11      2.893e-10      1.274e-09      2.838e-08      2.000e-06      4.682e-06      7.951e-06      3.726e-06      1.392e-06      6.653e-09      1.611e-10 
 32.50      7.443e-11      1.714e-10      1.751e-10      7.424e-11      1.524e-11      9.154e-12      1.904e-10      8.427e-10      1.990e-08      1.560e-06      3.660e-06      6.266e-06      2.899e-06      1.068e-06      4.528e-09      1.022e-10 
 33.00      4.724e-11      1.113e-10      1.141e-10      4.788e-11      9.783e-12      5.674e-12      1.253e-10      5.574e-10      1.396e-08      1.217e-06      2.862e-06      4.939e-06      2.256e-06      8.197e-07      3.081e-09      6.490e-11 
 33.50      2.999e-11      7.230e-11      7.437e-11      3.088e-11      6.282e-12      3.517e-12      8.254e-11      3.687e-10      9.788e-09      9.497e-07      2.238e-06      3.892e-06      1.756e-06      6.290e-07      2.097e-09      4.119e-11 
 34.00      1.903e-11      4.696e-11      4.847e-11      1.992e-11      4.035e-12      2.181e-12      5.436e-11      2.439e-10      6.864e-09      7.410e-07      1.749e-06      3.068e-06      1.367e-06      4.827e-07      1.427e-09      2.615e-11 
 34.50      1.208e-11      3.051e-11      3.159e-11      1.284e-11      2.593e-12      1.352e-12      3.581e-11      1.614e-10      4.814e-09      5.782e-07      1.368e-06      2.418e-06      1.065e-06      3.705e-07      9.714e-10      1.660e-11 
 35.00      7.668e-12      1.982e-11      2.059e-11      8.284e-12      1.666e-12      8.382e-13      2.360e-11      1.067e-10      3.376e-09      4.512e-07      1.069e-06      1.905e-06      8.291e-07      2.843e-07      6.612e-10      1.053e-11 
 35.50      4.867e-12      1.288e-11      1.342e-11      5.343e-12      1.071e-12      5.198e-13      1.555e-11      7.061e-11      2.368e-09      3.522e-07      8.362e-07      1.502e-06      6.458e-07      2.182e-07      4.500e-10      6.687e-12 
 36.00      3.090e-12      8.367e-12      8.744e-12      3.446e-12      6.889e-13      3.223e-13      1.025e-11      4.671e-11      1.660e-09      2.748e-07      6.538e-07      1.184e-06      5.031e-07      1.675e-07      3.063e-10      4.244e-12 
 36.50      1.961e-12      5.437e-12      5.699e-12      2.222e-12      4.431e-13      1.999e-13      6.761e-12      3.090e-11      1.165e-09      2.145e-07      5.112e-07      9.328e-07      3.920e-07      1.285e-07      2.085e-10      2.694e-12 
 37.00      1.245e-12      3.533e-12      3.714e-12      1.433e-12      2.851e-13      1.240e-13      4.459e-12      2.044e-11      8.167e-10      1.674e-07      3.997e-07      7.351e-07      3.055e-07      9.863e-08      1.419e-10      1.710e-12 
 37.50      7.901e-13      2.296e-12      2.421e-12      9.244e-13      1.834e-13      7.690e-14      2.941e-12      1.352e-11      5.728e-10      1.307e-07      3.126e-07      5.794e-07      2.381e-07      7.570e-08      9.657e-11      1.085e-12 
 38.00      5.015e-13      1.493e-12      1.578e-12      5.962e-13      1.180e-13      4.770e-14      1.940e-12      8.945e-12      4.017e-10      1.020e-07      2.444e-07      4.566e-07      1.856e-07      5.810e-08      6.573e-11      6.889e-13 
 38.50      3.183e-13      9.703e-13      1.028e-12      3.845e-13      7.598e-14      2.959e-14      1.280e-12      5.917e-12      2.818e-10      7.961e-08      1.911e-07      3.599e-07      1.447e-07      4.459e-08      4.474e-11      4.373e-13 
 39.00      2.020e-13      6.308e-13      6.702e-13      2.480e-13      4.892e-14      1.836e-14      8.449e-13      3.914e-12      1.976e-10      6.214e-08      1.494e-07      2.836e-07      1.129e-07      3.422e-08      3.045e-11      2.776e-13 
 39.50      1.282e-13      4.101e-13      4.368e-13      1.599e-13      3.150e-14      1.139e-14      5.577e-13      2.589e-12      1.386e-10      4.851e-08      1.169e-07      2.235e-07      8.804e-08      2.627e-08      2.073e-11      1.762e-13 
 40.00      8.140e-14      2.666e-13      2.847e-13      1.031e-13      2.028e-14      7.066e-15      3.681e-13      1.713e-12      9.721e-11      3.787e-08      9.138e-08      1.762e-07      6.868e-08      2.016e-08      1.411e-11      1.118e-13 
 40.50      5.167e-14      1.734e-13      1.856e-13      6.652e-14      1.306e-14      4.384e-15      2.430e-13      1.133e-12      6.818e-11      2.956e-08      7.146e-08      1.389e-07      5.359e-08      1.547e-08      9.603e-12      7.098e-14 
 41.00      3.280e-14      1.127e-13      1.209e-13      4.290e-14      8.413e-15      2.720e-15      1.605e-13      7.496e-13      4.782e-11      2.308e-08      5.588e-08      1.094e-07      4.182e-08      1.188e-08      6.537e-12      4.505e-14 
 41.50      2.082e-14      7.332e-14      7.883e-14      2.767e-14      5.419e-15      1.688e-15      1.060e-13      4.959e-13      3.354e-11      1.801e-08      4.370e-08      8.625e-08      3.264e-08      9.116e-09      4.449e-12      2.860e-14 
 42.00      1.321e-14      4.769e-14      5.138e-14      1.785e-14      3.491e-15      1.047e-15      6.998e-14      3.280e-13      2.353e-11      1.406e-08      3.417e-08      6.797e-08      2.548e-08      6.996e-09      3.029e-12      1.815e-14 
