*
* Overschrijdingskansen potentiele windsnelheid Schiphol. Zonder statistische onzekerheid.
* WTI2017: 12-uursmaxima, gegeven windrichting
*
* Door: K.A. Wojciechowska van HKV lijn in water
* Project: PR3280.10
*
* u         NNO             NO              ONO             O               OZO             ZO              ZZO             Z               ZZW             ZW              WZW             W               WNW             NW              NNW             N
  0.00      1.000e+00      1.000e+00      1.000e+00      1.000e+00      1.000e+00      1.000e+00      1.000e+00      1.000e+00      1.000e+00      1.000e+00      1.000e+00      1.000e+00      1.000e+00      1.000e+00      1.000e+00      1.000e+00 
  2.00      9.751e-01      9.924e-01      9.977e-01      9.960e-01      9.922e-01      9.918e-01      9.989e-01      9.962e-01      9.971e-01      9.969e-01      9.979e-01      9.991e-01      9.958e-01      9.947e-01      9.962e-01      9.886e-01 
  2.50      9.448e-01      9.753e-01      9.722e-01      9.640e-01      9.674e-01      9.687e-01      9.810e-01      9.816e-01      9.886e-01      9.838e-01      9.916e-01      9.897e-01      9.842e-01      9.627e-01      9.638e-01      9.336e-01 
  3.00      9.171e-01      9.525e-01      9.618e-01      9.332e-01      9.286e-01      9.347e-01      9.515e-01      9.647e-01      9.772e-01      9.719e-01      9.888e-01      9.794e-01      9.663e-01      9.449e-01      9.429e-01      8.924e-01 
  3.50      8.536e-01      8.840e-01      9.109e-01      8.478e-01      8.370e-01      8.531e-01      8.892e-01      9.117e-01      9.521e-01      9.470e-01      9.656e-01      9.616e-01      9.284e-01      8.845e-01      8.800e-01      7.712e-01 
  4.00      7.956e-01      8.403e-01      8.762e-01      7.944e-01      7.702e-01      7.932e-01      8.217e-01      8.748e-01      9.276e-01      9.295e-01      9.494e-01      9.486e-01      9.003e-01      8.597e-01      8.400e-01      7.048e-01 
  4.50      7.017e-01      7.624e-01      7.870e-01      6.662e-01      6.366e-01      6.626e-01      7.131e-01      8.041e-01      8.865e-01      8.952e-01      9.143e-01      9.083e-01      8.413e-01      7.904e-01      7.657e-01      5.858e-01 
  5.00      6.492e-01      7.186e-01      7.407e-01      6.155e-01      5.559e-01      5.891e-01      6.614e-01      7.450e-01      8.391e-01      8.740e-01      8.932e-01      8.821e-01      8.104e-01      7.655e-01      7.238e-01      5.332e-01 
  5.50      4.917e-01      6.369e-01      6.273e-01      5.154e-01      4.348e-01      4.912e-01      5.728e-01      6.682e-01      7.747e-01      8.284e-01      8.496e-01      8.321e-01      7.584e-01      6.927e-01      6.743e-01      4.645e-01 
  6.00      4.448e-01      5.817e-01      5.741e-01      4.593e-01      3.820e-01      4.150e-01      4.916e-01      5.975e-01      7.056e-01      7.923e-01      8.194e-01      8.082e-01      7.317e-01      6.536e-01      6.057e-01      4.050e-01 
  6.50      3.619e-01      4.810e-01      4.826e-01      3.498e-01      2.547e-01      3.143e-01      3.998e-01      4.969e-01      6.515e-01      7.349e-01      7.667e-01      7.596e-01      6.798e-01      5.897e-01      5.467e-01      3.364e-01 
  7.00      2.983e-01      4.278e-01      4.387e-01      3.084e-01      1.910e-01      2.354e-01      3.386e-01      4.301e-01      5.744e-01      6.737e-01      7.309e-01      7.315e-01      6.306e-01      5.258e-01      4.590e-01      2.792e-01 
  7.50      2.459e-01      3.460e-01      3.391e-01      2.243e-01      1.165e-01      1.497e-01      2.595e-01      3.495e-01      5.214e-01      6.120e-01      6.803e-01      6.717e-01      5.674e-01      4.671e-01      4.114e-01      2.197e-01 
  8.00      2.210e-01      2.871e-01      3.044e-01      1.548e-01      8.216e-02      1.129e-01      1.983e-01      2.972e-01      4.467e-01      5.683e-01      6.444e-01      6.155e-01      5.197e-01      3.996e-01      3.390e-01      1.670e-01 
  8.50      1.713e-01      2.186e-01      2.338e-01      1.068e-01      5.796e-02      7.893e-02      1.466e-01      2.366e-01      3.953e-01      5.228e-01      5.741e-01      5.529e-01      4.480e-01      3.304e-01      2.886e-01      1.304e-01 
  9.00      1.331e-01      1.863e-01      2.072e-01      7.374e-02      4.089e-02      5.517e-02      1.086e-01      1.935e-01      3.297e-01      4.835e-01      5.355e-01      5.070e-01      4.031e-01      2.682e-01      2.343e-01      1.073e-01 
  9.50      1.034e-01      1.293e-01      1.377e-01      5.027e-02      2.791e-02      3.856e-02      8.228e-02      1.498e-01      2.886e-01      4.317e-01      4.722e-01      4.462e-01      3.343e-01      2.274e-01      2.019e-01      8.835e-02 
 10.00      8.030e-02      9.415e-02      8.955e-02      3.422e-02      1.905e-02      2.695e-02      5.836e-02      1.183e-01      2.316e-01      3.905e-01      4.252e-01      4.153e-01      3.034e-01      1.812e-01      1.619e-01      7.271e-02 
 10.50      6.238e-02      6.857e-02      5.823e-02      2.329e-02      1.300e-02      1.884e-02      4.140e-02      9.677e-02      1.951e-01      3.419e-01      3.640e-01      3.714e-01      2.570e-01      1.456e-01      1.352e-01      5.984e-02 
 11.00      4.846e-02      4.994e-02      3.786e-02      1.586e-02      8.876e-03      1.317e-02      2.937e-02      6.836e-02      1.500e-01      3.069e-01      3.268e-01      3.312e-01      2.303e-01      1.332e-01      1.079e-01      4.925e-02 
 11.50      3.765e-02      3.637e-02      2.614e-02      1.079e-02      5.775e-03      9.203e-03      2.083e-02      5.069e-02      1.272e-01      2.664e-01      2.832e-01      2.862e-01      1.910e-01      1.094e-01      8.605e-02      4.053e-02 
 12.00      2.925e-02      2.649e-02      1.817e-02      7.347e-03      3.742e-03      6.432e-03      1.478e-02      3.686e-02      9.968e-02      2.333e-01      2.474e-01      2.479e-01      1.559e-01      8.990e-02      6.864e-02      3.336e-02 
 12.50      2.150e-02      1.869e-02      1.263e-02      5.001e-03      2.428e-03      4.290e-03      1.016e-02      2.633e-02      7.811e-02      1.909e-01      2.024e-01      2.142e-01      1.152e-01      7.386e-02      5.475e-02      2.745e-02 
 13.00      1.581e-02      1.319e-02      8.783e-03      3.404e-03      1.578e-03      2.861e-03      6.989e-03      1.881e-02      5.986e-02      1.678e-01      1.715e-01      1.749e-01      9.410e-02      6.067e-02      4.368e-02      2.260e-02 
 13.50      1.162e-02      9.056e-03      6.106e-03      2.317e-03      1.027e-03      1.817e-03      4.807e-03      1.343e-02      4.578e-02      1.254e-01      1.300e-01      1.375e-01      7.669e-02      4.984e-02      3.484e-02      1.778e-02 
 14.00      8.541e-03      6.202e-03      4.245e-03      1.577e-03      6.696e-04      1.148e-03      3.306e-03      9.596e-03      3.502e-02      1.098e-01      1.131e-01      1.009e-01      6.250e-02      4.095e-02      2.779e-02      1.399e-02 
 14.50      5.971e-03      4.250e-03      2.951e-03      1.074e-03      4.371e-04      7.248e-04      2.273e-03      6.713e-03      2.679e-02      8.734e-02      8.573e-02      7.405e-02      5.093e-02      3.364e-02      2.217e-02      1.101e-02 
 15.00      4.163e-03      2.913e-03      2.052e-03      7.309e-04      2.858e-04      4.578e-04      1.563e-03      4.685e-03      2.051e-02      6.780e-02      6.746e-02      5.434e-02      4.151e-02      2.764e-02      1.768e-02      8.665e-03 
 15.50      2.911e-03      1.998e-03      1.427e-03      4.976e-04      1.872e-04      2.892e-04      1.060e-03      3.269e-03      1.570e-02      5.264e-02      4.919e-02      3.987e-02      3.383e-02      2.270e-02      1.385e-02      6.492e-03 
 16.00      2.042e-03      1.371e-03      9.919e-04      3.387e-04      1.228e-04      1.827e-04      7.195e-04      2.282e-03      1.202e-02      3.997e-02      4.006e-02      3.114e-02      2.757e-02      1.865e-02      1.084e-02      4.838e-03 
 16.50      1.437e-03      9.408e-04      6.896e-04      2.306e-04      8.063e-05      1.154e-04      4.892e-04      1.592e-03      9.208e-03      3.028e-02      3.192e-02      2.448e-02      2.247e-02      1.499e-02      8.489e-03      3.605e-03 
 17.00      1.015e-03      6.460e-04      4.795e-04      1.569e-04      5.304e-05      7.288e-05      3.332e-04      1.111e-03      7.054e-03      2.294e-02      2.543e-02      1.925e-02      1.812e-02      1.205e-02      6.647e-03      2.687e-03 
 17.50      7.185e-04      4.438e-04      3.334e-04      1.068e-04      3.495e-05      4.604e-05      2.273e-04      7.755e-04      5.405e-03      1.738e-02      2.026e-02      1.514e-02      1.462e-02      9.684e-03      5.105e-03      2.002e-03 
 18.00      5.104e-04      3.050e-04      2.318e-04      7.272e-05      2.306e-05      2.908e-05      1.554e-04      5.412e-04      4.142e-03      1.316e-02      1.615e-02      1.190e-02      1.140e-02      7.783e-03      3.912e-03      1.492e-03 
 18.50      3.637e-04      2.097e-04      1.612e-04      4.950e-05      1.524e-05      1.837e-05      1.064e-04      3.777e-04      3.174e-03      9.973e-03      1.287e-02      9.360e-03      8.860e-03      6.256e-03      2.998e-03      1.112e-03 
 19.00      2.599e-04      1.442e-04      1.121e-04      3.370e-05      1.008e-05      1.160e-05      7.292e-05      2.636e-04      2.433e-03      7.556e-03      1.025e-02      7.360e-03      6.885e-03      5.028e-03      2.298e-03      8.284e-04 
 19.50      1.863e-04      9.921e-05      7.796e-05      2.294e-05      6.681e-06      7.329e-06      5.006e-05      1.839e-04      1.865e-03      5.725e-03      8.169e-03      5.788e-03      5.351e-03      3.899e-03      1.761e-03      6.173e-04 
 20.00      1.339e-04      6.828e-05      5.421e-05      1.561e-05      4.433e-06      4.630e-06      3.441e-05      1.284e-04      1.430e-03      4.338e-03      6.509e-03      4.551e-03      4.159e-03      3.011e-03      1.350e-03      4.600e-04 
 20.50      9.652e-05      4.702e-05      3.770e-05      1.063e-05      2.946e-06      2.924e-06      2.368e-05      8.959e-05      1.097e-03      3.287e-03      5.043e-03      3.579e-03      3.232e-03      2.326e-03      1.035e-03      3.428e-04 
 21.00      6.974e-05      3.238e-05      2.622e-05      7.235e-06      1.960e-06      1.847e-06      1.632e-05      6.252e-05      8.409e-04      2.491e-03      3.907e-03      2.814e-03      2.513e-03      1.796e-03      7.930e-04      2.555e-04 
 21.50      5.052e-05      2.231e-05      1.823e-05      4.925e-06      1.305e-06      1.167e-06      1.126e-05      4.363e-05      6.449e-04      1.888e-03      3.027e-03      2.213e-03      1.953e-03      1.387e-03      6.079e-04      1.904e-04 
 22.00      3.668e-05      1.538e-05      1.268e-05      3.353e-06      8.706e-07      7.371e-07      7.772e-06      3.045e-05      4.946e-04      1.431e-03      2.299e-03      1.740e-03      1.518e-03      1.071e-03      4.660e-04      1.419e-04 
 22.50      2.669e-05      1.060e-05      8.819e-06      2.282e-06      5.813e-07      4.656e-07      5.371e-06      2.125e-05      3.794e-04      1.084e-03      1.743e-03      1.368e-03      1.180e-03      8.275e-04      3.572e-04      1.057e-04 
 23.00      1.946e-05      7.314e-06      6.134e-06      1.553e-06      3.886e-07      2.941e-07      3.715e-06      1.483e-05      2.910e-04      8.219e-04      1.322e-03      1.076e-03      9.176e-04      6.391e-04      2.739e-04      7.877e-05 
 23.50      1.421e-05      5.046e-06      4.266e-06      1.057e-06      2.600e-07      1.858e-07      2.572e-06      1.035e-05      2.232e-04      6.230e-04      1.002e-03      8.459e-04      7.135e-04      4.937e-04      2.100e-04      5.870e-05 
 24.00      1.040e-05      3.482e-06      2.967e-06      7.198e-07      1.742e-07      1.173e-07      1.781e-06      7.223e-06      1.713e-04      4.722e-04      7.600e-04      6.652e-04      5.547e-04      3.813e-04      1.610e-04      4.374e-05 
 24.50      7.624e-06      2.404e-06      2.064e-06      4.900e-07      1.168e-07      7.413e-08      1.235e-06      5.041e-06      1.314e-04      3.580e-04      5.765e-04      5.230e-04      4.313e-04      2.945e-04      1.234e-04      3.260e-05 
 25.00      5.597e-06      1.660e-06      1.435e-06      3.335e-07      7.838e-08      4.682e-08      8.564e-07      3.518e-06      1.008e-04      2.714e-04      4.374e-04      4.113e-04      3.354e-04      2.275e-04      9.463e-05      2.429e-05 
 25.50      4.115e-06      1.147e-06      9.983e-07      2.271e-07      5.265e-08      2.958e-08      5.943e-07      2.455e-06      7.734e-05      2.057e-04      3.319e-04      3.234e-04      2.608e-04      1.757e-04      7.256e-05      1.810e-05 
 26.00      3.029e-06      7.924e-07      6.944e-07      1.546e-07      3.540e-08      1.868e-08      4.126e-07      1.713e-06      5.934e-05      1.560e-04      2.519e-04      2.543e-04      2.029e-04      1.357e-04      5.563e-05      1.349e-05 
 26.50      2.232e-06      5.476e-07      4.830e-07      1.052e-07      2.382e-08      1.180e-08      2.866e-07      1.196e-06      4.553e-05      1.183e-04      1.912e-04      2.000e-04      1.578e-04      1.048e-04      4.266e-05      1.005e-05 
 27.00      1.647e-06      3.786e-07      3.360e-07      7.162e-08      1.604e-08      7.455e-09      1.992e-07      8.344e-07      3.494e-05      8.968e-05      1.451e-04      1.572e-04      1.227e-04      8.098e-05      3.271e-05      7.491e-06 
 27.50      1.216e-06      2.618e-07      2.337e-07      4.875e-08      1.081e-08      4.710e-09      1.385e-07      5.823e-07      2.681e-05      6.800e-05      1.102e-04      1.236e-04      9.545e-05      6.255e-05      2.509e-05      5.582e-06 
 28.00      8.988e-07      1.811e-07      1.626e-07      3.319e-08      7.286e-09      2.975e-09      9.628e-08      4.064e-07      2.057e-05      5.157e-05      8.370e-05      9.722e-05      7.425e-05      4.832e-05      1.924e-05      4.160e-06 
 28.50      6.649e-07      1.253e-07      1.131e-07      2.259e-08      4.916e-09      1.879e-09      6.698e-08      2.836e-07      1.579e-05      3.911e-05      6.358e-05      7.644e-05      5.776e-05      3.733e-05      1.475e-05      3.100e-06 
 29.00      4.922e-07      8.667e-08      7.866e-08      1.538e-08      3.319e-09      1.187e-09      4.661e-08      1.979e-07      1.212e-05      2.966e-05      4.831e-05      6.011e-05      4.494e-05      2.883e-05      1.131e-05      2.310e-06 
 29.50      3.646e-07      5.999e-08      5.472e-08      1.047e-08      2.242e-09      7.499e-10      3.244e-08      1.381e-07      9.298e-06      2.249e-05      3.672e-05      4.727e-05      3.496e-05      2.227e-05      8.677e-06      1.721e-06 
 30.00      2.703e-07      4.153e-08      3.806e-08      7.125e-09      1.515e-09      4.737e-10      2.259e-08      9.639e-08      7.135e-06      1.706e-05      2.791e-05      3.717e-05      2.720e-05      1.721e-05      6.654e-06      1.283e-06 
 30.50      2.004e-07      2.875e-08      2.648e-08      4.850e-09      1.024e-09      2.992e-10      1.573e-08      6.727e-08      5.476e-06      1.294e-05      2.122e-05      2.922e-05      2.116e-05      1.329e-05      5.104e-06      9.558e-07 
 31.00      1.487e-07      1.991e-08      1.842e-08      3.302e-09      6.930e-10      1.890e-10      1.095e-08      4.695e-08      4.202e-06      9.816e-06      1.614e-05      2.298e-05      1.647e-05      1.027e-05      3.914e-06      7.123e-07 
 31.50      1.104e-07      1.379e-08      1.281e-08      2.247e-09      4.690e-10      1.194e-10      7.631e-09      3.276e-08      3.225e-06      7.446e-06      1.227e-05      1.807e-05      1.282e-05      7.932e-06      3.002e-06      5.308e-07 
 32.00      8.198e-08      9.557e-09      8.914e-09      1.530e-09      3.176e-10      7.543e-11      5.317e-09      2.286e-08      2.475e-06      5.649e-06      9.340e-06      1.421e-05      9.974e-06      6.128e-06      2.303e-06      3.955e-07 
 32.50      6.090e-08      6.622e-09      6.201e-09      1.041e-09      2.151e-10      4.765e-11      3.705e-09      1.596e-08      1.900e-06      4.286e-06      7.108e-06      1.117e-05      7.763e-06      4.734e-06      1.766e-06      2.947e-07 
 33.00      4.525e-08      4.590e-09      4.314e-09      7.089e-10      1.457e-10      3.010e-11      2.582e-09      1.114e-08      1.458e-06      3.252e-06      5.411e-06      8.785e-06      6.042e-06      3.657e-06      1.355e-06      2.196e-07 
 33.50      3.364e-08      3.182e-09      3.001e-09      4.825e-10      9.878e-11      1.901e-11      1.800e-09      7.771e-09      1.119e-06      2.467e-06      4.120e-06      6.908e-06      4.703e-06      2.825e-06      1.039e-06      1.637e-07 
 34.00      2.501e-08      2.206e-09      2.088e-09      3.285e-10      6.697e-11      1.201e-11      1.255e-09      5.423e-09      8.588e-07      1.872e-06      3.138e-06      5.432e-06      3.661e-06      2.183e-06      7.971e-07      1.220e-07 
 34.50      1.860e-08      1.530e-09      1.453e-09      2.236e-10      4.542e-11      7.588e-12      8.748e-10      3.785e-09      6.591e-07      1.421e-06      2.391e-06      4.271e-06      2.850e-06      1.686e-06      6.114e-07      9.089e-08 
 35.00      1.384e-08      1.061e-09      1.011e-09      1.522e-10      3.081e-11      4.793e-12      6.099e-10      2.641e-09      5.059e-07      1.078e-06      1.822e-06      3.359e-06      2.219e-06      1.303e-06      4.690e-07      6.773e-08 
 35.50      1.029e-08      7.357e-10      7.032e-10      1.036e-10      2.091e-11      3.028e-12      4.253e-10      1.843e-09      3.883e-07      8.183e-07      1.389e-06      2.641e-06      1.727e-06      1.007e-06      3.598e-07      5.047e-08 
 36.00      7.660e-09      5.104e-10      4.892e-10      7.053e-11      1.419e-11      1.913e-12      2.966e-10      1.286e-09      2.980e-07      6.210e-07      1.059e-06      2.077e-06      1.345e-06      7.777e-07      2.760e-07      3.761e-08 
 36.50      5.701e-09      3.541e-10      3.404e-10      4.801e-11      9.632e-12      1.208e-12      2.068e-10      8.978e-10      2.287e-07      4.714e-07      8.079e-07      1.633e-06      1.047e-06      6.008e-07      2.117e-07      2.803e-08 
 37.00      4.243e-09      2.457e-10      2.368e-10      3.268e-11      6.540e-12      7.633e-13      1.443e-10      6.265e-10      1.755e-07      3.578e-07      6.164e-07      1.284e-06      8.155e-07      4.642e-07      1.624e-07      2.089e-08 
 37.50      3.159e-09      1.705e-10      1.648e-10      2.225e-11      4.441e-12      4.822e-13      1.006e-10      4.372e-10      1.347e-07      2.716e-07      4.705e-07      1.010e-06      6.350e-07      3.587e-07      1.246e-07      1.556e-08 
 38.00      2.352e-09      1.184e-10      1.146e-10      1.514e-11      3.017e-12      3.046e-13      7.019e-11      3.051e-10      1.034e-07      2.062e-07      3.592e-07      7.939e-07      4.946e-07      2.771e-07      9.559e-08      1.160e-08 
 38.50      1.751e-09      8.215e-11      7.976e-11      1.031e-11      2.049e-12      1.924e-13      4.896e-11      2.130e-10      7.937e-08      1.565e-07      2.743e-07      6.243e-07      3.852e-07      2.141e-07      7.334e-08      8.643e-09 
 39.00      1.304e-09      5.703e-11      5.549e-11      7.017e-12      1.392e-12      1.216e-13      3.415e-11      1.486e-10      6.092e-08      1.189e-07      2.096e-07      4.909e-07      3.000e-07      1.654e-07      5.626e-08      6.440e-09 
 39.50      9.710e-10      3.960e-11      3.861e-11      4.776e-12      9.461e-13      7.680e-14      2.383e-11      1.037e-10      4.676e-08      9.025e-08      1.602e-07      3.860e-07      2.337e-07      1.278e-07      4.316e-08      4.799e-09 
 40.00      7.231e-10      2.750e-11      2.687e-11      3.251e-12      6.430e-13      4.851e-14      1.662e-11      7.238e-11      3.589e-08      6.853e-08      1.225e-07      3.035e-07      1.821e-07      9.876e-08      3.312e-08      3.576e-09 
 40.50      5.386e-10      1.909e-11      1.869e-11      2.213e-12      4.370e-13      3.065e-14      1.160e-11      5.051e-11      2.754e-08      5.204e-08      9.366e-08      2.387e-07      1.418e-07      7.631e-08      2.541e-08      2.665e-09 
 41.00      4.012e-10      1.326e-11      1.301e-11      1.507e-12      2.971e-13      1.936e-14      8.091e-12      3.525e-11      2.114e-08      3.952e-08      7.166e-08      1.877e-07      1.105e-07      5.896e-08      1.949e-08      1.986e-09 
 41.50      2.988e-10      9.211e-12      9.050e-12      1.026e-12      2.020e-13      1.223e-14      5.645e-12      2.460e-11      1.623e-08      3.001e-08      5.484e-08      1.476e-07      8.609e-08      4.556e-08      1.496e-08      1.480e-09 
 42.00      2.226e-10      6.398e-12      6.297e-12      6.981e-13      1.373e-13      7.726e-15      3.939e-12      1.717e-11      1.245e-08      2.280e-08      4.199e-08      1.160e-07      6.708e-08      3.520e-08      1.147e-08      1.103e-09 
