*
* Overschrijdingskansen potentiele windsnelheid Schiphol. Met statistische onzekerheid.
* WTI2017: 12-uursmaxima, gegeven windrichting
*
* Door: K.A. Wojciechowska van HKV lijn in water
* Project: PR3280.10
*
* u         NNO             NO              ONO             O               OZO             ZO              ZZO             Z               ZZW             ZW              WZW             W               WNW             NW              NNW             N
  0.00      1.000e+00      1.000e+00      1.000e+00      1.000e+00      1.000e+00      1.000e+00      1.000e+00      1.000e+00      1.000e+00      1.000e+00      1.000e+00      1.000e+00      1.000e+00      1.000e+00      1.000e+00      1.000e+00 
  2.00      9.731e-01      9.911e-01      9.956e-01      9.934e-01      9.903e-01      9.901e-01      9.975e-01      9.950e-01      9.965e-01      9.958e-01      9.974e-01      9.983e-01      9.949e-01      9.921e-01      9.936e-01      9.842e-01 
  2.50      9.446e-01      9.744e-01      9.734e-01      9.636e-01      9.656e-01      9.672e-01      9.796e-01      9.811e-01      9.881e-01      9.837e-01      9.918e-01      9.894e-01      9.834e-01      9.637e-01      9.645e-01      9.342e-01 
  3.00      9.122e-01      9.464e-01      9.567e-01      9.259e-01      9.213e-01      9.282e-01      9.469e-01      9.599e-01      9.753e-01      9.701e-01      9.862e-01      9.783e-01      9.635e-01      9.394e-01      9.373e-01      8.815e-01 
  3.50      8.530e-01      8.861e-01      9.121e-01      8.504e-01      8.383e-01      8.543e-01      8.871e-01      9.129e-01      9.517e-01      9.475e-01      9.661e-01      9.619e-01      9.290e-01      8.883e-01      8.819e-01      7.760e-01 
  4.00      7.882e-01      8.337e-01      8.664e-01      7.806e-01      7.571e-01      7.798e-01      8.132e-01      8.684e-01      9.243e-01      9.264e-01      9.460e-01      9.439e-01      8.946e-01      8.519e-01      8.335e-01      6.942e-01 
  4.50      7.061e-01      7.663e-01      7.921e-01      6.762e-01      6.418e-01      6.688e-01      7.202e-01      8.043e-01      8.842e-01      8.966e-01      9.159e-01      9.098e-01      8.448e-01      7.965e-01      7.696e-01      5.941e-01 
  5.00      6.258e-01      7.097e-01      7.258e-01      6.039e-01      5.448e-01      5.817e-01      6.523e-01      7.396e-01      8.343e-01      8.686e-01      8.882e-01      8.768e-01      8.054e-01      7.553e-01      7.210e-01      5.283e-01 
  5.50      5.095e-01      6.395e-01      6.362e-01      5.208e-01      4.443e-01      4.919e-01      5.710e-01      6.666e-01      7.717e-01      8.289e-01      8.510e-01      8.361e-01      7.622e-01      6.975e-01      6.685e-01      4.640e-01 
  6.00      4.347e-01      5.692e-01      5.636e-01      4.447e-01      3.616e-01      4.058e-01      4.860e-01      5.879e-01      7.065e-01      7.859e-01      8.133e-01      8.019e-01      7.249e-01      6.464e-01      6.050e-01      4.006e-01 
  6.50      3.633e-01      4.884e-01      4.900e-01      3.615e-01      2.638e-01      3.145e-01      4.034e-01      5.011e-01      6.440e-01      7.316e-01      7.688e-01      7.624e-01      6.782e-01      5.872e-01      5.376e-01      3.363e-01 
  7.00      2.995e-01      4.183e-01      4.229e-01      2.950e-01      1.856e-01      2.302e-01      3.312e-01      4.242e-01      5.772e-01      6.716e-01      7.259e-01      7.218e-01      6.251e-01      5.244e-01      4.656e-01      2.760e-01 
  7.50      2.511e-01      3.482e-01      3.518e-01      2.239e-01      1.243e-01      1.595e-01      2.608e-01      3.537e-01      5.136e-01      6.148e-01      6.813e-01      6.696e-01      5.684e-01      4.618e-01      4.030e-01      2.192e-01 
  8.00      2.127e-01      2.828e-01      2.940e-01      1.584e-01      8.442e-02      1.130e-01      1.989e-01      2.932e-01      4.496e-01      5.665e-01      6.334e-01      6.117e-01      5.112e-01      3.959e-01      3.419e-01      1.701e-01 
  8.50      1.722e-01      2.257e-01      2.417e-01      1.100e-01      5.940e-02      8.079e-02      1.491e-01      2.391e-01      3.897e-01      5.221e-01      5.794e-01      5.548e-01      4.519e-01      3.302e-01      2.864e-01      1.337e-01 
  9.00      1.347e-01      1.779e-01      1.925e-01      7.605e-02      4.177e-02      5.690e-02      1.112e-01      1.922e-01      3.337e-01      4.779e-01      5.267e-01      5.018e-01      3.953e-01      2.725e-01      2.387e-01      1.083e-01 
  9.50      1.049e-01      1.337e-01      1.407e-01      5.232e-02      2.900e-02      3.994e-02      8.255e-02      1.525e-01      2.827e-01      4.321e-01      4.732e-01      4.529e-01      3.430e-01      2.248e-01      1.990e-01      8.897e-02 
 10.00      8.165e-02      9.733e-02      9.484e-02      3.586e-02      1.995e-02      2.805e-02      6.015e-02      1.204e-01      2.352e-01      3.869e-01      4.197e-01      4.102e-01      2.989e-01      1.844e-01      1.645e-01      7.330e-02 
 10.50      6.358e-02      7.093e-02      6.247e-02      2.455e-02      1.367e-02      1.970e-02      4.309e-02      9.413e-02      1.925e-01      3.440e-01      3.692e-01      3.694e-01      2.606e-01      1.528e-01      1.347e-01      6.040e-02 
 11.00      4.949e-02      5.183e-02      4.144e-02      1.681e-02      9.292e-03      1.383e-02      3.072e-02      7.118e-02      1.560e-01      3.040e-01      3.241e-01      3.277e-01      2.248e-01      1.296e-01      1.091e-01      4.978e-02 
 11.50      3.841e-02      3.784e-02      2.807e-02      1.152e-02      6.219e-03      9.699e-03      2.186e-02      5.246e-02      1.260e-01      2.661e-01      2.828e-01      2.866e-01      1.892e-01      1.096e-01      8.757e-02      4.102e-02 
 12.00      2.952e-02      2.748e-02      1.940e-02      7.890e-03      4.101e-03      6.749e-03      1.549e-02      3.832e-02      1.010e-01      2.295e-01      2.430e-01      2.474e-01      1.538e-01      9.103e-02      7.004e-02      3.379e-02 
 12.50      2.231e-02      1.974e-02      1.354e-02      5.408e-03      2.689e-03      4.622e-03      1.087e-02      2.778e-02      7.952e-02      1.946e-01      2.046e-01      2.099e-01      1.222e-01      7.501e-02      5.599e-02      2.776e-02 
 13.00      1.660e-02      1.400e-02      9.469e-03      3.707e-03      1.762e-03      3.103e-03      7.565e-03      2.001e-02      6.178e-02      1.624e-01      1.690e-01      1.729e-01      9.728e-02      6.173e-02      4.477e-02      2.261e-02 
 13.50      1.224e-02      9.812e-03      6.627e-03      2.542e-03      1.157e-03      2.042e-03      5.245e-03      1.437e-02      4.763e-02      1.335e-01      1.376e-01      1.373e-01      7.853e-02      5.080e-02      3.579e-02      1.817e-02 
 14.00      8.940e-03      6.818e-03      4.638e-03      1.744e-03      7.607e-04      1.322e-03      3.633e-03      1.028e-02      3.661e-02      1.089e-01      1.110e-01      1.053e-01      6.398e-02      4.181e-02      2.861e-02      1.443e-02 
 14.50      6.446e-03      4.717e-03      3.248e-03      1.197e-03      5.011e-04      8.486e-04      2.515e-03      7.308e-03      2.812e-02      8.798e-02      8.841e-02      7.894e-02      5.224e-02      3.441e-02      2.284e-02      1.136e-02 
 15.00      4.589e-03      3.260e-03      2.275e-03      8.213e-04      3.306e-04      5.429e-04      1.739e-03      5.168e-03      2.160e-02      6.996e-02      6.936e-02      5.876e-02      4.266e-02      2.831e-02      1.818e-02      8.857e-03 
 15.50      3.244e-03      2.253e-03      1.594e-03      5.639e-04      2.186e-04      3.472e-04      1.199e-03      3.641e-03      1.661e-02      5.469e-02      5.400e-02      4.405e-02      3.483e-02      2.325e-02      1.441e-02      6.816e-03 
 16.00      2.292e-03      1.559e-03      1.117e-03      3.873e-04      1.447e-04      2.221e-04      8.240e-04      2.562e-03      1.277e-02      4.224e-02      4.226e-02      3.355e-02      2.842e-02      1.903e-02      1.136e-02      5.177e-03 
 16.50      1.622e-03      1.079e-03      7.828e-04      2.660e-04      9.599e-05      1.421e-04      5.657e-04      1.802e-03      9.820e-03      3.237e-02      3.344e-02      2.599e-02      2.312e-02      1.549e-02      8.921e-03      3.898e-03 
 17.00      1.152e-03      7.473e-04      5.489e-04      1.828e-04      6.378e-05      9.097e-05      3.886e-04      1.268e-03      7.555e-03      2.470e-02      2.666e-02      2.037e-02      1.872e-02      1.255e-02      6.978e-03      2.925e-03 
 17.50      8.202e-04      5.180e-04      3.850e-04      1.256e-04      4.245e-05      5.826e-05      2.673e-04      8.926e-04      5.815e-03      1.882e-02      2.132e-02      1.605e-02      1.505e-02      1.013e-02      5.433e-03      2.192e-03 
 18.00      5.859e-04      3.592e-04      2.701e-04      8.638e-05      2.830e-05      3.733e-05      1.842e-04      6.284e-04      4.477e-03      1.433e-02      1.704e-02      1.266e-02      1.198e-02      8.162e-03      4.210e-03      1.643e-03 
 18.50      4.198e-04      2.493e-04      1.895e-04      5.941e-05      1.889e-05      2.392e-05      1.272e-04      4.425e-04      3.447e-03      1.092e-02      1.362e-02      9.996e-03      9.461e-03      6.554e-03      3.251e-03      1.232e-03 
 19.00      3.017e-04      1.731e-04      1.330e-04      4.087e-05      1.264e-05      1.534e-05      8.797e-05      3.116e-04      2.656e-03      8.317e-03      1.088e-02      7.892e-03      7.423e-03      5.235e-03      2.507e-03      9.236e-04 
 19.50      2.175e-04      1.203e-04      9.340e-05      2.812e-05      8.466e-06      9.839e-06      6.093e-05      2.196e-04      2.046e-03      6.337e-03      8.675e-03      6.231e-03      5.806e-03      4.151e-03      1.932e-03      6.926e-04 
 20.00      1.572e-04      8.363e-05      6.560e-05      1.936e-05      5.680e-06      6.313e-06      4.227e-05      1.547e-04      1.577e-03      4.829e-03      6.888e-03      4.921e-03      4.536e-03      3.265e-03      1.488e-03      5.195e-04 
 20.50      1.139e-04      5.818e-05      4.608e-05      1.333e-05      3.817e-06      4.052e-06      2.936e-05      1.090e-04      1.216e-03      3.681e-03      5.439e-03      3.887e-03      3.543e-03      2.552e-03      1.147e-03      3.897e-04 
 21.00      8.279e-05      4.049e-05      3.238e-05      9.177e-06      2.568e-06      2.602e-06      2.043e-05      7.688e-05      9.372e-04      2.806e-03      4.266e-03      3.070e-03      2.768e-03      1.987e-03      8.840e-04      2.924e-04 
 21.50      6.032e-05      2.820e-05      2.276e-05      6.322e-06      1.731e-06      1.672e-06      1.423e-05      5.422e-05      7.228e-04      2.140e-03      3.323e-03      2.425e-03      2.162e-03      1.544e-03      6.815e-04      2.194e-04 
 22.00      4.405e-05      1.965e-05      1.600e-05      4.356e-06      1.168e-06      1.074e-06      9.923e-06      3.824e-05      5.575e-04      1.632e-03      2.573e-03      1.916e-03      1.690e-03      1.199e-03      5.255e-04      1.647e-04 
 22.50      3.224e-05      1.370e-05      1.125e-05      3.002e-06      7.894e-07      6.906e-07      6.928e-06      2.698e-05      4.302e-04      1.245e-03      1.982e-03      1.514e-03      1.320e-03      9.316e-04      4.052e-04      1.236e-04 
 23.00      2.365e-05      9.561e-06      7.914e-06      2.070e-06      5.342e-07      4.442e-07      4.842e-06      1.904e-05      3.319e-04      9.498e-04      1.521e-03      1.196e-03      1.032e-03      7.237e-04      3.125e-04      9.280e-05 
 23.50      1.739e-05      6.673e-06      5.569e-06      1.427e-06      3.619e-07      2.857e-07      3.388e-06      1.344e-05      2.562e-04      7.248e-04      1.164e-03      9.456e-04      8.069e-04      5.622e-04      2.411e-04      6.969e-05 
 24.00      1.280e-05      4.661e-06      3.919e-06      9.845e-07      2.455e-07      1.839e-07      2.373e-06      9.489e-06      1.978e-04      5.532e-04      8.895e-04      7.474e-04      6.310e-04      4.369e-04      1.860e-04      5.234e-05 
 24.50      9.447e-06      3.257e-06      2.759e-06      6.793e-07      1.668e-07      1.184e-07      1.663e-06      6.701e-06      1.527e-04      4.223e-04      6.796e-04      5.908e-04      4.935e-04      3.395e-04      1.435e-04      3.931e-05 
 25.00      6.982e-06      2.277e-06      1.942e-06      4.688e-07      1.134e-07      7.625e-08      1.167e-06      4.733e-06      1.179e-04      3.224e-04      5.193e-04      4.671e-04      3.860e-04      2.639e-04      1.108e-04      2.953e-05 
 25.50      5.168e-06      1.592e-06      1.368e-06      3.236e-07      7.720e-08      4.913e-08      8.192e-07      3.344e-06      9.109e-05      2.462e-04      3.968e-04      3.693e-04      3.020e-04      2.051e-04      8.552e-05      2.219e-05 
 26.00      3.831e-06      1.114e-06      9.638e-07      2.235e-07      5.261e-08      3.166e-08      5.756e-07      2.363e-06      7.037e-05      1.881e-04      3.033e-04      2.921e-04      2.363e-04      1.595e-04      6.603e-05      1.668e-05 
 26.50      2.844e-06      7.803e-07      6.791e-07      1.543e-07      3.589e-08      2.042e-08      4.047e-07      1.670e-06      5.437e-05      1.437e-04      2.320e-04      2.310e-04      1.849e-04      1.240e-04      5.098e-05      1.253e-05 
 27.00      2.114e-06      5.466e-07      4.787e-07      1.066e-07      2.451e-08      1.317e-08      2.848e-07      1.181e-06      4.201e-05      1.098e-04      1.774e-04      1.827e-04      1.447e-04      9.644e-05      3.937e-05      9.423e-06 
 27.50      1.573e-06      3.830e-07      3.375e-07      7.369e-08      1.675e-08      8.496e-09      2.005e-07      8.352e-07      3.247e-05      8.390e-05      1.357e-04      1.445e-04      1.133e-04      7.501e-05      3.041e-05      7.085e-06 
 28.00      1.172e-06      2.686e-07      2.380e-07      5.094e-08      1.146e-08      5.483e-09      1.412e-07      5.908e-07      2.510e-05      6.413e-05      1.039e-04      1.143e-04      8.873e-05      5.835e-05      2.350e-05      5.328e-06 
 28.50      8.740e-07      1.884e-07      1.679e-07      3.522e-08      7.849e-09      3.540e-09      9.956e-08      4.180e-07      1.941e-05      4.903e-05      7.954e-05      9.046e-05      6.949e-05      4.540e-05      1.815e-05      4.007e-06 
 29.00      6.524e-07      1.322e-07      1.184e-07      2.435e-08      5.379e-09      2.287e-09      7.021e-08      2.958e-07      1.501e-05      3.749e-05      6.092e-05      7.158e-05      5.443e-05      3.532e-05      1.403e-05      3.014e-06 
 29.50      4.874e-07      9.282e-08      8.357e-08      1.685e-08      3.690e-09      1.477e-09      4.954e-08      2.094e-07      1.161e-05      2.868e-05      4.667e-05      5.665e-05      4.264e-05      2.749e-05      1.084e-05      2.268e-06 
 30.00      3.645e-07      6.519e-08      5.899e-08      1.166e-08      2.533e-09      9.549e-10      3.498e-08      1.482e-07      8.977e-06      2.194e-05      3.576e-05      4.484e-05      3.341e-05      2.139e-05      8.382e-06      1.706e-06 
 30.50      2.727e-07      4.581e-08      4.165e-08      8.068e-09      1.740e-09      6.174e-10      2.470e-08      1.050e-07      6.944e-06      1.678e-05      2.742e-05      3.549e-05      2.618e-05      1.665e-05      6.480e-06      1.284e-06 
 31.00      2.042e-07      3.220e-08      2.941e-08      5.585e-09      1.196e-09      3.993e-10      1.746e-08      7.434e-08      5.373e-06      1.284e-05      2.102e-05      2.810e-05      2.052e-05      1.296e-05      5.011e-06      9.666e-07 
 31.50      1.530e-07      2.265e-08      2.077e-08      3.867e-09      8.228e-10      2.584e-10      1.234e-08      5.267e-08      4.158e-06      9.830e-06      1.613e-05      2.224e-05      1.609e-05      1.009e-05      3.875e-06      7.277e-07 
 32.00      1.147e-07      1.593e-08      1.468e-08      2.679e-09      5.664e-10      1.672e-10      8.727e-09      3.732e-08      3.218e-06      7.525e-06      1.238e-05      1.761e-05      1.261e-05      7.861e-06      2.997e-06      5.479e-07 
 32.50      8.605e-08      1.121e-08      1.037e-08      1.856e-09      3.902e-10      1.083e-10      6.174e-09      2.645e-08      2.491e-06      5.762e-06      9.500e-06      1.395e-05      9.891e-06      6.122e-06      2.319e-06      4.126e-07 
 33.00      6.459e-08      7.896e-09      7.332e-09      1.286e-09      2.689e-10      7.011e-11      4.369e-09      1.875e-08      1.928e-06      4.412e-06      7.295e-06      1.105e-05      7.758e-06      4.769e-06      1.794e-06      3.107e-07 
 33.50      4.850e-08      5.562e-09      5.184e-09      8.913e-10      1.855e-10      4.542e-11      3.094e-09      1.330e-08      1.493e-06      3.380e-06      5.604e-06      8.749e-06      6.086e-06      3.715e-06      1.388e-06      2.341e-07 
 34.00      3.644e-08      3.919e-09      3.666e-09      6.180e-10      1.280e-10      2.944e-11      2.191e-09      9.430e-09      1.156e-06      2.589e-06      4.307e-06      6.931e-06      4.775e-06      2.894e-06      1.074e-06      1.763e-07 
 34.50      2.738e-08      2.762e-09      2.593e-09      4.285e-10      8.837e-11      1.908e-11      1.552e-09      6.689e-09      8.952e-07      1.984e-06      3.311e-06      5.491e-06      3.747e-06      2.255e-06      8.316e-07      1.329e-07 
 35.00      2.059e-08      1.948e-09      1.835e-09      2.972e-10      6.104e-11      1.238e-11      1.100e-09      4.746e-09      6.934e-07      1.520e-06      2.546e-06      4.350e-06      2.941e-06      1.758e-06      6.438e-07      1.001e-07 
 35.50      1.549e-08      1.374e-09      1.298e-09      2.062e-10      4.219e-11      8.028e-12      7.799e-10      3.368e-09      5.371e-07      1.165e-06      1.959e-06      3.447e-06      2.308e-06      1.370e-06      4.985e-07      7.548e-08 
 36.00      1.165e-08      9.696e-10      9.190e-10      1.431e-10      2.917e-11      5.210e-12      5.531e-10      2.391e-09      4.162e-07      8.935e-07      1.507e-06      2.732e-06      1.812e-06      1.068e-06      3.860e-07      5.690e-08 
 36.50      8.771e-09      6.844e-10      6.506e-10      9.934e-11      2.018e-11      3.382e-12      3.923e-10      1.698e-09      3.225e-07      6.851e-07      1.160e-06      2.165e-06      1.423e-06      8.326e-07      2.989e-07      4.290e-08 
 37.00      6.604e-09      4.833e-10      4.607e-10      6.897e-11      1.397e-11      2.196e-12      2.784e-10      1.205e-09      2.499e-07      5.255e-07      8.938e-07      1.716e-06      1.118e-06      6.492e-07      2.316e-07      3.235e-08 
 37.50      4.973e-09      3.414e-10      3.263e-10      4.790e-11      9.673e-12      1.426e-12      1.976e-10      8.562e-10      1.937e-07      4.031e-07      6.887e-07      1.361e-06      8.779e-07      5.063e-07      1.794e-07      2.440e-08 
 38.00      3.747e-09      2.412e-10      2.312e-10      3.327e-11      6.701e-12      9.268e-13      1.403e-10      6.083e-10      1.501e-07      3.092e-07      5.308e-07      1.079e-06      6.897e-07      3.949e-07      1.390e-07      1.840e-08 
 38.50      2.823e-09      1.705e-10      1.638e-10      2.312e-11      4.644e-12      6.024e-13      9.961e-11      4.323e-10      1.164e-07      2.373e-07      4.093e-07      8.553e-07      5.419e-07      3.080e-07      1.077e-07      1.388e-08 
 39.00      2.128e-09      1.206e-10      1.161e-10      1.607e-11      3.220e-12      3.917e-13      7.076e-11      3.072e-10      9.024e-08      1.821e-07      3.157e-07      6.782e-07      4.259e-07      2.403e-07      8.347e-08      1.048e-08 
 39.50      1.604e-09      8.527e-11      8.232e-11      1.117e-11      2.233e-12      2.547e-13      5.027e-11      2.184e-10      6.998e-08      1.398e-07      2.437e-07      5.379e-07      3.348e-07      1.875e-07      6.470e-08      7.905e-09 
 40.00      1.210e-09      6.033e-11      5.837e-11      7.764e-12      1.549e-12      1.657e-13      3.573e-11      1.553e-10      5.427e-08      1.073e-07      1.881e-07      4.266e-07      2.632e-07      1.463e-07      5.015e-08      5.967e-09 
 40.50      9.126e-10      4.270e-11      4.140e-11      5.400e-12      1.075e-12      1.078e-13      2.540e-11      1.104e-10      4.210e-08      8.243e-08      1.453e-07      3.384e-07      2.069e-07      1.142e-07      3.889e-08      4.504e-09 
 41.00      6.885e-10      3.023e-11      2.937e-11      3.756e-12      7.467e-13      7.020e-14      1.806e-11      7.856e-11      3.266e-08      6.331e-08      1.123e-07      2.685e-07      1.627e-07      8.911e-08      3.015e-08      3.400e-09 
 41.50      5.196e-10      2.141e-11      2.084e-11      2.613e-12      5.187e-13      4.571e-14      1.284e-11      5.589e-11      2.533e-08      4.863e-08      8.676e-08      2.130e-07      1.280e-07      6.956e-08      2.338e-08      2.567e-09 
 42.00      3.921e-10      1.516e-11      1.479e-11      1.819e-12      3.604e-13      2.978e-14      9.137e-12      3.977e-11      1.966e-08      3.737e-08      6.709e-08      1.690e-07      1.007e-07      5.431e-08      1.814e-08      1.939e-09 
