*
* Overschrijdingskansen potentiele windsnelheid Vlissingen. Met statistische onzekerheid.
* WTI2017: 12-uursmaxima, gegeven windrichting
*
* Door: K.A. Wojciechowska van HKV lijn in water
* Project: PR3280.10
*
* u (m/s)   30              60              90              120             150             180             210             240             270             300             330             360
  0.00      1.000e+00      1.000e+00      1.000e+00      1.000e+00      1.000e+00      1.000e+00      1.000e+00      1.000e+00      1.000e+00      1.000e+00      1.000e+00      1.000e+00 
  2.00      9.827e-01      9.884e-01      9.951e-01      9.894e-01      9.918e-01      9.968e-01      9.969e-01      9.975e-01      9.977e-01      9.960e-01      9.978e-01      9.826e-01 
  2.50      9.585e-01      9.793e-01      9.797e-01      9.690e-01      9.791e-01      9.901e-01      9.935e-01      9.938e-01      9.936e-01      9.852e-01      9.806e-01      9.565e-01 
  3.00      8.970e-01      9.414e-01      9.516e-01      9.435e-01      9.540e-01      9.792e-01      9.850e-01      9.833e-01      9.812e-01      9.532e-01      9.387e-01      9.121e-01 
  3.50      8.340e-01      8.983e-01      9.073e-01      8.927e-01      9.131e-01      9.585e-01      9.747e-01      9.734e-01      9.668e-01      9.272e-01      8.940e-01      8.604e-01 
  4.00      7.316e-01      8.162e-01      8.307e-01      8.075e-01      8.506e-01      9.222e-01      9.555e-01      9.498e-01      9.398e-01      8.892e-01      8.262e-01      7.742e-01 
  4.50      6.557e-01      7.453e-01      7.665e-01      7.205e-01      7.761e-01      8.850e-01      9.294e-01      9.252e-01      9.133e-01      8.479e-01      7.728e-01      7.040e-01 
  5.00      5.716e-01      6.563e-01      6.893e-01      6.309e-01      7.036e-01      8.443e-01      8.937e-01      8.878e-01      8.688e-01      7.879e-01      6.920e-01      6.106e-01 
  5.50      4.993e-01      5.714e-01      6.070e-01      5.314e-01      6.128e-01      7.925e-01      8.549e-01      8.533e-01      8.224e-01      7.354e-01      6.220e-01      5.410e-01 
  6.00      4.178e-01      4.868e-01      5.289e-01      4.570e-01      5.349e-01      7.435e-01      8.168e-01      8.179e-01      7.836e-01      6.736e-01      5.466e-01      4.650e-01 
  6.50      3.563e-01      4.233e-01      4.424e-01      3.783e-01      4.426e-01      6.775e-01      7.648e-01      7.716e-01      7.411e-01      6.140e-01      4.901e-01      4.024e-01 
  7.00      2.885e-01      3.454e-01      3.634e-01      3.040e-01      3.634e-01      6.096e-01      7.074e-01      7.257e-01      6.927e-01      5.437e-01      4.278e-01      3.401e-01 
  7.50      2.283e-01      2.702e-01      2.874e-01      2.319e-01      2.918e-01      5.394e-01      6.494e-01      6.785e-01      6.435e-01      4.822e-01      3.643e-01      2.821e-01 
  8.00      1.797e-01      2.138e-01      2.254e-01      1.715e-01      2.359e-01      4.778e-01      5.979e-01      6.349e-01      5.947e-01      4.245e-01      2.990e-01      2.259e-01 
  8.50      1.436e-01      1.652e-01      1.722e-01      1.217e-01      1.875e-01      4.138e-01      5.400e-01      5.866e-01      5.436e-01      3.694e-01      2.420e-01      1.801e-01 
  9.00      1.095e-01      1.254e-01      1.317e-01      8.011e-02      1.441e-01      3.535e-01      4.814e-01      5.384e-01      4.944e-01      3.129e-01      1.883e-01      1.408e-01 
  9.50      7.792e-02      9.349e-02      1.004e-01      5.439e-02      1.067e-01      2.967e-01      4.238e-01      4.884e-01      4.453e-01      2.635e-01      1.482e-01      1.095e-01 
 10.00      5.373e-02      6.856e-02      7.227e-02      3.937e-02      8.112e-02      2.419e-01      3.657e-01      4.403e-01      3.985e-01      2.216e-01      1.207e-01      8.296e-02 
 10.50      3.688e-02      4.846e-02      4.980e-02      2.887e-02      6.364e-02      1.960e-01      3.152e-01      3.999e-01      3.571e-01      1.857e-01      9.886e-02      6.105e-02 
 11.00      2.531e-02      3.306e-02      3.267e-02      2.119e-02      4.826e-02      1.588e-01      2.727e-01      3.630e-01      3.192e-01      1.518e-01      7.872e-02      4.462e-02 
 11.50      1.738e-02      2.234e-02      2.036e-02      1.556e-02      3.515e-02      1.291e-01      2.350e-01      3.257e-01      2.808e-01      1.213e-01      6.097e-02      3.260e-02 
 12.00      1.192e-02      1.509e-02      1.247e-02      1.142e-02      2.530e-02      1.030e-01      1.990e-01      2.881e-01      2.413e-01      9.620e-02      4.686e-02      2.383e-02 
 12.50      8.137e-03      1.019e-02      7.625e-03      8.383e-03      1.819e-02      7.963e-02      1.649e-01      2.519e-01      2.048e-01      7.586e-02      3.599e-02      1.742e-02 
 13.00      5.438e-03      6.885e-03      4.685e-03      6.137e-03      1.308e-02      6.023e-02      1.335e-01      2.171e-01      1.748e-01      5.950e-02      2.764e-02      1.273e-02 
 13.50      3.488e-03      4.651e-03      2.930e-03      4.451e-03      9.411e-03      4.531e-02      1.059e-01      1.840e-01      1.499e-01      4.669e-02      2.123e-02      9.305e-03 
 14.00      2.146e-03      3.139e-03      1.900e-03      3.174e-03      6.768e-03      3.444e-02      8.332e-02      1.529e-01      1.276e-01      3.674e-02      1.631e-02      6.777e-03 
 14.50      1.292e-03      2.115e-03      1.278e-03      2.228e-03      4.863e-03      2.614e-02      6.546e-02      1.244e-01      1.080e-01      2.895e-02      1.253e-02      4.885e-03 
 15.00      7.741e-04      1.422e-03      8.762e-04      1.552e-03      3.483e-03      1.942e-02      5.138e-02      9.999e-02      9.139e-02      2.283e-02      9.623e-03      3.459e-03 
 15.50      4.636e-04      9.550e-04      6.037e-04      1.079e-03      2.480e-03      1.419e-02      4.017e-02      7.995e-02      7.641e-02      1.800e-02      7.366e-03      2.405e-03 
 16.00      2.777e-04      6.414e-04      4.164e-04      7.504e-04      1.755e-03      1.030e-02      3.087e-02      6.357e-02      6.264e-02      1.419e-02      5.593e-03      1.656e-03 
 16.50      1.665e-04      4.308e-04      2.872e-04      5.219e-04      1.238e-03      7.478e-03      2.288e-02      5.021e-02      5.056e-02      1.119e-02      4.192e-03      1.137e-03 
 17.00      9.982e-05      2.895e-04      1.982e-04      3.630e-04      8.723e-04      5.428e-03      1.623e-02      3.931e-02      4.034e-02      8.827e-03      3.103e-03      7.801e-04 
 17.50      5.988e-05      1.946e-04      1.368e-04      2.526e-04      6.147e-04      3.939e-03      1.115e-02      3.050e-02      3.169e-02      6.960e-03      2.278e-03      5.354e-04 
 18.00      3.594e-05      1.308e-04      9.442e-05      1.758e-04      4.332e-04      2.858e-03      7.548e-03      2.356e-02      2.447e-02      5.482e-03      1.668e-03      3.675e-04 
 18.50      2.158e-05      8.796e-05      6.519e-05      1.223e-04      3.054e-04      2.070e-03      5.093e-03      1.825e-02      1.865e-02      4.302e-03      1.220e-03      2.524e-04 
 19.00      1.296e-05      5.916e-05      4.502e-05      8.517e-05      2.153e-04      1.496e-03      3.439e-03      1.422e-02      1.413e-02      3.352e-03      8.929e-04      1.733e-04 
 19.50      7.788e-06      3.981e-05      3.110e-05      5.931e-05      1.518e-04      1.079e-03      2.330e-03      1.111e-02      1.069e-02      2.584e-03      6.534e-04      1.191e-04 
 20.00      4.682e-06      2.679e-05      2.149e-05      4.131e-05      1.071e-04      7.764e-04      1.592e-03      8.703e-03      8.091e-03      1.969e-03      4.783e-04      8.182e-05 
 20.50      2.816e-06      1.803e-05      1.485e-05      2.878e-05      7.556e-05      5.582e-04      1.103e-03      6.817e-03      6.124e-03      1.488e-03      3.501e-04      5.623e-05 
 21.00      1.694e-06      1.214e-05      1.027e-05      2.006e-05      5.332e-05      4.013e-04      7.756e-04      5.340e-03      4.638e-03      1.120e-03      2.564e-04      3.866e-05 
 21.50      1.020e-06      8.179e-06      7.099e-06      1.398e-05      3.763e-05      2.885e-04      5.529e-04      4.182e-03      3.519e-03      8.410e-04      1.877e-04      2.658e-05 
 22.00      6.140e-07      5.510e-06      4.910e-06      9.744e-06      2.657e-05      2.074e-04      3.974e-04      3.274e-03      2.679e-03      6.316e-04      1.375e-04      1.828e-05 
 22.50      3.699e-07      3.713e-06      3.396e-06      6.795e-06      1.876e-05      1.492e-04      2.866e-04      2.558e-03      2.049e-03      4.744e-04      1.007e-04      1.258e-05 
 23.00      2.229e-07      2.503e-06      2.350e-06      4.739e-06      1.325e-05      1.073e-04      2.070e-04      1.993e-03      1.575e-03      3.563e-04      7.380e-05      8.654e-06 
 23.50      1.344e-07      1.687e-06      1.626e-06      3.306e-06      9.358e-06      7.719e-05      1.496e-04      1.547e-03      1.216e-03      2.677e-04      5.408e-05      5.956e-06 
 24.00      8.106e-08      1.138e-06      1.126e-06      2.306e-06      6.611e-06      5.554e-05      1.081e-04      1.195e-03      9.412e-04      2.011e-04      3.964e-05      4.100e-06 
 24.50      4.891e-08      7.676e-07      7.794e-07      1.610e-06      4.672e-06      3.997e-05      7.811e-05      9.193e-04      7.297e-04      1.511e-04      2.906e-05      2.823e-06 
 25.00      2.952e-08      5.179e-07      5.397e-07      1.124e-06      3.302e-06      2.877e-05      5.646e-05      7.054e-04      5.661e-04      1.136e-04      2.130e-05      1.945e-06 
 25.50      1.783e-08      3.495e-07      3.738e-07      7.844e-07      2.334e-06      2.072e-05      4.082e-05      5.405e-04      4.392e-04      8.539e-05      1.562e-05      1.340e-06 
 26.00      1.077e-08      2.359e-07      2.590e-07      5.478e-07      1.651e-06      1.492e-05      2.952e-05      4.139e-04      3.409e-04      6.419e-05      1.146e-05      9.230e-07 
 26.50      6.509e-09      1.593e-07      1.795e-07      3.826e-07      1.167e-06      1.074e-05      2.135e-05      3.170e-04      2.646e-04      4.826e-05      8.403e-06      6.361e-07 
 27.00      3.935e-09      1.076e-07      1.244e-07      2.673e-07      8.257e-07      7.738e-06      1.545e-05      2.428e-04      2.054e-04      3.629e-05      6.164e-06      4.385e-07 
 27.50      2.380e-09      7.269e-08      8.625e-08      1.868e-07      5.841e-07      5.575e-06      1.118e-05      1.859e-04      1.594e-04      2.730e-05      4.523e-06      3.024e-07 
 28.00      1.440e-09      4.912e-08      5.981e-08      1.305e-07      4.133e-07      4.017e-06      8.087e-06      1.424e-04      1.238e-04      2.053e-05      3.319e-06      2.085e-07 
 28.50      8.716e-10      3.320e-08      4.148e-08      9.125e-08      2.926e-07      2.895e-06      5.853e-06      1.091e-04      9.612e-05      1.545e-05      2.436e-06      1.438e-07 
 29.00      5.277e-10      2.244e-08      2.878e-08      6.380e-08      2.071e-07      2.087e-06      4.237e-06      8.360e-05      7.464e-05      1.162e-05      1.788e-06      9.925e-08 
 29.50      3.197e-10      1.518e-08      1.997e-08      4.462e-08      1.466e-07      1.505e-06      3.068e-06      6.406e-05      5.797e-05      8.744e-06      1.313e-06      6.849e-08 
 30.00      1.937e-10      1.027e-08      1.386e-08      3.121e-08      1.038e-07      1.085e-06      2.221e-06      4.909e-05      4.503e-05      6.581e-06      9.642e-07      4.728e-08 
 30.50      1.174e-10      6.945e-09      9.619e-09      2.184e-08      7.355e-08      7.825e-07      1.609e-06      3.763e-05      3.498e-05      4.953e-06      7.081e-07      3.264e-08 
 31.00      7.121e-11      4.700e-09      6.679e-09      1.528e-08      5.211e-08      5.644e-07      1.165e-06      2.884e-05      2.718e-05      3.729e-06      5.201e-07      2.254e-08 
 31.50      4.320e-11      3.181e-09      4.638e-09      1.070e-08      3.692e-08      4.072e-07      8.443e-07      2.211e-05      2.112e-05      2.807e-06      3.821e-07      1.557e-08 
 32.00      2.622e-11      2.154e-09      3.222e-09      7.487e-09      2.617e-08      2.938e-07      6.118e-07      1.695e-05      1.641e-05      2.114e-06      2.808e-07      1.076e-08 
 32.50      1.592e-11      1.459e-09      2.238e-09      5.242e-09      1.855e-08      2.121e-07      4.434e-07      1.300e-05      1.275e-05      1.592e-06      2.063e-07      7.433e-09 
 33.00      9.667e-12      9.880e-10      1.555e-09      3.671e-09      1.315e-08      1.531e-07      3.214e-07      9.971e-06      9.911e-06      1.199e-06      1.517e-07      5.138e-09 
 33.50      5.873e-12      6.694e-10      1.081e-09      2.572e-09      9.325e-09      1.105e-07      2.330e-07      7.648e-06      7.704e-06      9.032e-07      1.115e-07      3.552e-09 
 34.00      3.570e-12      4.536e-10      7.515e-10      1.802e-09      6.614e-09      7.979e-08      1.690e-07      5.866e-06      5.989e-06      6.805e-07      8.196e-08      2.456e-09 
 34.50      2.170e-12      3.075e-10      5.226e-10      1.263e-09      4.692e-09      5.763e-08      1.225e-07      4.501e-06      4.656e-06      5.127e-07      6.027e-08      1.699e-09 
 35.00      1.320e-12      2.085e-10      3.634e-10      8.850e-10      3.329e-09      4.162e-08      8.888e-08      3.453e-06      3.621e-06      3.864e-07      4.433e-08      1.175e-09 
 35.50      8.031e-13      1.414e-10      2.528e-10      6.204e-10      2.362e-09      3.007e-08      6.448e-08      2.650e-06      2.815e-06      2.912e-07      3.260e-08      8.130e-10 
 36.00      4.888e-13      9.590e-11      1.759e-10      4.350e-10      1.677e-09      2.173e-08      4.678e-08      2.033e-06      2.190e-06      2.195e-07      2.399e-08      5.626e-10 
 36.50      2.976e-13      6.506e-11      1.224e-10      3.051e-10      1.190e-09      1.570e-08      3.395e-08      1.561e-06      1.703e-06      1.655e-07      1.765e-08      3.894e-10 
 37.00      1.813e-13      4.415e-11      8.520e-11      2.140e-10      8.451e-10      1.135e-08      2.464e-08      1.198e-06      1.325e-06      1.248e-07      1.299e-08      2.696e-10 
 37.50      1.104e-13      2.997e-11      5.932e-11      1.501e-10      6.002e-10      8.205e-09      1.789e-08      9.197e-07      1.031e-06      9.408e-08      9.558e-09      1.867e-10 
 38.00      6.730e-14      2.035e-11      4.130e-11      1.053e-10      4.263e-10      5.932e-09      1.299e-08      7.062e-07      8.019e-07      7.095e-08      7.036e-09      1.293e-10 
 38.50      4.102e-14      1.382e-11      2.877e-11      7.394e-11      3.028e-10      4.290e-09      9.431e-09      5.422e-07      6.240e-07      5.351e-08      5.180e-09      8.958e-11 
 39.00      2.501e-14      9.385e-12      2.004e-11      5.190e-11      2.152e-10      3.103e-09      6.850e-09      4.164e-07      4.856e-07      4.037e-08      3.814e-09      6.207e-11 
 39.50      1.525e-14      6.376e-12      1.396e-11      3.644e-11      1.529e-10      2.245e-09      4.976e-09      3.198e-07      3.779e-07      3.046e-08      2.809e-09      4.302e-11 
 40.00      9.292e-15      4.333e-12      9.730e-12      2.559e-11      1.087e-10      1.624e-09      3.615e-09      2.457e-07      2.942e-07      2.298e-08      2.069e-09      2.982e-11 
 40.50      5.658e-15      2.945e-12      6.782e-12      1.798e-11      7.728e-11      1.175e-09      2.627e-09      1.887e-07      2.290e-07      1.734e-08      1.524e-09      2.068e-11 
 41.00      3.441e-15      2.002e-12      4.728e-12      1.263e-11      5.495e-11      8.505e-10      1.909e-09      1.450e-07      1.783e-07      1.309e-08      1.123e-09      1.434e-11 
 41.50      2.087e-15      1.361e-12      3.297e-12      8.874e-12      3.908e-11      6.157e-10      1.388e-09      1.114e-07      1.388e-07      9.880e-09      8.273e-10      9.945e-12 
 42.00      1.261e-15      9.260e-13      2.299e-12      6.236e-12      2.780e-11      4.457e-10      1.009e-09      8.562e-08      1.081e-07      7.458e-09      6.097e-10      6.900e-12 
